# Fix print output for fix totenergy
-13593.6288832578
-13593.5725822596
-13593.4296114591
-13593.221417218
-13593.0071270618
-13592.8562839502
-13592.6345509406
-13592.3880570983
-13592.0466906437
-13591.5398368756
-13591.16887096
-13590.8317300702
-13590.5751669119
-13590.3219294972
-13589.8878070546
-13589.985194121
-13590.8640690574
-13591.8153391816
-13592.2657313851
-13592.6466902318
-13593.0839803851
-13593.5721378259
-13594.0101934556
-13594.2987417025
-13594.4379039356
-13594.4675422989
-13594.4706223138
-13594.4485677036
-13594.3449957287
-13594.1351582848
-13593.9162024736
-13593.7364307069
-13593.6252285931
-13593.5499171144
-13593.2904409119
-13592.5481543151
-13591.1062008423
-13590.5145673114
-13590.7697088444
-13591.2856927912
-13591.7028201905
-13591.9786503937
-13592.3701484117
-13592.7517581879
-13593.2474347252
-13593.7338337197
-13593.9778660825
-13594.0160460172
-13594.032775131
-13594.0694423956
-13594.013634397
-13593.9580706222
-13593.9399498528
-13593.9832122296
-13593.9770810584
-13593.9968396656
-13593.872738247
-13593.5659440769
-13592.9069075757
-13592.0215742402
-13591.3503335118
-13591.2814579421
-13591.4303171013
-13591.6070058322
-13591.7826152079
-13592.2333303638
-13592.6258044862
-13592.9508614048
-13593.0630077758
-13593.1490207216
-13593.2240202882
-13593.2795902304
-13593.3233002468
-13593.3260210214
-13593.3714329559
-13593.5230224817
-13593.9364846729
-13594.5693124543
-13594.9253896628
-13594.9858328531
-13595.0087048361
-13595.0437284881
-13595.0569068539
-13595.0638023242
-13595.0353205371
-13594.9841751703
-13594.9075181546
-13594.8040235886
-13594.6970385087
-13594.617386753
-13594.5162718173
-13594.307377341
-13594.057989232
-13593.9007281334
-13593.8692535572
-13593.8815600709
-13593.8500467446
-13593.7642742538
-13593.5852511499
-13593.3065021845
-13593.1075527249
-13593.0444498083
-13592.9980441921
-13592.9611160683
-13592.8859448484
-13592.9755756419
-13593.1362582208
-13593.2176443664
-13593.2542974674
-13593.4571437863
-13593.9032614392
-13594.4053582998
-13594.6597079298
-13594.7624216512
-13594.8060180041
-13594.8416196646
-13594.8554876819
-13594.85034346
-13594.8076410824
-13594.6960766661
-13594.413792268
-13593.877799679
-13593.3321371049
-13592.8898856551
-13592.7112081406
-13592.4987533021
-13592.0558373869
-13592.0615398819
-13592.7329140266
-13593.1285187964
-13593.2949423699
-13593.4653943942
-13593.5667594415
-13593.6610776182
-13593.6898269122
-13593.7088141443
-13593.7075811629
-13593.7397660216
-13593.7939757229
-13594.0103963427
-13594.1608816355
-13594.2232015429
-13594.3394175867
-13594.4641579323
-13594.6678080908
-13594.8290950343
-13594.9145997675
-13594.9710476119
-13595.0266542081
-13595.063979939
-13595.0814937776
-13595.078099093
-13595.0645844039
-13594.959889581
-13594.5692153329
-13593.9131499728
-13593.3254684913
-13593.1095565866
-13592.9788193816
-13592.7499522956
-13592.4947279953
-13592.4879232563
-13592.669064788
-13592.8226613124
-13592.9531394362
-13593.2479064991
-13593.6523495563
-13593.9500907129
-13594.0877830089
-13594.2109913589
-13594.3390878782
-13594.5454783061
-13594.7621915546
-13594.8855880756
-13594.9584140942
-13595.059871134
-13595.2065876096
-13595.3000951817
-13595.3432649416
-13595.3553712561
-13595.3546701881
-13595.3439728609
-13595.3075357273
-13595.266495732
-13595.2319768474
-13595.2160622436
-13595.1906486921
-13595.1006472902
-13594.9941328627
-13594.8894887504
-13594.826922296
-13594.7723128752
-13594.653863665
-13594.4684094371
-13594.2544427059
-13594.1016456123
-13593.9664202951
-13593.8862963151
-13593.6276084708
-13593.2389437616
-13593.0368700803
-13593.0335171484
-13593.0575577305
-13593.0327837639
-13592.9615847558
-13593.1544148849
-13593.3730964582
-13593.4849103774
-13593.780438356
-13594.3938053128
-13594.9453205574
-13595.1508215009
-13595.1781989479
-13595.1834256619
-13595.1817498119
-13595.1479240906
-13595.1028946736
-13595.0507237482
-13595.0207601974
-13594.9712372324
-13594.8033440779
-13594.5551775888
-13594.3340716851
-13594.1563438643
-13594.0225196984
-13593.8744818226
-13593.693716539
-13593.6234149885
-13593.5441808016
-13593.5187218032
-13593.4846404901
-13593.3252860323
-13592.9698340885
-13592.5828386396
-13592.3797264089
-13592.3426104677
-13592.3251498459
-13592.6462489141
-13593.4193366374
-13594.0361480999
-13594.1651249827
-13594.2690328077
-13594.4424638251
-13594.6254994212
-13594.7659939444
-13594.8216408454
-13594.8304423571
-13594.8187296664
-13594.7507506313
-13594.6241555678
-13594.4310490191
-13594.2344200755
-13593.9570083517
-13593.4023509609
-13592.8458815316
-13592.6786365564
-13592.6744460152
-13592.6040814938
-13592.5288899948
-13592.4895883258
-13592.7695642699
-13592.9432742377
-13592.9678881854
-13593.1175196478
-13593.3786241901
-13593.8474047549
-13594.2454512147
-13594.3963983042
-13594.4291125315
-13594.4622077527
-13594.5044174406
-13594.5490400306
-13594.6103481023
-13594.6620798472
-13594.7064127045
-13594.7483857088
-13594.7506500453
-13594.7408230127
-13594.7063466493
-13594.6326393468
-13594.447071037
-13594.0965569426
-13593.7261637152
-13593.5102737986
-13593.4397246173
-13593.3454200414
-13592.7938693844
-13592.2544389906
-13592.3332969513
-13592.6951833365
-13592.9582336605
-13593.1795272062
-13593.4113758872
-13593.5744078633
-13593.6467011671
-13593.6881975673
-13593.7292062485
-13593.7764728548
-13593.8511697138
-13593.9758594815
-13594.2923360444
-13594.6529682423
-13594.8697751866
-13594.9384552631
-13594.9697392999
-13594.9979720588
-13595.0048152912
-13595.0055694447
-13594.9749461456
-13594.9056298376
-13594.7926138959
-13594.6360535777
-13594.4811252173
-13594.314242697
-13594.1984473089
-13594.1179671866
-13593.9638896924
-13593.6934167856
-13593.5091506997
-13593.5385583754
-13593.6910347367
-13593.7992794745
-13593.8133605468
-13593.7959033403
-13593.7298952767
-13593.5176135089
-13593.2999539591
-13593.1223111502
-13593.1140113395
-13593.1909438962
-13593.3674768273
-13593.466328388
-13593.5091951124
-13593.5586828006
-13593.65696634
-13593.8261685296
-13594.1246993337
-13594.3946977164
-13594.5768045849
-13594.6993804742
-13594.7734500778
-13594.8123873993
-13594.8230369503
-13594.828988317
-13594.8025018857
-13594.7216932163
-13594.5380491649
-13594.2757723684
-13593.836916581
-13593.3613557054
-13592.9086996516
-13592.5288932608
-13592.1114070679
-13591.9071962219
-13591.837023761
-13591.8478461285
-13591.8376381013
-13591.7846223149
-13591.7408056315
-13591.9314316957
-13592.4060555748
-13592.8418655476
-13593.1536877854
-13593.4981297786
-13593.851372705
-13594.1167587152
-13594.3064852308
-13594.391629842
-13594.4077166846
-13594.4431204866
-13594.3897294378
-13594.372474185
-13594.3098019716
-13594.1911573759
-13594.008194365
-13593.780851401
-13593.5605057675
-13593.4313350304
-13593.3113540054
-13593.2319711218
-13593.0741850069
-13592.7821929093
-13592.6586696309
-13592.6808999265
-13592.7578911123
-13592.7618151724
-13592.7195927378
-13592.8064404988
-13592.9977469778
-13593.135794855
-13593.1848061708
-13593.2386706867
-13593.4406796762
-13593.8539753637
-13594.2630679109
-13594.4881347695
-13594.5862345055
-13594.6422792415
-13594.6794401963
-13594.6863819917
-13594.6757405547
-13594.6505035427
-13594.5810499798
-13594.4370237271
-13594.2583126761
-13594.0271744308
-13593.8244623677
-13593.749887829
-13593.5860207392
-13593.3330813658
-13592.9898562465
-13592.8064780232
-13592.7578766236
-13592.7476025578
-13592.7633229744
-13592.7611679446
-13592.6815163978
-13592.7793150211
-13592.8972170626
-13593.0197781965
-13593.1937731906
-13593.5643581497
-13594.0159464868
-13594.3585051974
-13594.4888079981
-13594.5001169218
-13594.46890655
-13594.5166666769
-13594.5036953066
-13594.4494823966
-13594.3300063721
-13594.1429974607
-13593.9849534773
-13593.8229950681
-13593.6752009314
-13593.2745366034
-13592.8084326804
-13592.5638392256
-13592.5423090853
-13592.5286530324
-13592.4952736057
-13592.5040731517
-13592.6989140255
-13593.0152367721
-13593.1595500589
-13593.2399433513
-13593.2956016779
-13593.3896962903
-13593.5409000058
-13593.8636569714
-13594.1462530948
-13594.3023662171
-13594.349956515
-13594.4429498417
-13594.4773635178
-13594.4917644842
-13594.5341787292
-13594.5628524776
-13594.5777640623
-13594.5694673254
-13594.5186999067
-13594.4135280997
-13594.2988305464
-13594.1198262976
-13593.8831346634
-13593.5652243634
-13593.2399318652
-13592.991139731
-13592.742959065
-13592.4874294824
-13592.3272204802
-13592.2935996438
-13592.3491330797
-13592.4041239903
-13592.4009562811
-13592.4130960424
-13592.5491729805
-13592.7190612403
-13593.0379931684
-13593.3773451223
-13593.7991257053
-13594.1209281055
-13594.2931615107
-13594.4244834328
-13594.4323478649
-13594.446936413
-13594.3867763915
-13594.343002898
-13594.2255826769
-13594.1425074884
-13593.9668175405
-13593.7510636675
-13593.4081196363
-13592.7029008393
-13591.9715914092
-13591.658911532
-13591.6413284851
-13591.6791744182
-13591.7263349079
-13591.8793061038
-13592.4119310413
-13593.3144501608
-13594.093540605
-13594.4694191585
-13594.6058501499
-13594.6418715287
-13594.6620959575
-13594.6509969187
-13594.6118028111
-13594.5229090726
-13594.4012288055
-13594.2745429856
-13594.1562157043
-13594.0501493549
-13593.7576501139
-13593.0543406084
-13592.0954478734
-13591.9082629843
-13591.9864796413
-13592.1560899519
-13592.2354286015
-13592.4332342249
-13592.6598916305
-13592.9773530878
-13593.4472925176
-13593.8939717562
-13594.1386308151
-13594.2390652121
-13594.27073138
-13594.2809333074
-13594.2701688132
-13594.2518807704
-13594.2442021453
-13594.2393719417
-13594.2287929029
-13594.1785033043
-13594.0993075342
-13593.9443307283
-13593.8152691972
-13593.7431251211
-13593.7363376721
-13593.7335835721
-13593.7303083506
-13593.7016332316
-13593.6316401105
-13593.5339117121
-13593.4456953171
-13593.4662281396
-13593.61675355
-13593.8223348717
-13593.8694857998
-13593.9077478875
-13593.8717813573
-13593.940789793
-13594.1040246266
-13594.3234973528
-13594.4786524845
-13594.5633892681
-13594.6087984504
-13594.6564649108
-13594.7034297602
-13594.7619281114
-13594.8184726904
-13594.845775533
-13594.8590481421
-13594.847301573
-13594.8247554025
-13594.7716484707
-13594.597345419
-13594.0607863667
-13593.3511560237
-13592.8932357032
-13592.6876566607
-13592.6313036782
-13592.5636496181
-13592.4096335056
-13592.2531014335
-13592.4293581174
-13592.7952951254
-13593.1391288936
-13593.5577356015
-13594.017680813
-13594.3563435131
-13594.5751920273
-13594.6773395926
-13594.7513839766
-13594.7766701571
-13594.7825909781
-13594.7548982832
-13594.7312856124
-13594.6784707913
-13594.5579113086
-13594.3725168731
-13594.1683566882
-13593.9973884075
-13593.8049036687
-13593.5743984276
-13593.2971440708
-13593.0071567877
-13592.7844503839
-13592.6084708578
-13592.5863811615
-13592.6876886997
-13593.0114986943
-13593.2758998207
-13593.5064970638
-13593.7653291664
-13594.0678264427
-13594.4082006771
-13594.618352168
-13594.7407304937
-13594.7910559026
-13594.7958379688
-13594.778021603
-13594.7139832337
-13594.6096537813
-13594.4600315258
-13594.2528628002
-13593.90039135
-13593.458325904
-13593.1369342067
-13592.9744044156
-13592.8476223783
-13592.7300546349
-13592.4982384993
-13592.6794058719
-13593.1956248373
-13593.423084231
-13593.4732118835
-13593.4737823243
-13593.4597261098
-13593.4684416838
-13593.5710811617
-13593.7345175044
-13593.8921576451
-13593.9907251444
-13594.0292165333
-13594.0006110181
-13593.9984952384
-13594.0227688394
-13593.9804912343
-13593.9348630032
-13593.9299382159
-13593.9283013677
-13593.8983373674
-13593.7791051931
-13593.3521922547
-13592.8981445257
-13592.6713281054
-13592.6783407629
-13592.6871806267
-13592.6729803092
-13592.7214040085
-13592.8012118273
-13593.1204977532
-13593.5617424422
-13594.0016729802
-13594.3334214254
-13594.5184842075
-13594.613182194
-13594.6760856921
-13594.708988441
-13594.7445371734
-13594.7438602451
-13594.7378365492
-13594.707629323
-13594.679093405
-13594.5940137038
-13594.1571406746
-13592.9971981188
-13592.2402689216
-13592.1411383075
-13592.1913681127
-13592.2167605913
-13592.2868892543
-13592.5331744069
-13592.7970852274
-13593.212679556
-13593.8014004786
-13594.2989865347
-13594.4968422186
-13594.490490714
-13594.504960135
-13594.5580785612
-13594.5347240295
-13594.4936080263
-13594.4794315499
-13594.4502380009
-13594.417428307
-13594.3022205633
-13593.9334587653
-13593.0272214058
-13591.5152387507
-13590.3216509542
-13590.0652025622
-13590.3394628286
-13590.7447449325
-13591.0809966234
-13591.5334818547
-13591.8426497138
-13592.0933175798
-13592.1997110477
-13592.2990796278
-13592.5477753423
-13592.9378981516
-13593.5538896945
-13594.1236709264
-13594.4620981623
-13594.5904517468
-13594.6300287065
-13594.6462329467
-13594.6406690199
-13594.6081194592
-13594.5456245758
-13594.4638887281
-13594.3704749375
-13594.2507218438
-13593.9736727894
-13593.2517551897
-13592.1623179982
-13591.5753041666
-13591.4413845163
-13591.3745432049
-13591.2980856252
-13591.7105487291
-13592.7645968858
-13593.4469036148
-13593.7859988715
-13593.9703275232
-13594.1107471507
-13594.1405975348
-13594.1099559776
-13594.0705173988
-13593.9614549964
-13593.755111777
-13593.6440211816
-13593.6601321995
-13593.7294822432
-13593.7855046277
-13593.7721094909
-13593.5945467837
-13593.2766557361
-13593.010033253
-13593.10589009
-13593.3385494487
-13593.5479447997
-13593.5969807938
-13593.6149685642
-13593.6725333329
-13593.6745057899
-13593.66074201
-13593.6230483203
-13593.535434347
-13593.4104771376
-13593.1797195945
-13592.9914835235
-13592.8434582951
-13592.5772271985
-13592.2608142154
-13592.1228118155
-13592.2550316009
-13592.5992898248
-13593.1856788339
-13593.7389410391
-13594.0979103716
-13594.2143673944
-13594.219297166
-13594.2668453578
-13594.3120327529
-13594.396345514
-13594.4549408224
-13594.4298990122
-13594.4706003078
-13594.3932864879
-13594.3518775977
-13593.9831519338
-13593.0666082512
-13592.0955889403
-13591.5871502747
-13591.6074192299
-13591.9873426195
-13592.3471244633
-13592.6068003735
-13592.8382900176
-13593.1756540756
-13593.6434308744
-13594.1674260967
-13594.4421743413
-13594.5508871588
-13594.5725520213
-13594.5892760822
-13594.559837578
-13594.5175717025
-13594.4530384136
-13594.3664436354
-13594.2299029031
-13593.9977037358
-13593.6133567471
-13592.9894441703
-13591.7906013575
-13590.3600121103
-13589.7649796974
-13589.9387350963
-13590.0388765449
-13590.3194044075
-13590.9122872594
-13591.9847276805
-13592.9249001549
-13593.5194982362
-13593.8780954846
-13594.0734952201
-13594.1708425778
-13594.2328473953
-13594.250331771
-13594.2871190697
-13594.2861829059
-13594.2951406945
-13594.2825664492
-13594.2004285449
-13594.1795108848
-13593.9134121277
-13593.1524916088
-13592.1310819195
-13591.5686105416
-13591.4674871558
-13591.4847251668
-13591.4647377367
-13591.824013716
-13592.4041069177
-13593.2587305032
-13594.0635703468
-13594.5582838125
-13594.7294241671
-13594.7958878941
-13594.7931204269
-13594.7845761608
-13594.7058038913
-13594.6009455534
-13594.4667524391
-13594.3395653395
-13594.2137769422
-13594.0232924551
-13593.6904198903
-13593.247882538
-13592.8900577586
-13592.7083217487
-13592.6968454152
-13592.7371805871
-13592.7849424625
-13592.9219621629
-13592.9891348847
-13593.0047574219
-13592.9893713506
-13593.0035455868
-13593.0849330055
-13593.357711693
-13593.5900293266
-13593.6826313623
-13593.7115609872
-13593.7169439354
-13593.7438454515
-13593.7774691822
-13593.779268137
-13593.7075950701
-13593.7452842161
-13593.7976056746
-13593.8329424604
-13593.7951821936
-13593.8232574845
-13593.7146991765
-13593.5456242951
-13593.479117589
-13593.4601551335
-13593.4375936493
-13593.3129277867
-13593.1149392284
-13592.9444829839
-13592.8723245488
-13592.8406998166
-13592.9745495365
-13593.1297376903
-13593.3050008002
-13593.4520267656
-13593.6593670399
-13593.8657698545
-13594.1550136496
-13594.431612374
-13594.6572761243
-13594.7897758168
-13594.8299754093
-13594.853154187
-13594.866564522
-13594.8760124781
-13594.8676944025
-13594.8138943342
-13594.7238332796
-13594.5372077293
-13594.1385610691
-13593.5881768235
-13593.102125271
-13592.8833692172
-13592.5899335528
-13592.4154481864
-13592.5442355864
-13592.7999770794
-13592.9760195014
-13593.0814509009
-13593.2868082721
-13593.6796488704
-13594.1365103927
-13594.4192385787
-13594.5382421757
-13594.6122713987
-13594.6741146372
-13594.733168806
-13594.7672395429
-13594.7731327619
-13594.7473092171
-13594.6408892213
-13594.2675547556
-13593.5094904105
-13592.7906020092
-13592.4098938962
-13592.1047373418
-13591.5801387609
-13591.8481280139
-13592.4526705493
-13592.7418484084
-13592.8929312376
-13593.1548123588
-13593.5935039796
-13593.9802555335
-13594.2049355893
-13594.311750611
-13594.4001855026
-13594.4814574591
-13594.5457885344
-13594.5831039792
-13594.5804066394
-13594.5312225982
-13594.2895699345
-13593.6613114662
-13592.6531954942
-13591.6934103039
-13591.1543252381
-13590.7124534852
-13590.3120981086
-13590.4539051021
-13590.986499243
-13591.32591199
-13591.5023653969
-13591.5972467278
-13591.7819885093
-13592.0488316466
-13592.2604343551
-13592.4290829864
-13592.499492279
-13592.5327931263
-13592.6060726923
-13592.6920677027
-13592.8695826809
-13593.1031089701
-13593.2885749673
-13593.4273675059
-13593.5479597863
-13593.686593625
-13593.7683565594
-13593.8042765931
-13593.7950761921
-13593.7423861265
-13593.7039216502
-13593.7830972011
-13593.8360317973
-13593.8759829055
-13593.8834819012
-13593.9117252575
-13593.8598481195
-13593.8095290745
-13593.7909309075
-13593.7555513884
-13593.6563536283
-13593.4734675648
-13593.411463194
-13593.3382599773
-13593.1574491772
-13593.0168861694
-13592.8472251256
-13592.9076246007
-13592.9907549619
-13593.0139517777
-13593.1610054033
-13593.3808037438
-13593.7651159279
-13594.1449678473
-13594.3124925075
-13594.4387840693
-13594.5337118512
-13594.663873748
-13594.7637713012
-13594.8530990373
-13594.8874099012
-13594.8939229252
-13594.875865412
-13594.802868538
-13594.5672580392
-13594.0935712144
-13593.4350043252
-13592.8558714137
-13592.4589760647
-13592.2149196552
-13592.1617495022
-13592.094571568
-13592.0825285884
-13592.2789510584
-13592.8809270015
-13593.708725633
-13594.1326258948
-13594.2823006679
-13594.352332855
-13594.3257498938
-13594.3660562716
-13594.3282489675
-13594.265118369
-13594.1951166516
-13594.1266751236
-13594.061856698
-13593.9937713462
-13593.9730585117
-13593.8991109526
-13593.7311387306
-13593.3010469756
-13592.2889556084
-13590.7550733221
-13589.8301493989
-13589.7194303434
-13589.9806526479
-13590.7321583861
-13591.897353087
-13592.8102574606
-13593.2978694929
-13593.5392368508
-13593.7368405299
-13593.9286433423
-13594.0799979937
-13594.2466560807
-13594.2790347256
-13594.2894498539
-13594.276578796
-13594.2216866828
-13593.9735109671
-13593.5857215975
-13593.1234954186
-13592.7238520166
-13592.3448321057
-13591.9533161735
-13591.4931020922
-13591.40015272
-13592.0681674095
-13593.3259980754
-13594.2583772365
-13594.6475486051
-13594.7757196365
-13594.8090237187
-13594.8251107454
-13594.8106238167
-13594.7629021661
-13594.647677682
-13594.4546304634
-13594.2658056778
-13594.0854814517
-13593.9082532443
-13593.7929888181
-13593.5366976705
-13593.0500792271
-13592.6379608784
-13592.5157507465
-13592.454695825
-13592.3918246999
-13592.6513102043
-13593.0611668132
-13593.3719126473
-13593.4689561404
-13593.4964735524
-13593.5524473938
-13593.6659470322
-13593.8772963758
-13593.9604969297
-13593.9912770076
-13594.0387245465
-13594.060578846
-13593.9868526448
-13593.9756504331
-13593.9510400442
-13593.8911242914
-13593.8026995602
-13593.8180151996
-13593.8918211093
-13593.9190448163
-13593.9092869354
-13593.8953209316
-13593.6925198869
-13593.5941196956
-13593.6005813642
-13593.6234595237
-13593.6247474635
-13593.5898887629
-13593.5586675141
-13593.5586966487
-13593.5052649695
-13593.470714507
-13593.2962549354
-13592.9782530888
-13592.9132414139
-13593.0704009708
-13593.0931798124
-13593.1924526896
-13593.3041701659
-13593.5488267214
-13593.8094500398
-13593.8910549261
-13593.9949786283
-13594.2022205683
-13594.4226587799
-13594.647155696
-13594.7572621021
-13594.7909582544
-13594.8191429451
-13594.8549115528
-13594.8963427908
-13594.9385223663
-13594.9460340574
-13594.9289789592
-13594.8605555238
-13594.7026992235
-13594.4459415063
-13594.1655963527
-13593.9167186131
-13593.8294713285
-13593.5313989404
-13593.1057694898
-13592.8243427987
-13592.8325657452
-13592.8645637719
-13592.8866982626
-13592.9259279231
-13593.0831722122
-13593.4377323811
-13593.6370119621
-13593.7490504793
-13594.1223257017
-13594.5100501097
-13594.7900636423
-13594.8785213312
-13594.8988741344
-13594.9265723525
-13594.9493597382
-13594.9406976487
-13594.927766215
-13594.8971952505
-13594.8463646021
-13594.5312426189
-13593.5127462171
-13592.3445967981
-13591.9900889868
-13591.8791499513
-13591.7270696262
-13591.9825133018
-13592.7397771594
-13593.2318725085
-13593.3455473879
-13593.3985415973
-13593.5618447266
-13593.7589789673
-13594.010935537
-13594.1973255772
-13594.2839773448
-13594.3496989575
-13594.437999306
-13594.5505272081
-13594.6566198202
-13594.6862555811
-13594.6954235189
-13594.7040451176
-13594.6821249642
-13594.6461843658
-13594.5870209733
-13594.5330556686
-13594.4284905714
-13594.0780866133
-13593.4988314415
-13593.0501947912
-13592.8163281229
-13592.7313104102
-13592.3627244942
-13592.0194376118
-13592.3782172077
-13592.7436324872
-13592.83701817
-13592.9487081849
-13593.2750673676
-13593.7429475317
-13594.0442370033
-13594.1546394189
-13594.2233803767
-13594.3178691725
-13594.4441005866
-13594.567569084
-13594.6145005542
-13594.6272582957
-13594.6529478581
-13594.7211627855
-13594.796544142
-13594.8545541608
-13594.865243139
-13594.855305616
-13594.7866614578
-13594.6646186554
-13594.4956825657
-13594.3511474343
-13594.2375440144
-13594.0160420876
-13593.4547868962
-13593.0108189441
-13592.7535422216
-13592.7467582533
-13592.5971331984
-13592.42919404
-13592.3918857884
-13592.5858084608
-13592.8380582213
-13592.9668620593
-13593.2654848953
-13593.8506798292
-13594.4416430179
-13594.7496321917
-13594.8252116095
-13594.8582016346
-13594.8673369199
-13594.8625472401
-13594.8445207608
-13594.817213796
-13594.7784738684
-13594.7157880441
-13594.5896939436
-13594.4605389326
-13594.3598983432
-13594.2479474619
-13594.247300009
-13594.1124393435
-13593.8767196644
-13593.7547127168
-13593.6747779998
-13593.7444269478
-13593.636888556
-13593.4840317839
-13593.458884106
-13593.5132292266
-13593.4781285861
-13593.5104624476
-13593.5091344135
-13593.6209120664
-13593.7548360114
-13593.8380020933
-13593.9668098506
-13594.3007820554
-13594.6593929293
-13594.9298074757
-13595.0548395878
-13595.0892101036
-13595.1006913981
-13595.0874871966
-13595.0586635365
-13595.0182156745
-13594.9427864621
-13594.8186085108
-13594.5655510742
-13594.1388726769
-13593.7955335104
-13593.5601464725
-13593.4662564347
-13593.4169213208
-13593.3401408657
-13593.2181507849
-13593.0524741977
-13592.9051315356
-13592.8062677349
-13592.8589383997
-13593.0298684235
-13593.311550497
-13593.7925989186
-13594.0114751463
-13594.2089045672
-13594.3418303165
-13594.5167191793
-13594.7423966598
-13594.8956778672
-13594.9774601535
-13595.0066538351
-13595.0110126414
-13594.9930055383
-13594.9463407478
-13594.790997951
-13594.3587173262
-13593.5040611845
-13592.5871367506
-13592.2598410366
-13592.2101329683
-13592.1789662099
-13592.1021881251
-13592.1665327631
-13592.3798208758
-13592.7065905458
-13592.8519196589
-13593.0024362261
-13593.2229048744
-13593.5785198596
-13594.0769915383
-13594.4978808364
-13594.7006469891
-13594.7785411431
-13594.7900848369
-13594.793582456
-13594.7748497918
-13594.704325059
-13594.568197852
-13594.3908249772
-13594.1279731949
-13593.7402724796
-13593.4273860922
-13592.9106226261
-13592.4366611554
-13592.1944188517
-13592.1683639807
-13592.1617383705
-13592.1383332516
-13592.080030131
-13591.9936177345
-13592.0079954396
-13592.3627491605
-13592.9947160022
-13593.6788044543
-13594.0681114285
-13594.3912935344
-13594.4678361537
-13594.4850107805
-13594.5033371435
-13594.4968428137
-13594.4637657908
-13594.423610085
-13594.3630049775
-13594.2911922568
-13594.2193159405
-13594.0451485905
-13593.6406676037
-13592.7333862792
-13591.5033338911
-13590.8222810015
-13590.5316411432
-13590.7286715127
-13591.114610902
-13591.6754733017
-13592.0127101305
-13592.16924511
-13592.3075292236
-13592.4705418134
-13592.8566114495
-13593.527708805
-13594.1165049156
-13594.4394064116
-13594.5214038684
-13594.5154568046
-13594.5186065268
-13594.5345555175
-13594.4666905321
-13594.3332135694
-13594.1727966632
-13594.0193605147
-13593.8595762661
-13593.7668676779
-13593.6609209369
-13593.3690304763
-13592.5766045242
-13590.3368916712
-13589.2990046709
-13590.2904297376
-13591.260129973
-13591.6567624532
-13591.9879554305
-13592.249417949
-13592.4047103739
-13592.6470741153
-13592.8347531478
-13593.0384560582
-13593.3401595081
-13593.6374928263
-13593.9622751354
-13594.104943404
-13594.2089855327
-13594.2319647653
-13594.2465083012
-13594.1957993229
-13594.1426783876
-13594.025519306
-13593.8195524602
-13593.4645435513
-13592.7726827091
-13591.9633091708
-13591.3154693421
-13590.9388778435
-13591.170491751
-13591.9842053073
-13593.0519541274
-13593.8207579247
-13594.2747363456
-13594.3930366487
-13594.39740092
-13594.415626986
-13594.3950741156
-13594.3376609759
-13594.275673546
-13594.2065008464
-13594.1762132687
-13594.1074779034
-13594.023593968
-13593.7736719585
-13592.9963342284
-13592.2287462976
-13591.6500513219
-13591.3268271715
-13591.4449252465
-13591.8733232218
-13592.453173826
-13592.6632594662
-13592.8789378672
-13593.0169645662
-13593.158880541
-13593.4785579304
-13593.7471451302
-13593.8870905898
-13594.0061177767
-13594.0056630232
-13594.0853526571
-13594.1127696474
-13594.0929991131
-13594.1252977354
-13594.0094382668
-13593.8024342098
-13593.405076423
-13592.7867241932
-13592.1932353057
-13591.737190289
-13591.1057041198
-13590.5516918418
-13590.5057370228
-13591.1892750303
-13591.6575342049
-13592.1685690713
-13592.6483728787
-13593.3578820258
-13593.9875505672
-13594.2167992693
-13594.3180728902
-13594.3299301635
-13594.3223559487
-13594.2920630043
-13594.271616976
-13594.2166684916
-13594.1625937566
-13594.0383319547
-13593.796879292
-13593.5556571487
-13593.0419958945
-13592.5529734344
-13592.0149507527
-13590.556298034
-13590.0113864788
-13590.4740610907
-13591.0545688314
-13591.2272811754
-13591.8447849414
-13592.5525762142
-13593.1837869354
-13593.4704669643
-13593.5543112155
-13593.6266913979
-13593.7329812916
-13593.8026338292
-13593.8843194089
-13593.9271786426
-13593.9530381383
-13593.9739333356
-13594.0036847292
-13594.071615373
-13594.122299499
-13594.1041630206
-13594.0584487047
-13593.9117189824
-13593.7530903001
-13593.6547177368
-13593.5080730004
-13593.4382220336
-13593.1912512968
-13592.6725186448
-13592.2435402132
-13591.9373205596
-13591.8710570031
-13591.8147130242
-13592.0781733126
-13592.8230262236
-13593.3801894064
-13593.6846921547
-13593.8910922318
-13594.1962167428
-13594.4126236932
-13594.5526188891
-13594.6030832928
-13594.5560876016
-13594.581029959
-13594.5268797538
-13594.4189671823
-13594.3001752016
-13594.2002935104
-13594.0459573901
-13593.825360005
-13593.5421945286
-13593.4130271803
-13593.3269745715
-13593.1259950762
-13592.9038165588
-13592.8415945376
-13593.0377783388
-13593.1024443227
-13593.2377520857
-13593.314331857
-13593.4001497616
-13593.6143377114
-13593.7404233372
-13593.788667275
-13593.7967714336
-13593.7641798497
-13593.7600928443
-13593.7731871361
-13593.7790611315
-13593.7681796556
-13593.7389670808
-13593.6975028126
-13593.6696491308
-13593.6817717804
-13593.680051071
-13593.6471284034
-13593.5673431846
-13593.4447773669
-13593.3952423298
-13593.4415203045
-13593.4642215772
-13593.4695874108
-13593.5263733758
-13593.5394218561
-13593.6705443201
-13593.7543824935
-13593.883748587
-13594.064715288
-13594.2291301171
-13594.4029594493
-13594.4469962965
-13594.5148657538
-13594.6027891987
-13594.7013974961
-13594.7976228533
-13594.8535794115
-13594.8663190393
-13594.8597071611
-13594.83011638
-13594.703353129
-13594.5067753158
-13594.1720847874
-13593.705191709
-13593.2821171733
-13592.7627434724
-13592.4344989878
-13592.2748201382
-13592.1732162912
-13592.1320409702
-13591.9889647007
-13592.0588913087
-13592.3890723587
-13592.85952178
-13593.1285962249
-13593.5843330707
-13594.1835916599
-13594.600088071
-13594.836566957
-13594.8739035236
-13594.8817153084
-13594.8641867563
-13594.8385567621
-13594.7542844781
-13594.7001850378
-13594.6232808194
-13594.4966599264
-13594.2810405709
-13594.0180961634
-13593.8090572943
-13593.6291440545
-13593.340777624
-13593.0101866987
-13592.7604269164
-13592.8478499236
-13592.8982867911
-13593.005295584
-13593.0430274789
-13593.1850430405
-13593.3030664337
-13593.3799928351
-13593.5144008425
-13593.7209372291
-13594.1201691346
-13594.5936122867
-13594.9347907249
-13595.1070081544
-13595.1434414355
-13595.1569806736
-13595.1603557975
-13595.142639976
-13595.0958140419
-13595.0526774804
-13594.963687136
-13594.8696461458
-13594.7661128677
-13594.5511127693
-13594.3703154484
-13594.1726025505
-13593.9688865825
-13593.8349868065
-13593.6087363147
-13593.5187796847
-13593.4289745609
-13593.3705564867
-13593.2740394071
-13592.9865041093
-13592.9511548314
-13593.1224998882
-13593.4156265902
-13593.5758571588
-13593.8203328901
-13594.0252387289
-13594.2394382768
-13594.4670051505
-13594.5636978919
-13594.6948522034
-13594.7912209348
-13594.8342891037
-13594.85967319
-13594.8939313523
-13594.8257837542
-13594.7946213275
-13594.6731166476
-13594.2575831363
-13593.5655609814
-13592.7521372652
-13592.3783081155
-13592.2888072556
-13592.2888935556
-13592.2886999718
-13592.2850622852
-13592.265810768
-13592.3485953282
-13592.3631711366
-13592.3587559899
-13592.2556159717
-13592.187175109
-13592.0823771659
-13592.0243506498
-13591.9693970778
-13591.8300628061
-13591.5555974529
-13591.3601140844
-13591.7259281087
-13592.8862036626
-13593.8037579089
-13594.2401421617
-13594.3312146135
-13594.4617511856
-13594.5022011731
-13594.4975925452
-13594.5157163751
-13594.515778299
-13594.4867967033
-13594.4545896874
-13594.3892974775
-13594.2598295589
-13594.0978565236
-13593.727283188
-13593.098033416
-13592.4704132191
-13592.3645676334
-13592.5212536014
-13592.6180654905
-13592.6521415718
-13592.7780297257
-13592.9941927379
-13593.3255959262
-13593.5814768898
-13593.7965781802
-13593.9866250209
-13594.1751637144
-13594.3058915191
-13594.3968724973
-13594.4990251182
-13594.5253729328
-13594.6200784629
-13594.7430937771
-13594.8876233584
-13594.9709909657
-13595.0442839677
-13595.1041414832
-13595.1542201937
-13595.1753691861
-13595.1786489914
-13595.1650643429
-13595.1242101063
-13595.0312898539
-13594.8925426527
-13594.7009310438
-13594.5198581975
-13594.3467010697
-13594.1475170207
-13593.917823054
-13593.7935876208
-13593.6702472404
-13593.4952453627
-13593.3919793999
-13593.310757905
-13593.3455429896
-13593.271577223
-13593.2078616642
-13593.0586440977
-13592.8162969641
-13592.7351344941
-13592.9278884467
-13593.2721105515
-13593.5501973145
-13593.7555839331
-13593.9810623179
-13594.2264014802
-13594.4854981173
-13594.7148223782
-13594.8322565119
-13594.8985876238
-13594.9127922806
-13594.9103056435
-13594.8947651244
-13594.8192929226
-13594.52273622
-13593.8927810381
-13592.8767903826
-13592.1979296128
-13591.9747754259
-13591.8253037435
-13591.7073430565
-13591.6802518339
-13592.0901927431
-13592.7128622469
-13593.3566498139
-13593.7325098357
-13593.8604460573
-13593.8765382643
-13593.8872116177
-13593.8508139621
-13593.8357730272
-13593.8723498947
-13593.9623061685
-13594.0424255807
-13594.114740185
-13594.1849504856
-13594.1657839776
-13594.1779347687
-13594.1696649495
-13594.226310733
-13594.2785386163
-13594.2599072684
-13594.3063969407
-13594.2362344752
-13594.2075725008
-13594.0857856205
-13593.7749670567
-13593.2847231958
-13592.7971322329
-13592.4805375003
-13592.3947268073
-13592.3656464309
-13592.3451265984
-13592.4638244252
-13592.8045388369
-13593.3149082655
-13593.9369079859
-13594.4046230725
-13594.614338358
-13594.7083454706
-13594.7783671511
-13594.7839115027
-13594.7899531781
-13594.7572210304
-13594.719398837
-13594.6593778292
-13594.5860310087
-13594.4328993518
-13594.2121775736
-13593.894046877
-13593.5911205178
-13593.4046970964
-13593.3154421009
-13593.2785992917
-13593.2037743261
-13593.1232473242
-13593.1062424584
-13593.310724067
-13593.5584147034
-13593.7495644296
-13593.8818015527
-13593.8751204882
-13593.8731869482
-13593.870070348
-13593.8521787675
-13593.9525382191
-13594.1047900657
-13594.2232212146
-13594.2143901463
-13594.316600672
-13594.438630727
-13594.6030289793
-13594.8094232201
-13594.9411614106
-13595.0226861023
-13595.0412898959
-13595.0486669977
-13595.044667211
-13595.0221357791
-13594.9216916346
-13594.6658545772
-13594.2306637104
-13593.7238465565
-13593.3479374286
-13593.173883993
-13593.0174914622
-13592.832104155
-13592.6426420717
-13592.5851277841
-13592.7369766356
-13592.8276277533
-13593.0015724774
-13593.1899639496
-13593.5316886973
-13593.7984534543
-13594.102155324
-13594.3137074927
-13594.4427165039
-13594.553675714
-13594.6332011411
-13594.7176882826
-13594.83743473
-13594.9848545305
-13595.1323196571
-13595.2345045507
-13595.2791617748
-13595.3101897831
-13595.3233160919
-13595.3320107679
-13595.3203168472
-13595.3003282153
-13595.2587474839
-13595.207068563
-13595.1240718791
-13595.0411376594
-13594.9789235157
-13594.9230384855
-13594.8726130728
-13594.7915373478
-13594.6711326886
-13594.4966867833
-13594.3144371546
-13594.1752739387
-13594.0210363455
-13593.7814953007
-13593.5703052274
-13593.2194861728
-13592.9111276089
-13592.5945968599
-13592.6904814688
-13592.8518531833
-13592.9673363242
-13593.0228947423
-13593.1274081438
-13593.3449332914
-13593.7322854275
-13594.0678871643
-13594.476949045
-13594.7950863511
-13594.9877584099
-13595.0771306206
-13595.0926536747
-13595.0916134922
-13595.0654444213
-13594.9933815655
-13594.8869412715
-13594.7649352247
-13594.6677384972
-13594.5410186488
-13594.303893844
-13594.0484902591
-13593.8827995598
-13593.8041926114
-13593.7322020649
-13593.5836858125
-13593.4670825288
-13593.4532550836
-13593.5148685373
-13593.531669166
-13593.5288243805
-13593.5011041502
-13593.5449467466
-13593.6509629481
-13593.7047725432
-13593.8312979496
-13593.9363980554
-13594.1470169136
-13594.3989587993
-13594.5948086078
-13594.7004898636
-13594.7638307714
-13594.8227288559
-13594.885581838
-13594.9136834854
-13594.924210327
-13594.9054216272
-13594.8165881939
-13594.5441054026
-13594.1550662232
-13593.6682996251
-13593.3911467277
-13593.2001320893
-13592.8236391354
-13592.6025802865
-13592.6249372428
-13592.7162619955
-13592.8490683618
-13592.9975692815
-13593.2057283691
-13593.5279186649
-13593.7721862383
-13593.9580716093
-13594.1326397874
-13594.3727010524
-13594.5173256466
-13594.6877310976
-13594.7678764694
-13594.8388700889
-13594.9292658622
-13595.0553510453
-13595.2181508259
-13595.3012605725
-13595.3377948908
-13595.3486464208
-13595.3539126208
-13595.3436002114
-13595.3391965573
-13595.3197592509
-13595.3124754781
-13595.2703528808
-13595.2144502247
-13595.1600495005
-13595.1212424703
-13595.0976993085
-13595.0775176745
-13595.0097972937
-13594.8776082409
-13594.7159246362
-13594.5470799745
-13594.4205592884
-13594.236806955
-13594.0024657658
-13593.7213165947
-13593.4902870105
-13593.3034455428
-13593.085461735
-13592.9397314406
-13592.9902185451
-13593.1394944145
-13593.1862537814
-13593.2181308288
-13593.2246964277
-13593.233978128
-13593.1410069362
-13592.9494151712
-13592.7168745833
-13592.680050198
-13592.7668631221
-13593.0203610776
-13593.279872019
-13593.6048717257
