# Fix print output for fix totenergy
-13595.9582858465
-13595.9582546831
-13595.9581226164
-13595.9576474969
-13595.9563017668
-13595.9534391282
-13595.9492906087
-13595.9440595794
-13595.9367822452
-13595.9250543261
-13595.9046079165
-13595.8678370345
-13595.8024634414
-13595.6912673308
-13595.515183205
-13595.2615566438
-13594.9394450041
-13594.6004289729
-13594.3481753495
-13594.3021616778
-13594.5135589226
-13594.9118899924
-13595.3560214786
-13595.7351478594
-13596.0131574346
-13596.2032801239
-13596.3307070038
-13596.4150209999
-13596.4677646666
-13596.4945621461
-13596.4976895732
-13596.4777703909
-13596.4331295406
-13596.3518136776
-13596.1913194661
-13595.8846794673
-13595.5228967285
-13594.9258220344
-13593.93902993
-13593.3755070316
-13594.5962621926
-13596.1793735917
-13596.9916367193
-13597.2987034777
-13597.4113926675
-13597.4527883467
-13597.4636792654
-13597.4536357164
-13597.4173537447
-13597.3384846882
-13597.1890693078
-13596.932102878
-13596.5472611108
-13596.0864813415
-13595.696949182
-13595.534471124
-13595.6338930949
-13595.8965541616
-13596.1924353974
-13596.4429306166
-13596.6281733671
-13596.759141696
-13596.8552027375
-13596.9361632297
-13597.0219320669
-13597.1216840285
-13597.2128975017
-13597.2752725909
-13597.3151967779
-13597.342135549
-13597.3590476579
-13597.3631019373
-13597.3451342497
-13597.2873398084
-13597.1600637746
-13596.9258090161
-13596.5673182925
-13596.1367000159
-13595.7490543178
-13595.5315223405
-13595.3962175522
-13594.7992026461
-13593.4556168937
-13593.6176460461
-13595.1256934323
-13596.1392222311
-13596.4909781741
-13596.5834931796
-13596.6006813707
-13596.5887719998
-13596.5574372032
-13596.5063586479
-13596.4290237124
-13596.3116437254
-13596.1332044224
-13595.8728274264
-13595.5300442436
-13595.1486030826
-13594.819117837
-13594.6423100804
-13594.666956001
-13594.8568362453
-13595.1218866295
-13595.379230482
-13595.5863218699
-13595.73623854
-13595.8393805082
-13595.9098995096
-13595.9596302622
-13595.9967199603
-13596.0253348077
-13596.0466157274
-13596.0609893647
-13596.0697427675
-13596.0744972402
-13596.0765652019
-13596.0763318443
-13596.0730924221
-13596.0639297654
-13596.0407900846
-13595.987336173
-13595.8863142286
-13595.7387318726
-13595.5581782334
-13595.3528176618
-13595.1317316146
-13594.9210042092
-13594.7713797666
-13594.7447428125
-13594.8792959331
-13595.1575726211
-13595.5106586044
-13595.8587397669
-13596.1508131277
-13596.3738974472
-13596.537812476
-13596.6579903649
-13596.7471540614
-13596.8137229389
-13596.8631251912
-13596.8993320326
-13596.9254335412
-13596.9412272155
-13596.9379840137
-13596.9042001951
-13596.8414608306
-13596.7527876467
-13596.5684322044
-13596.1209421936
-13595.4968928743
-13595.2743335098
-13595.7319875912
-13596.4078232424
-13596.8593058424
-13597.0741084391
-13597.1733699829
-13597.2251565816
-13597.2500358843
-13597.2503095704
-13597.2222049165
-13597.1564572688
-13597.030796165
-13596.792670642
-13596.3383516445
-13595.5815289299
-13594.7374656397
-13594.3208740179
-13594.4789099923
-13594.8739575797
-13595.2104564105
-13595.4210617045
-13595.5384512446
-13595.5990865132
-13595.6236639062
-13595.6215635273
-13595.595682791
-13595.5444754284
-13595.4621398269
-13595.3373855734
-13595.1513390497
-13594.8762856332
-13594.4828748282
-13593.9776191746
-13593.494129244
-13593.3632513179
-13593.869150565
-13594.7170970517
-13595.3230625493
-13595.5984013435
-13595.7091677909
-13595.7544554156
-13595.7702626091
-13595.7676683691
-13595.7474963333
-13595.7030560515
-13595.6175624476
-13595.4605585384
-13595.1956513954
-13594.8254122637
-13594.4472734335
-13594.2101409284
-13594.1869220083
-13594.3317489795
-13594.5482971256
-13594.7610919587
-13594.9353228939
-13595.064159204
-13595.1525911042
-13595.2078887867
-13595.23610656
-13595.2409437859
-13595.223900689
-13595.1835724461
-13595.1137531495
-13594.9955790467
-13594.771292406
-13594.2766433777
-13593.2407272065
-13591.9182407234
-13591.7710012033
-13593.1956311617
-13594.5411659762
-13595.167112426
-13595.4139459111
-13595.5189619686
-13595.5648026514
-13595.5777299632
-13595.5643115353
-13595.5212009754
-13595.4356193773
-13595.2823730218
-13595.02366772
-13594.6296299886
-13594.1423908516
-13593.7401266154
-13593.6600778229
-13593.9806562048
-13594.5361045742
-13595.0723775115
-13595.4357991297
-13595.6257665413
-13595.7101013849
-13595.7420312182
-13595.7478715408
-13595.739086286
-13595.7196151316
-13595.6884153552
-13595.6405816277
-13595.5674548227
-13595.4564488854
-13595.2928508478
-13595.0670050826
-13594.7894141527
-13594.5060977878
-13594.2957125702
-13594.233473631
-13594.342916091
-13594.5818385127
-13594.8754471352
-13595.159367794
-13595.397770759
-13595.5784792522
-13595.7028248001
-13595.7801385831
-13595.8240239764
-13595.8476045874
-13595.8599463098
-13595.8661789539
-13595.8687509903
-13595.8681769683
-13595.8616469795
-13595.8330590372
-13595.7285626957
-13595.5067536499
-13595.219617141
-13594.8958338651
-13594.5506053617
-13594.2434351389
-13594.0773166708
-13594.1323363879
-13594.3865473491
-13594.7253671978
-13595.0353146408
-13595.2662330807
-13595.4198783095
-13595.5157555762
-13595.5717775545
-13595.5990509693
-13595.6019180233
-13595.5773548775
-13595.5107425233
-13595.3639030429
-13595.0543397172
-13594.4709019555
-13593.6639224133
-13593.0817046478
-13593.1900546287
-13593.8398487765
-13594.5229021247
-13594.9723234918
-13595.2060587641
-13595.3117746955
-13595.3508024255
-13595.3535748237
-13595.3320930625
-13595.2894416307
-13595.2247682414
-13595.1357394969
-13595.0206350524
-13594.8809290751
-13594.7245536204
-13594.5696457419
-13594.4469216187
-13594.4001554003
-13594.4815203533
-13594.7195694767
-13595.053999076
-13595.3561935298
-13595.5559590146
-13595.6673379137
-13595.7255989793
-13595.7545335429
-13595.7656091245
-13595.762464257
-13595.7423265732
-13595.6926963937
-13595.5802499425
-13595.3358944672
-13594.8969374366
-13594.3680922698
-13594.011661479
-13593.9620215059
-13594.1517703595
-13594.443597
-13594.7311234906
-13594.9649734537
-13595.1364112751
-13595.2541568044
-13595.3300592132
-13595.3733922507
-13595.3892337402
-13595.3772729054
-13595.3276621961
-13595.2068242099
-13594.9165173474
-13594.2320538456
-13592.9859125252
-13591.901990222
-13592.2671049413
-13593.6542189716
-13594.7097480628
-13595.1892172067
-13595.3811352994
-13595.4596408972
-13595.4873881105
-13595.4839919127
-13595.4530944956
-13595.3902427003
-13595.2842190248
-13595.1172232113
-13594.8692588211
-13594.535050797
-13594.158940154
-13593.8651025267
-13593.8257214132
-13594.1483017463
-13594.7418471284
-13595.2946069334
-13595.5968647709
-13595.7184598999
-13595.7642036216
-13595.7797682042
-13595.7799143593
-13595.7677522934
-13595.7408885212
-13595.6918194069
-13595.6074750756
-13595.4716873606
-13595.2775358547
-13595.0461143117
-13594.826546921
-13594.6674149794
-13594.5921558048
-13594.5982428105
-13594.666782292
-13594.7723647062
-13594.8912201866
-13595.0060063012
-13595.1070330909
-13595.1908429522
-13595.2580205814
-13595.3113415202
-13595.3543113895
-13595.3887278292
-13595.4109839644
-13595.4115383468
-13595.3788974038
-13595.299803365
-13595.156884054
-13594.9313249579
-13594.6201200574
-13594.2702560361
-13594.0014387992
-13593.9577515905
-13594.1879908451
-13594.5861494288
-13594.984547645
-13595.2826334416
-13595.4710723603
-13595.5803641384
-13595.640510257
-13595.6700407828
-13595.6774842174
-13595.6629932771
-13595.6137353326
-13595.4804217616
-13595.0983679814
-13594.1539601274
-13592.9060522278
-13592.4889893048
-13593.0902004829
-13593.9394385826
-13594.564099091
-13594.9393783181
-13595.1564085959
-13595.283007644
-13595.3554331041
-13595.3913576433
-13595.3981680408
-13595.3763900752
-13595.3196281825
-13595.211218175
-13595.0163121182
-13594.6720149547
-13594.1038388859
-13593.3558847324
-13592.8251325376
-13593.0916553567
-13594.0886056308
-13595.0012711365
-13595.4416271506
-13595.6047154668
-13595.6637740752
-13595.6817472191
-13595.6768636416
-13595.6519094453
-13595.6015718685
-13595.513145232
-13595.3658422176
-13595.1362784631
-13594.820639602
-13594.4708498952
-13594.2008955843
-13594.1196321047
-13594.2435714536
-13594.4916888449
-13594.7589690157
-13594.9788842799
-13595.1311593714
-13595.2212229865
-13595.2626344741
-13595.269981679
-13595.256059674
-13595.2289455177
-13595.1914791714
-13595.1438018546
-13595.0857497689
-13595.0181547208
-13594.9437107268
-13594.8676192586
-13594.7979333703
-13594.7453942862
-13594.7230012004
-13594.7453176598
-13594.8256680878
-13594.9666790717
-13595.1473111636
-13595.327705566
-13595.4751696871
-13595.5797235062
-13595.6471955516
-13595.6871333264
-13595.7065672729
-13595.7080625112
-13595.6882911766
-13595.6333501986
-13595.5067935721
-13595.2328289074
-13594.7295835729
-13594.079537272
-13593.6111234564
-13593.5900582131
-13593.9448605224
-13594.4101174187
-13594.7959345537
-13595.0555633644
-13595.2126861642
-13595.3005047683
-13595.3424203152
-13595.3516597438
-13595.3346510688
-13595.2937555407
-13595.229359451
-13595.141460252
-13595.0317907474
-13594.9057333297
-13594.7735239371
-13594.6489227639
-13594.5455082382
-13594.4770398882
-13594.4815439181
-13594.6226311977
-13594.8756767259
-13595.1353023644
-13595.3355993446
-13595.4693382826
-13595.5518608274
-13595.5983442176
-13595.6178941577
-13595.6134600195
-13595.5813476288
-13595.5091648201
-13595.3715118947
-13595.1284560824
-13594.7453782684
-13594.2560483435
-13593.8269275498
-13593.6891969184
-13593.9316526301
-13594.4066553591
-13594.8839146717
-13595.232685688
-13595.4442244605
-13595.5596097438
-13595.616758756
-13595.6381575623
-13595.6344315067
-13595.6099975319
-13595.5678327306
-13595.5134728776
-13595.4541848294
-13595.3923590829
-13595.3238197191
-13595.2423368425
-13595.1428851176
-13595.0233365122
-13594.8870424888
-13594.7457631682
-13594.6215057786
-13594.5441435943
-13594.5431710175
-13594.6361759
-13594.8190095962
-13595.0603749715
-13595.3064805677
-13595.5064286531
-13595.6409687452
-13595.7209926991
-13595.7657164949
-13595.7894083027
-13595.7998594087
-13595.7997790193
-13595.7865442443
-13595.7465534839
-13595.6334286361
-13595.3326610175
-13594.7811892415
-13594.2263986912
-13593.9396601361
-13593.9683027715
-13594.2239168827
-13594.5675932587
-13594.8870279429
-13595.1329743662
-13595.3034158463
-13595.4144246604
-13595.482537289
-13595.5190847995
-13595.5292480778
-13595.5107618749
-13595.4479233197
-13595.2919024303
-13594.9136086277
-13594.0921473818
-13592.9051830063
-13592.2708122746
-13592.8585118032
-13593.9583981392
-13594.7409618989
-13595.1252709052
-13595.2935791865
-13595.3648101328
-13595.388467896
-13595.3819568853
-13595.3495625242
-13595.2893575304
-13595.1955158557
-13595.0597201907
-13594.8739283964
-13594.637237861
-13594.3689146752
-13594.1250048865
-13594.0080863889
-13594.14198584
-13594.5582826813
-13595.0663915384
-13595.4305411505
-13595.6194381163
-13595.7068751358
-13595.7465931465
-13595.7623656791
-13595.762566686
-13595.7476944861
-13595.7111995141
-13595.6351562195
-13595.48231134
-13595.201978249
-13594.7976337779
-13594.4077050912
-13594.1999163495
-13594.2087500297
-13594.3625810233
-13594.5754310951
-13594.7873631903
-13594.9685203714
-13595.1099876177
-13595.213605721
-13595.2847887275
-13595.3286434395
-13595.3480230615
-13595.3415901079
-13595.2991388013
-13595.1882811998
-13594.9257710758
-13594.3550085423
-13593.3957659493
-13592.5190479297
-13592.6076415297
-13593.6201148747
-13594.612651147
-13595.1578650882
-13595.3995140112
-13595.5038136875
-13595.5461904439
-13595.5541862652
-13595.535729784
-13595.4891484141
-13595.4054126317
-13595.267603281
-13595.0521028419
-13594.7397488892
-13594.3482286241
-13593.9746477258
-13593.7891276145
-13593.9404175233
-13594.4504964707
-13595.1159208415
-13595.5601029915
-13595.7289815462
-13595.7827754714
-13595.799801322
-13595.8017970331
-13595.7934151411
-13595.7728856525
-13595.7334561384
-13595.6618872335
-13595.5381520379
-13595.343981752
-13595.084383382
-13594.8025236493
-13594.5648878159
-13594.4287633856
-13594.417937274
-13594.5163493118
-13594.6810901324
-13594.8657704865
-13595.0376761737
-13595.1817271392
-13595.29594447
-13595.3853478211
-13595.4580227701
-13595.5230586462
-13595.5874262653
-13595.6496056723
-13595.7009805631
-13595.7363810725
-13595.7561768166
-13595.7619772831
-13595.7530473572
-13595.7235188652
-13595.6584085619
-13595.5271466232
-13595.2853136754
-13594.9087554236
-13594.4552664528
-13594.0755664191
-13593.9281663283
-13594.0623243447
-13594.3849518869
-13594.7481972189
-13595.0518072634
-13595.2671405089
-13595.4063442381
-13595.4908630356
-13595.537780354
-13595.556833287
-13595.5496875829
-13595.5023067283
-13595.3470412355
-13594.8355434148
-13593.5238323213
-13591.9553562954
-13591.8340200606
-13593.0841659871
-13594.2681096343
-13594.9094328295
-13595.2127803036
-13595.3617230693
-13595.4373200492
-13595.4712779296
-13595.475009684
-13595.4498307296
-13595.3890803252
-13595.276239204
-13595.0807614044
-13594.7588514176
-13594.282463805
-13593.7277954731
-13593.3597061484
-13593.4994690462
-13594.1710745449
-13594.9581947895
-13595.443495693
-13595.6421728856
-13595.7133263098
-13595.7365383303
-13595.7378524441
-13595.7237682939
-13595.6927317461
-13595.6377718532
-13595.546231866
-13595.4011472167
-13595.1898371499
-13594.9229167785
-13594.6501099519
-13594.44652416
-13594.3696275554
-13594.42449018
-13594.5685298869
-13594.7444489112
-13594.9089050527
-13595.0406630887
-13595.1348091261
-13595.1942492413
-13595.2240022674
-13595.2290311136
-13595.2142062899
-13595.1850210191
-13595.1483030319
-13595.1108591082
-13595.0769174638
-13595.0472481162
-13595.0211440463
-13594.9981119527
-13594.9783609085
-13594.962652078
-13594.9519693772
-13594.9473119591
-13594.9496016913
-13594.9599002882
-13594.9796329611
-13595.0112063817
-13595.0572124463
-13595.1175051345
-13595.1858350702
-13595.2518386092
-13595.305823021
-13595.3413267934
-13595.3541851189
-13595.3401624843
-13595.2925763434
-13595.2001665311
-13595.0466440603
-13594.815471364
-13594.5079025576
-13594.1770253773
-13593.9482447772
-13593.9660951462
-13594.2698523006
-13594.730997083
-13595.1557079716
-13595.4411154424
-13595.599757092
-13595.6804830471
-13595.7189984277
-13595.7332025915
-13595.7298383701
-13595.7081480705
-13595.6590424408
-13595.557258134
-13595.3426077573
-13594.9141467787
-13594.2758889425
-13593.7807715732
-13593.7278799935
-13593.962830936
-13594.2832614123
-13594.5981115005
-13594.8674530646
-13595.0776094682
-13595.2311643801
-13595.3375758686
-13595.4066585725
-13595.4455742028
-13595.4575678659
-13595.4407456124
-13595.3852480225
-13595.2665956943
-13595.0338012707
-13594.6049192982
-13593.9339848783
-13593.2208946496
-13592.9795679197
-13593.5041649074
-13594.400218492
-13595.0887950477
-13595.4329156828
-13595.5737357524
-13595.6254245396
-13595.6368857681
-13595.6249298808
-13595.5929868588
-13595.5378221962
-13595.4516727999
-13595.3237948103
-13595.1443058016
-13594.9141013032
-13594.6587862933
-13594.435303343
-13594.3138835112
-13594.3388091974
-13594.5023318356
-13594.7577253798
-13595.0538518967
-13595.351263281
-13595.6027912112
-13595.7571569034
-13595.8234269244
-13595.8470598558
-13595.8544383979
-13595.8548976948
-13595.8508986745
-13595.8423026299
-13595.8272162186
-13595.8018908018
-13595.7604943513
-13595.6956920849
-13595.6010934866
-13595.4742498229
-13595.3178748147
-13595.1391038837
-13594.9503163928
-13594.7713870093
-13594.6295374967
-13594.5527218632
-13594.5584497445
-13594.6450524284
-13594.79326598
-13594.9763317406
-13595.1703814748
-13595.357938188
-13595.5246551323
-13595.6569287915
-13595.7475285907
-13595.8017060063
-13595.8314377533
-13595.8471029488
-13595.854813248
-13595.8573919944
-13595.8552813264
-13595.8453909039
-13595.8139737648
-13595.7127048191
-13595.4686874826
-13595.1477004894
-13594.8659433392
-13594.6448643833
-13594.4968455311
-13594.4461853373
-13594.5050523609
-13594.6549363153
-13594.8523097205
-13595.0512112575
-13595.2216817743
-13595.3530873336
-13595.4470731948
-13595.5096622938
-13595.5464154327
-13595.5596130842
-13595.5460510575
-13595.4918052289
-13595.3597231972
-13595.0663443142
-13594.4875173926
-13593.6412720763
-13592.9771341728
-13593.0505264697
-13593.7632049978
-13594.5341333321
-13595.0355160472
-13595.291949567
-13595.4092625007
-13595.4556300363
-13595.4628132144
-13595.4433801898
-13595.4007166936
-13595.3335352255
-13595.2385723271
-13595.1129366533
-13594.9577511862
-13594.7829317742
-13594.6112204571
-13594.4775814928
-13594.4226080827
-13594.4874801157
-13594.7132396166
-13595.0856687401
-13595.444146741
-13595.6570265634
-13595.7548535601
-13595.7978042822
-13595.8163906501
-13595.8218984309
-13595.8172754821
-13595.8003377322
-13595.7624593436
-13595.6837354152
-13595.529607264
-13595.2733594651
-13594.9531826617
-13594.6693605887
-13594.4983177486
-13594.4584335543
-13594.5303556363
-13594.6756992906
-13594.8520191822
-13595.0257155466
-13595.1776502774
-13595.3011831351
-13595.3974306009
-13595.4706820589
-13595.525886366
-13595.5667663641
-13595.5939001196
-13595.6022469392
-13595.5800424132
-13595.508153816
-13595.3570158914
-13595.08765009
-13594.6805155846
-13594.2092981236
-13593.89397637
-13593.9756645034
-13594.4536570883
-13595.0584418052
-13595.5393345879
-13595.8385202975
-13596.0067257926
-13596.0984110775
-13596.1449640948
-13596.1602456754
-13596.1476536182
-13596.1033341276
-13596.0168662319
-13595.8705612167
-13595.6382111413
-13595.2860000639
-13594.791566563
-13594.277210031
-13594.3161387688
-13595.3656778821
-13596.5629659434
-13597.2284710868
-13597.5438261806
-13597.7168808102
-13597.8302963916
-13597.9138186282
-13597.9801091975
-13598.0386558376
-13598.1043766216
-13598.2048940596
-13598.3819021221
-13598.6748710533
-13599.0830217283
-13599.5386846444
-13599.9420366326
-13600.2322487048
-13600.4098948512
-13600.5063425416
-13600.5522133436
-13600.5656136671
-13600.5521480412
-13600.540719778
-13600.4504245448
-13600.3011653349
-13600.084868754
-13599.9815831138
-13600.1053657473
-13600.4476814006
-13600.9599425153
-13601.2588389721
-13601.3166314357
-13601.3307210813
-13601.3457986179
-13601.2488584594
-13601.2404364687
-13601.194018549
-13601.0852241425
-13600.9170063816
-13600.7262699527
-13600.5474728249
-13600.3908820709
-13600.2446895068
-13600.0851680761
-13599.8810980761
-13599.5984348031
-13599.2312534799
-13598.8835545077
-13598.7907841116
-13599.0679925832
-13599.5170426968
-13599.8898450651
-13600.1222867515
-13600.2614365858
-13600.3555762969
-13600.4284828398
-13600.4882599748
-13600.5378063302
-13600.5828354277
-13600.6356096903
-13600.7086087791
-13600.8011557424
-13600.9217254282
-13600.9965660237
-13601.0654548292
-13601.1475423435
-13601.2199421626
-13601.3204071454
-13601.4035586284
-13601.4574291647
-13601.4817556099
-13601.4791149066
-13601.445752925
-13601.3669138584
-13601.2155843843
-13600.9539381025
-13600.550315264
-13600.0292336465
-13599.5158790114
-13599.18581281
-13599.142743902
-13599.3543786375
-13599.6990352695
-13600.0579858244
-13600.3669085381
-13600.6110375961
-13600.799353157
-13600.9458481461
-13601.0620017172
-13601.1560376875
-13601.2345946648
-13601.3041857897
-13601.3704749743
-13601.4345186748
-13601.491456112
-13601.5425121675
-13601.5992202954
-13601.6523532171
-13601.6892747779
-13601.7099553483
-13601.7135478841
-13601.6921862119
-13601.6248411258
-13601.4758341365
-13601.2304615404
-13600.9483339036
-13600.7326394355
-13600.6463536107
-13600.6829555518
-13600.7935396218
-13600.9261704953
-13601.0474900939
-13601.1439360363
-13601.2136023189
-13601.2584259368
-13601.2794542227
-13601.2741005121
-13601.233442067
-13601.138355846
-13600.9549975822
-13600.6386230932
-13600.1756512316
-13599.6907338516
-13599.5141533261
-13599.9411074858
-13600.7883562025
-13601.5224831925
-13601.9164407204
-13602.0813159477
-13602.1421345016
-13602.1591466484
-13602.1553425763
-13602.1344911217
-13602.084953287
-13601.9804260318
-13601.7918069762
-13601.524977806
-13601.2652291993
-13601.1499338694
-13601.257409469
-13601.5420067437
-13601.8911292711
-13602.2139820225
-13602.4741047852
-13602.6747873054
-13602.8364146254
-13602.9823777534
-13603.1253486701
-13603.2464699218
-13603.3231213035
-13603.36403757
-13603.3816563047
-13603.3802385553
-13603.3574087474
-13603.3087646931
-13603.2349913863
-13603.149303495
-13603.0751171161
-13603.0193650352
-13602.9264691394
-13602.69932933
-13602.3464403177
-13602.0307537093
-13601.8764586849
-13601.8611360577
-13601.9041750184
-13601.9488312145
-13601.9728013301
-13601.9712536382
-13601.9403608759
-13601.8642200221
-13601.6919618881
-13601.288738292
-13600.4218700485
-13599.2034128185
-13598.8608875124
-13600.221206824
-13601.8100284555
-13602.5165220735
-13602.7166181084
-13602.7388187085
-13602.7388591383
-13602.6776545325
-13602.605758786
-13602.5054915734
-13602.3885806159
-13602.2560424367
-13602.099826085
-13601.9041956098
-13601.6436168977
-13601.2844249376
-13600.8102289805
-13600.294455427
-13599.9605901116
-13600.0453082761
-13600.5315737404
-13601.1390724051
-13601.5822606568
-13601.8158402892
-13601.9391800502
-13602.0149540836
-13602.0611690067
-13602.0839395595
-13602.0992642813
-13602.141641616
-13602.2366229679
-13602.3517922791
-13602.4263259382
-13602.4782025836
-13602.4733333354
-13602.4026815884
-13602.2232964671
-13601.6382742702
-13600.3795758367
-13599.2578733835
-13599.570066966
-13600.6780722301
-13601.4087053799
-13601.6741997608
-13601.7542019808
-13601.7808981783
-13601.7842714117
-13601.7602424035
-13601.6994810126
-13601.6142348276
-13601.564599502
-13601.6268402349
-13601.7910257595
-13601.957336918
-13602.0565374324
-13602.1399119675
-13602.1550311975
-13602.1139950193
-13602.0779213594
-13601.9629743927
-13601.8025428315
-13601.7261354834
-13601.8002747665
-13601.9518428409
-13602.0899439909
-13602.1829048712
-13602.2379451046
-13602.2670561718
-13602.2727321147
-13602.2470994076
-13602.179470738
-13602.0722836623
-13601.952479591
-13601.854901965
-13601.7915458663
-13601.7456399167
-13601.7715494131
-13601.6985617873
-13601.4974308149
-13600.9542756422
-13600.2605109293
-13600.0443440761
-13600.5407741002
-13601.3190448684
-13601.8542777357
-13602.0877090117
-13602.1684171577
-13602.1945388786
-13602.2001601719
-13602.1867077921
-13602.1387739044
-13602.0371950358
-13601.8870924711
-13601.7543677448
-13601.7476053944
-13601.9013156138
-13602.1075105998
-13602.2405574696
-13602.3174279445
-13602.3283182998
-13602.2809624533
-13602.2299028251
-13602.1667100352
-13602.1063848163
-13602.0533810396
-13601.9979587221
-13601.9304853568
-13601.8483603094
-13601.7467224765
-13601.6056070804
-13601.3800452123
-13601.0123325316
-13600.5120472161
-13600.0814770642
-13600.0433624118
-13600.4788742878
-13601.1243273267
-13601.7019925629
-13602.1235611798
-13602.4168321621
-13602.6264041989
-13602.781053691
-13602.893598896
-13602.9659016587
-13602.9967103369
-13603.027279552
-13603.0177603638
-13602.9529970837
-13602.7765090718
-13602.2501918382
-13601.3270355469
-13600.5028890867
-13600.3509523756
-13600.7344955448
-13601.1804394026
-13601.4666993312
-13601.60931356
-13601.6735742782
-13601.6990151871
-13601.7017765412
-13601.6884063445
-13601.6652907306
-13601.6487823586
-13601.677759754
-13601.8136384119
-13602.0910511431
-13602.4333044801
-13602.6946243844
-13602.8245779644
-13602.8821797255
-13602.9344688
-13603.0067250289
-13603.0933071714
-13603.1800830226
-13603.2544097284
-13603.3088329011
-13603.3415379527
-13603.3570495331
-13603.3631713217
-13603.3651622891
-13603.3623676494
-13603.3444316957
-13603.2828419462
-13603.1208593173
-13602.8016319029
-13602.3775592014
-13602.0694398249
-13601.9036279032
-13601.7458015875
-13601.4107445296
-13601.176528621
-13601.3968001119
-13601.8044113149
-13602.1334302336
-13602.3274258053
-13602.4261656245
-13602.4713637895
-13602.4857213587
-13602.4765069612
-13602.4378650153
-13602.3381086679
-13602.052755349
-13601.2188459969
-13599.5702598093
-13598.6948354604
-13599.5826802518
-13600.8162457087
-13601.5418344763
-13601.8643119246
-13601.9961402227
-13602.0463194634
-13602.0591236705
-13602.0465216526
-13602.0004947691
-13601.8989517321
-13601.7131125256
-13601.419985285
-13601.024753582
-13600.5947015383
-13600.2477527916
-13600.054090202
-13599.9917429701
-13600.0223737814
-13600.139697338
-13600.3597287645
-13600.6645426711
-13600.9629215468
-13601.1770113665
-13601.3083772795
-13601.3903689512
-13601.4454708379
-13601.4817787298
-13601.4980369628
-13601.4876542973
-13601.4401787318
-13601.3382465846
-13601.1433271715
-13600.7680438352
-13600.1078806016
-13599.3928461004
-13599.4769093451
-13600.6127947084
-13601.7415842026
-13602.3006547108
-13602.5277412772
-13602.6286325869
-13602.6757845839
-13602.6902838741
-13602.6763702151
-13602.6312167689
-13602.5489714372
-13602.4247644294
-13602.2602388441
-13602.0689220333
-13601.8812812695
-13601.7489941768
-13601.7439280168
-13601.9308167271
-13602.2865673388
-13602.6605781864
-13602.9158809024
-13603.0429487744
-13603.0936965682
-13603.1102845327
-13603.1140461878
-13603.1130294106
-13603.1064710737
-13603.0825001612
-13603.0039038089
-13602.7900057824
-13602.3863357201
-13601.9436793186
-13601.6897825788
-13601.6581558684
-13601.7561330553
-13601.9004967238
-13602.0484892304
-13602.1823177641
-13602.2964148726
-13602.3883774544
-13602.4540805396
-13602.4900559876
-13602.4972950509
-13602.4785060512
-13602.4300582632
-13602.3283433361
-13602.1146415668
-13601.7417948914
-13601.3080408769
-13600.9580304283
-13600.7159980484
-13600.5445168231
-13600.4079004758
-13600.2842388521
-13600.165331344
-13600.0607444748
-13600.004857167
-13600.0533871925
-13600.2546157981
-13600.6065681602
-13601.0385056923
-13601.4473708895
-13601.7668183694
-13601.9923933755
-13602.1484431086
-13602.2573315134
-13602.332562509
-13602.3826020954
-13602.4164111545
-13602.4445336313
-13602.4713119912
-13602.4877222711
-13602.4834437731
-13602.4583745945
-13602.4070991476
-13602.3147733744
-13602.2183492911
-13602.1993969566
-13602.2564049335
-13602.3230195723
-13602.3622500641
-13602.3711416687
-13602.356234331
-13602.3238709116
-13602.2775819702
-13602.2162880449
-13602.1315663694
-13602.0045364004
-13601.8089155472
-13601.5332829214
-13601.2184460934
-13600.9600809039
-13600.8552313632
-13600.9445631366
-13601.1926672535
-13601.5084206257
-13601.7914846979
-13601.9800955995
-13602.1022728245
-13602.1348834353
-13602.1064941985
-13602.0806809955
-13602.0296060276
-13601.9587841966
-13601.8679348668
-13601.7440701216
-13601.5404918344
-13601.0766718388
-13599.7637564314
-13597.403705946
-13596.7837511525
-13598.5559359694
-13600.0099130816
-13600.6233925252
-13600.8704449601
-13600.9872425643
-13601.0489597276
-13601.079552351
-13601.0861718738
-13601.0705442526
-13601.0344681201
-13600.9824929968
-13600.9225214899
-13600.8676533352
-13600.8437393803
-13600.8889620707
-13601.0084179311
-13601.1364734611
-13601.2208068644
-13601.3121739082
-13601.3825539567
-13601.4171387643
-13601.4076878883
-13601.3994521996
-13601.3144255065
-13601.2205872994
-13601.0421380399
-13600.7568717852
-13600.4237903694
-13600.1766863399
-13600.1020364061
-13600.1821415759
-13600.3448758506
-13600.5261476089
-13600.6941457897
-13600.8439170175
-13600.9836180177
-13601.1248306003
-13601.279118028
-13601.4578723644
-13601.6714739696
-13601.9246157198
-13602.2069682973
-13602.4875794309
-13602.7264856351
-13602.8987965299
-13603.0082443597
-13603.0771418902
-13603.1248571671
-13603.1572103761
-13603.1706046559
-13603.1562997526
-13603.0971064273
-13602.9835546636
-13602.6080269622
-13601.9274921683
-13601.1207133467
-13600.5956295633
-13600.4716502823
-13600.5722113444
-13600.7043514716
-13600.7887608322
-13600.8236140347
-13600.8269343938
-13600.8085190212
-13600.7561505165
-13600.6134400576
-13600.2488923455
-13599.541765978
-13598.81921202
-13598.9761475967
-13600.1754822041
-13601.4123118106
-13602.1111101519
-13602.4279240503
-13602.5754453978
-13602.6483570391
-13602.6783431732
-13602.6771967623
-13602.6501158967
-13602.5900347832
-13602.4652165706
-13602.2413287978
-13601.9478134154
-13601.6767737353
-13601.5004519831
-13601.4296061177
-13601.4375411113
-13601.4939407346
-13601.5779823466
-13601.6763296844
-13601.7801834686
-13601.8844534519
-13601.9874394054
-13602.0897189991
-13602.1931535051
-13602.3004834575
-13602.41439651
-13602.5364634343
-13602.6653892334
-13602.794541804
-13602.9101037212
-13602.9952828896
-13603.0423304046
-13603.0604374955
-13603.0596189615
-13603.0253039369
-13602.9092333456
-13602.6387211144
-13602.1576603672
-13601.5145454574
-13600.9159055395
-13600.6004564906
-13600.6409051619
-13600.9182973569
-13601.2579301764
-13601.5446627586
-13601.7433893837
-13601.867236484
-13601.9425526763
-13601.9908929153
-13602.0257946695
-13602.0551377246
-13602.0840821506
-13602.1176739555
-13602.1605742229
-13602.2139361783
-13602.2738865869
-13602.3348124825
-13602.3913704333
-13602.4390034063
-13602.4737119997
-13602.4932690313
-13602.4989386743
-13602.4964286368
-13602.4906983643
-13602.4775644417
-13602.4462240263
-13602.3878269757
-13602.3259213119
-13602.1587686024
-13601.7464023162
-13600.9692961761
-13600.4496844319
-13600.6677478781
-13601.2959182831
-13601.8256278959
-13602.1162609752
-13602.2465176318
-13602.3008347817
-13602.3209731898
-13602.3203258221
-13602.2974403207
-13602.2435940444
-13602.1524495607
-13602.0364261555
-13601.9363914081
-13601.8995877507
-13601.9355397271
-13602.024725465
-13602.0494536507
-13602.039328632
-13601.9864241331
-13601.8743548841
-13601.858876509
-13601.9491020407
-13602.098720772
-13602.2524689659
-13602.3848018495
-13602.4927414924
-13602.5806618505
-13602.6523476749
-13602.7105397292
-13602.7585538932
-13602.7999484855
-13602.8368606583
-13602.869335891
-13602.8942498787
-13602.9038551938
-13602.883811409
-13602.8122281145
-13602.6664027015
-13602.4415951453
-13602.1630596026
-13601.8952275355
-13601.6495225002
-13601.2042656635
-13600.4014340511
-13599.9838935247
-13600.3800319433
-13601.2265981752
-13601.867529034
-13602.1791964173
-13602.3052927992
-13602.351347992
-13602.3595738029
-13602.3405174938
-13602.2930429466
-13602.2155135779
-13602.1115534749
-13601.9876196281
-13601.8447321822
-13601.6672649014
-13601.4204696054
-13601.101153335
-13600.8412380708
-13600.8392946276
-13601.1633170478
-13601.6718959968
-13602.0417049558
-13602.1989656874
-13602.2643270128
-13602.3004953343
-13602.3216919962
-13602.3261230191
-13602.3052821003
-13602.2438108837
-13602.1165575996
-13601.8926324912
-13601.5665097166
-13601.2074344486
-13600.9186203031
-13600.7669433836
-13600.5977427926
-13600.1888548036
-13599.4548043641
-13598.9326434644
-13599.6511139625
-13601.0746758367
-13601.8914767622
-13602.1721363936
-13602.2677176709
-13602.3047396802
-13602.3145134618
-13602.2990805714
-13602.2468700263
-13602.1367104082
-13601.9478279026
-13601.6912806122
-13601.4568788273
-13601.3946028162
-13601.5567597163
-13601.8187201316
-13602.0658904297
-13602.2151183713
-13602.3155557384
-13602.458163776
-13602.6184478566
-13602.766776435
-13602.8771415388
-13602.9443084833
-13602.9778299433
-13602.9890760354
-13602.98348829
-13602.952149104
-13602.8395517126
-13602.4429165246
-13601.4716687223
-13600.3892533295
-13600.2219203379
-13600.942845048
-13601.7393895903
-13602.24107454
-13602.5121925857
-13602.6619864452
-13602.7477782964
-13602.7930552797
-13602.8068028142
-13602.792413792
-13602.7495574077
-13602.671075799
-13602.5327169243
-13602.2710979166
-13601.7699220741
-13600.9940343114
-13600.2996771827
-13600.191351791
-13600.6176103154
-13601.1433708952
-13601.5241662535
-13601.7562623559
-13601.8974753904
-13601.9880006518
-13602.0465435325
-13602.079766693
-13602.089309833
-13602.074933356
-13602.0332015244
-13601.9528747831
-13601.8088324822
-13601.5568769962
-13601.139103149
-13600.5375042997
-13599.9225713096
-13599.7289837825
-13600.2466199295
-13601.0956287126
-13601.6976016677
-13601.9769731107
-13602.0945732961
-13602.1471176479
-13602.1680753428
-13602.1655933065
-13602.1386684606
-13602.0827466114
-13601.9902279673
-13601.846006333
-13601.6201417606
-13601.2792115735
-13600.84944529
-13600.5083420285
-13600.5109611228
-13600.8914694805
-13601.3938167168
-13601.7909848756
-13602.0470173658
-13602.2103703736
-13602.3232534327
-13602.4089225227
-13602.4800538909
-13602.5444354935
-13602.6065254958
-13602.6661157674
-13602.7161905108
-13602.7454812184
-13602.7471618192
-13602.7232294288
-13602.6728173705
-13602.5559413862
-13602.245296807
-13601.6247428164
-13600.9161166431
-13600.4977187817
-13600.4190650732
-13600.4959276249
-13600.5807858232
-13600.6254496846
-13600.6330956831
-13600.615698639
-13600.574429556
-13600.4827311585
-13600.2457435044
-13599.6580431362
-13598.676091138
-13598.0339034424
-13598.4754483993
-13599.5255397533
-13600.4323491692
-13601.0428544123
-13601.4844331169
-13601.8582790061
-13602.186354473
-13602.4328550681
-13602.5666898471
-13602.6160090422
-13602.6287105546
-13602.6165170144
-13602.555787346
-13602.4204902642
-13602.2178103921
-13601.9892645846
-13601.776169917
-13601.5997176788
-13601.4617469432
-13601.3513615049
-13601.2516565172
-13601.1445527381
-13601.0137873211
-13600.8437656206
-13600.6163860851
-13600.3113464526
-13599.91931917
-13599.4750168408
-13599.0890480268
-13598.9192620603
-13599.062607685
-13599.468065128
-13599.9724381897
-13600.4210228635
-13600.7530409024
-13600.9851241674
-13601.1514387949
-13601.2751204579
-13601.3696996174
-13601.4483689778
-13601.5271105689
-13601.6135771423
-13601.6929705411
-13601.7429496701
-13601.7581068259
-13601.7458209529
-13601.7083390083
-13601.6390727083
-13601.5494532411
-13601.5211788195
-13601.6770261995
-13602.0044148344
-13602.3445244928
-13602.5830510746
-13602.7106786708
-13602.7621641947
-13602.7697088804
-13602.7530962742
-13602.7214304092
-13602.6759308634
-13602.6141095064
-13602.5337404312
-13602.4348656842
-13602.3208304768
-13602.2259764165
-13602.0988554878
-13601.9120875387
-13601.542174626
-13601.1230368797
-13600.8408303678
-13600.7712201424
-13600.8205635077
-13600.8847529574
-13600.9206085928
-13600.9246800517
-13600.9015116283
-13600.8429020011
-13600.6924289226
-13600.1985825197
-13598.6277379517
-13596.3949759065
-13596.8578281636
-13599.1354998
-13600.4501882087
-13600.9220239346
-13601.0949462245
-13601.1716260015
-13601.2128973174
-13601.2355499375
-13601.2497616839
-13601.2715210725
-13601.3156830863
-13601.3867324232
-13601.4781081679
-13601.5796527933
-13601.6845230217
-13601.7911977296
-13601.9024045853
-13602.0227199071
-13602.1554987311
-13602.2987979505
-13602.4423861393
-13602.5703062326
-13602.6714662814
-13602.7453253649
-13602.7988058433
-13602.8382635523
-13602.8652022888
-13602.8743071245
-13602.8532761869
-13602.7826856199
-13602.6346896357
-13602.3725579557
-13601.9678269142
-13601.457028475
-13601.0027043815
-13600.8441926586
-13601.1027241625
-13601.6407459251
-13602.1804743185
-13602.5544121938
-13602.7661735528
-13602.8773488242
-13602.9329049871
-13602.9548406064
-13602.9514720068
-13602.9235577959
-13602.8665049366
-13602.7728458781
-13602.6394191505
-13602.4792273697
-13602.3282317606
-13602.2302806967
-13602.2067050103
-13602.2431203301
-13602.3094065092
-13602.3834902225
-13602.4555866893
-13602.5214547911
-13602.5767365233
-13602.6165356236
-13602.6370684396
-13602.635695837
-13602.6081860999
-13602.5433467146
-13602.4129451874
-13602.1537466739
-13601.6575223009
-13600.8681768388
-13600.0887252037
-13599.9793694628
-13600.6831188501
-13601.5339777008
-13602.0629002955
-13602.3282062872
-13602.4674116123
-13602.5421539849
-13602.5753366825
-13602.577152636
-13602.5520836807
-13602.4997915899
-13602.4149882414
-13602.2868701007
-13602.1005844955
-13601.8466279373
-13601.5480001488
-13601.304020377
-13601.3122101893
-13601.7706392679
-13602.5075279481
