# Fix print output for fix totenergy
-13596.9293980071
-13596.9270094369
-13596.9150325815
-13596.8713284656
-13596.7507264986
-13596.5180498717
-13596.2357267301
-13596.0142656826
-13595.8990024791
-13595.8970438412
-13595.8744782693
-13595.8322894745
-13595.725689117
-13595.7627991935
-13596.064709252
-13596.4975950695
-13596.824016715
-13596.9844326196
-13597.0528706849
-13597.0926739008
-13597.121502144
-13597.1366769699
-13597.1304609615
-13597.0872791332
-13596.9616766197
-13596.628089121
-13595.9039073585
-13594.9314100389
-13594.2893120373
-13594.3018552845
-13594.7779813786
-13595.336506267
-13595.7557028904
-13596.012908415
-13596.1567149242
-13596.2325144583
-13596.2664895932
-13596.271211491
-13596.2492976002
-13596.1926922284
-13596.0751736569
-13595.8264583833
-13595.2925600077
-13594.3139035275
-13593.269084555
-13593.1663396606
-13594.1442652467
-13595.2374755258
-13595.8755735827
-13596.1608139105
-13596.2948639125
-13596.3757629702
-13596.4353538664
-13596.4829805103
-13596.5209077581
-13596.5493511762
-13596.5686188878
-13596.5809532331
-13596.5934902977
-13596.6220083712
-13596.6916796596
-13596.8239239462
-13597.0127689117
-13597.21020762
-13597.3504939799
-13597.4103568723
-13597.4251436444
-13597.4342394971
-13597.4390941388
-13597.4165491935
-13597.3373301382
-13597.16244778
-13596.8351744889
-13596.2994611244
-13595.6061192971
-13595.0250114995
-13594.8989382575
-13595.2768037056
-13595.8665152315
-13596.3631473816
-13596.6659512785
-13596.8198853282
-13596.8898865589
-13596.9158039583
-13596.9157720614
-13596.8962062867
-13596.8583362021
-13596.8016134006
-13596.7262360804
-13596.6342405244
-13596.5340424452
-13596.447015387
-13596.4110732222
-13596.4628171201
-13596.5937356849
-13596.7181190703
-13596.7614036313
-13596.7638694265
-13596.7247395045
-13596.5864939128
-13596.3786907528
-13596.1822905592
-13596.0759422048
-13596.0991892039
-13596.2330826381
-13596.4213767944
-13596.6059766481
-13596.7522343038
-13596.8516296036
-13596.910530146
-13596.9385169519
-13596.9425526694
-13596.9242189214
-13596.8768455366
-13596.7792916559
-13596.5845662312
-13596.2301821899
-13595.7217433891
-13595.223651919
-13594.9541204139
-13595.0054353927
-13595.301053151
-13595.6899722786
-13596.0504487794
-13596.3279049547
-13596.5196700562
-13596.6433525817
-13596.7175420636
-13596.7554289231
-13596.765065147
-13596.7511364817
-13596.7170368459
-13596.6687654707
-13596.6190615499
-13596.5908533622
-13596.6145874529
-13596.7169174153
-13596.9034552558
-13597.1269324068
-13597.2407240429
-13597.2614607854
-13597.3381723247
-13597.4416858982
-13597.5253479781
-13597.5767793524
-13597.597829898
-13597.5922683456
-13597.560716454
-13597.4978316431
-13597.388795979
-13597.2064739155
-13596.9188127164
-13596.5258360761
-13596.1015222354
-13595.7636950954
-13595.6035819813
-13595.650884842
-13595.8569064661
-13596.1200441641
-13596.35385188
-13596.5237470525
-13596.6325674468
-13596.6948296515
-13596.7230011084
-13596.7246518409
-13596.7041556062
-13596.6657680282
-13596.6163002044
-13596.5656868967
-13596.5216794491
-13596.4836062173
-13596.4440071669
-13596.3963540649
-13596.3346463511
-13596.2634291628
-13596.2192447054
-13596.2318457867
-13596.2973363561
-13596.3963289125
-13596.5055383952
-13596.6067357839
-13596.6907045929
-13596.7548860983
-13596.7991628261
-13596.8231858849
-13596.8249733565
-13596.7999806004
-13596.7397436724
-13596.628789972
-13596.4359156057
-13596.1002193065
-13595.5521557426
-13594.9016549863
-13594.662373214
-13595.2447889979
-13596.2257764769
-13596.9291492858
-13597.2385404645
-13597.3393392339
-13597.3626229332
-13597.3637431728
-13597.3607850532
-13597.3519044317
-13597.3233541621
-13597.2574679416
-13597.1434870495
-13596.9855830945
-13596.8041635502
-13596.6234946306
-13596.459702046
-13596.3178422172
-13596.1963561854
-13596.0919059197
-13596.0023632027
-13595.927816979
-13595.8709810597
-13595.8366781361
-13595.830456458
-13595.8582028232
-13595.9278982295
-13596.0526703909
-13596.2385761028
-13596.4508148086
-13596.6276172088
-13596.7449763998
-13596.8161895373
-13596.8597123315
-13596.8858985743
-13596.8973805363
-13596.8891241422
-13596.8449708423
-13596.7276822037
-13596.4650026556
-13595.9698633782
-13595.3066506448
-13594.9392881992
-13595.3346280594
-13596.0086238914
-13596.259807373
-13596.3086627694
-13596.4972581712
-13596.8190682695
-13597.1007657611
-13597.2808478977
-13597.3690787135
-13597.3969285373
-13597.3913680658
-13597.3689423883
-13597.3381689951
-13597.302852192
-13597.2643782674
-13597.2227758723
-13597.1770974818
-13597.1254048115
-13597.0646936509
-13596.9910455313
-13596.9000627494
-13596.7871353356
-13596.648183813
-13596.4815743329
-13596.293592201
-13596.1028340703
-13595.9413902105
-13595.8484160787
-13595.8564205213
-13595.9756054915
-13596.190152365
-13596.4669242116
-13596.7671256591
-13597.0535046897
-13597.2946532549
-13597.4731369474
-13597.5916458259
-13597.6647992962
-13597.7064392329
-13597.7255430262
-13597.7276357348
-13597.7160899321
-13597.6917490383
-13597.6491473168
-13597.573836137
-13597.4607736068
-13597.353369247
-13597.2912900918
-13597.2519459237
-13597.1999904293
-13597.0989378136
-13596.930883825
-13596.712374849
-13596.4773103932
-13596.2570532752
-13596.0707676965
-13595.9260179235
-13595.8201809192
-13595.7447156827
-13595.6886564342
-13595.6414038847
-13595.5932921758
-13595.5356151545
-13595.4594518686
-13595.3555298615
-13595.2144182789
-13595.0313345773
-13594.8148053383
-13594.6015752533
-13594.4592454423
-13594.460578403
-13594.6295438499
-13594.9106692507
-13595.2060317799
-13595.4428642221
-13595.6031459203
-13595.7010103687
-13595.7573874902
-13595.7871719231
-13595.7986121561
-13595.7934888526
-13595.7652001944
-13595.688198605
-13595.4852115295
-13595.0114663244
-13594.2716623372
-13593.6633803554
-13593.5283997827
-13593.8246362666
-13594.2932811526
-13594.7193877565
-13595.0276331383
-13595.2265560703
-13595.3481448225
-13595.4178040106
-13595.4513578329
-13595.4556753904
-13595.4302812779
-13595.3646935644
-13595.2254750022
-13594.9210191562
-13594.2287824065
-13592.9247087099
-13591.6751057096
-13592.0049193626
-13593.569867758
-13594.7371149022
-13595.2147427615
-13595.3785921776
-13595.4352724981
-13595.4478256325
-13595.4318709716
-13595.388067015
-13595.3098126835
-13595.1861041101
-13595.0023254886
-13594.7513577175
-13594.4501916021
-13594.1662946775
-13594.0126058456
-13594.0945565844
-13594.4234085438
-13594.8804409846
-13595.2886775805
-13595.5470217703
-13595.6785937944
-13595.7390461938
-13595.7649263968
-13595.7718830601
-13595.765381105
-13595.7454473705
-13595.707757427
-13595.6457963742
-13595.5531504663
-13595.4349358149
-13595.3095430306
-13595.1970541871
-13595.1008703658
-13595.0170860362
-13594.9426336057
-13594.8795641946
-13594.8323470199
-13594.8069624546
-13594.8080989436
-13594.8382897266
-13594.8972775061
-13594.9822915482
-13595.0892150976
-13595.2104430701
-13595.3354776621
-13595.4501278779
-13595.5445172185
-13595.6139643933
-13595.6605733434
-13595.6873647486
-13595.6965123193
-13595.6860403851
-13595.6466113003
-13595.554008808
-13595.3537933515
-13594.9692836344
-13594.3903101284
-13593.819500209
-13593.5661190118
-13593.7480723711
-13594.191221223
-13594.6450609393
-13594.983848751
-13595.1972545853
-13595.3197720061
-13595.3821755316
-13595.4046026716
-13595.3973601937
-13595.3655209159
-13595.3120607544
-13595.239693652
-13595.1545806084
-13595.0659718088
-13594.9864707745
-13594.9259050996
-13594.8892746902
-13594.8751000299
-13594.8788222952
-13594.8952478031
-13594.9197267637
-13594.948530727
-13594.9784425808
-13595.007208301
-13595.0328685976
-13595.0543613105
-13595.0708668318
-13595.0819362403
-13595.0861225202
-13595.0792835972
-13595.0537788579
-13595.0026731276
-13594.9258254049
-13594.8306942027
-13594.7338631607
-13594.6581257428
-13594.6284081603
-13594.6607736629
-13594.7536968509
-13594.8890826916
-13595.0395044317
-13595.1820041544
-13595.3017756978
-13595.394810959
-13595.4611119072
-13595.5033493251
-13595.5223356391
-13595.5154155913
-13595.4721260089
-13595.3658233515
-13595.1412109199
-13594.7066962736
-13594.0236048373
-13593.3177198533
-13593.0804340696
-13593.5241721005
-13594.2848520455
-13594.9082689245
-13595.2654139393
-13595.4383484616
-13595.5127804794
-13595.5363752646
-13595.5297846307
-13595.5006625153
-13595.4503543112
-13595.3764302513
-13595.2761017149
-13595.1469588032
-13594.9930001904
-13594.8267639996
-13594.6736088455
-13594.5646564714
-13594.5284203246
-13594.578838986
-13594.7158231458
-13594.9385234572
-13595.2392570846
-13595.540305769
-13595.7234559595
-13595.8002564156
-13595.8291296012
-13595.8399917686
-13595.842256915
-13595.8383558733
-13595.8272950963
-13595.8046386845
-13595.7617547675
-13595.6844909448
-13595.5629775707
-13595.4049505835
-13595.2362473546
-13595.0754511445
-13594.9312801972
-13594.8100970019
-13594.7223145502
-13594.6789147767
-13594.6871830747
-13594.7464986482
-13594.8475467122
-13594.977130725
-13595.1209692702
-13595.2678413157
-13595.4072703538
-13595.530594781
-13595.6296953929
-13595.7025311284
-13595.7515839001
-13595.7828935212
-13595.8013426834
-13595.8103354467
-13595.8106240918
-13595.7994002434
-13595.7661705261
-13595.6811262884
-13595.4847561648
-13595.1329996245
-13594.7030534108
-13594.3416989684
-13594.1536116117
-13594.1733660646
-13594.3638058586
-13594.6386744163
-13594.9126813839
-13595.1387708125
-13595.3050731901
-13595.4196661982
-13595.4946758897
-13595.5408481119
-13595.5639680095
-13595.5639676512
-13595.5289393746
-13595.4189120773
-13595.1315861303
-13594.4946815464
-13593.5178047369
-13592.7694192327
-13592.8936335137
-13593.7018708712
-13594.5128789369
-13595.0192028611
-13595.2800042031
-13595.4076548245
-13595.4665950472
-13595.4858876254
-13595.4761147189
-13595.4387150658
-13595.3685307242
-13595.2539718004
-13595.0765443111
-13594.813247629
-13594.4495269968
-13594.008930016
-13593.5997936043
-13593.4493186579
-13593.8408106977
-13594.6704600571
-13595.3084741927
-13595.5869687395
-13595.6935198146
-13595.737234775
-13595.7540021545
-13595.7544905512
-13595.7395619792
-13595.703244249
-13595.6299197087
-13595.4899742134
-13595.2450453376
-13594.8863468961
-13594.4886260195
-13594.1929839918
-13594.1046097345
-13594.2226118957
-13594.4621603024
-13594.7253184004
-13594.9509973488
-13595.1197765662
-13595.2350062754
-13595.3067984542
-13595.3444306645
-13595.3535576871
-13595.3350120947
-13595.2815803082
-13595.1625973827
-13594.8548976085
-13593.9209601329
-13591.8027824667
-13590.2962504787
-13591.754491859
-13593.8103573737
-13594.7865690913
-13595.1577225049
-13595.3192063629
-13595.3990957541
-13595.4362797887
-13595.4430047233
-13595.4209696698
-13595.3645949791
-13595.2611471733
-13595.0894356122
-13594.8249664005
-13594.460822222
-13594.0567008494
-13593.770831681
-13593.7919126475
-13594.1726562994
-13594.7409546008
-13595.2319036653
-13595.5224189183
-13595.6598670576
-13595.7188994834
-13595.7411217832
-13595.7432359126
-13595.7306017425
-13595.7032556693
-13595.6581181318
-13595.5911687777
-13595.4991305134
-13595.384004765
-13595.2532857174
-13595.1189731678
-13594.9924196376
-13594.8845878488
-13594.8044618283
-13594.7594082759
-13594.7525865746
-13594.7823378217
-13594.8424445179
-13594.9245787497
-13595.022115185
-13595.1322941056
-13595.2578002319
-13595.3997176882
-13595.5439328713
-13595.6619104649
-13595.7404593323
-13595.7860172031
-13595.8109090787
-13595.8232227883
-13595.8270517406
-13595.8229960449
-13595.8074764018
-13595.7692706728
-13595.6787198235
-13595.4878932101
-13595.1848237306
-13594.8580297603
-13594.6020987994
-13594.4572493717
-13594.431378219
-13594.512513187
-13594.6678039748
-13594.8545696881
-13595.0375935787
-13595.1952772085
-13595.3212136981
-13595.4166610865
-13595.4870737703
-13595.5370260654
-13595.5698393079
-13595.584883161
-13595.5761152742
-13595.5284508202
-13595.409302247
-13595.159200239
-13594.7025780813
-13594.0589171943
-13593.4787077844
-13593.3358365715
-13593.7291553438
-13594.3611178274
-13594.8980240792
-13595.2336158905
-13595.4158462331
-13595.5071173023
-13595.5470696006
-13595.5541959354
-13595.5354443023
-13595.4914144245
-13595.4184249931
-13595.3126545819
-13595.1733809788
-13595.0134201247
-13594.8612339507
-13594.7531971446
-13594.7073166769
-13594.7148092236
-13594.7545363704
-13594.8102355052
-13594.8729425188
-13594.9365494109
-13594.9969741077
-13595.0507960764
-13595.0961118488
-13595.1312195529
-13595.155133418
-13595.1661065727
-13595.160485592
-13595.129999953
-13595.0592176995
-13594.9272927027
-13594.7151393238
-13594.4309649436
-13594.1407778013
-13593.9775505665
-13594.0602931698
-13594.3784296123
-13594.7875040321
-13595.1386015569
-13595.3790737654
-13595.5237534696
-13595.6062836005
-13595.6501283142
-13595.6687852048
-13595.6663027572
-13595.6382411816
-13595.5637311091
-13595.3746634052
-13594.8987460657
-13593.9593296845
-13592.9932049953
-13592.8143610939
-13593.3854843882
-13594.0943699148
-13594.6101855858
-13594.9275811292
-13595.1156118259
-13595.227710248
-13595.2920300786
-13595.3231565563
-13595.3267773864
-13595.3033305207
-13595.247880981
-13595.1468482962
-13594.9728494038
-13594.6717990709
-13594.1677810935
-13593.4455102414
-13592.8104922443
-13592.8972096158
-13593.8311993474
-13594.8185584485
-13595.3400366125
-13595.5478989887
-13595.6286840641
-13595.6589603527
-13595.6623380795
-13595.6443305251
-13595.6015525508
-13595.5216984036
-13595.3834703982
-13595.1559834399
-13594.8236342376
-13594.428335587
-13594.1034085549
-13593.9934485783
-13594.1296388145
-13594.4106526445
-13594.7030729926
-13594.9302235231
-13595.0748432809
-13595.1522571643
-13595.1839151048
-13595.1880492782
-13595.1748992601
-13595.1487211265
-13595.1110516956
-13595.0624892873
-13595.0045381004
-13594.9390938669
-13594.8703363277
-13594.8038225537
-13594.7479912151
-13594.713983879
-13594.7180356378
-13594.7784550854
-13594.9017490351
-13595.068578535
-13595.2396517696
-13595.3844972881
-13595.4910166578
-13595.5626092635
-13595.6053853793
-13595.6246834082
-13595.6212244258
-13595.589098423
-13595.5105277976
-13595.343540047
-13595.0151654237
-13594.4611583032
-13593.7937066893
-13593.3713337193
-13593.4798721336
-13593.9936213236
-13594.5625844892
-13594.9767401765
-13595.2179898236
-13595.3416257619
-13595.3946584691
-13595.405942529
-13595.390272554
-13595.3542781883
-13595.3001930363
-13595.2279933589
-13595.138034929
-13595.0318199096
-13594.9153164179
-13594.7989765821
-13594.6989198379
-13594.6332864142
-13594.6207071118
-13594.6805418967
-13594.8355130265
-13595.0893082942
-13595.3676735471
-13595.5749916357
-13595.6927854515
-13595.7532915913
-13595.7830060247
-13595.7960270455
-13595.7975282278
-13595.787514822
-13595.760260252
-13595.6988587804
-13595.5673525929
-13595.3151595765
-13594.9497508997
-13594.5888447341
-13594.3585199647
-13594.2979714043
-13594.3827488167
-13594.5582857812
-13594.7653934737
-13594.9616595822
-13595.1250158745
-13595.2508527535
-13595.3423606749
-13595.4059792786
-13595.4465759794
-13595.4663234376
-13595.4607847566
-13595.4123877055
-13595.2790404331
-13594.9810612322
-13594.4269521837
-13593.6679445418
-13593.0944223599
-13593.1721471684
-13593.8383337374
-13594.5835808181
-13595.0850054297
-13595.3523782266
-13595.483484687
-13595.5445781781
-13595.5660415199
-13595.5598073025
-13595.52771931
-13595.464471734
-13595.3578231737
-13595.1879345148
-13594.932838635
-13594.5864250559
-13594.1978653361
-13593.89439936
-13593.8355099651
-13594.1357553136
-13594.8044981832
-13595.4494257967
-13595.7095001374
-13595.7831932006
-13595.8066553881
-13595.813377142
-13595.8103491021
-13595.7971614601
-13595.7685708037
-13595.7125757396
-13595.6082890826
-13595.4300144811
-13595.167630881
-13594.8496963999
-13594.5427983778
-13594.3263588606
-13594.2597869499
-13594.3521145931
-13594.5571685038
-13594.8053525703
-13595.0398376302
-13595.2326336037
-13595.3792526294
-13595.4875551011
-13595.5683463187
-13595.6318397858
-13595.6858658569
-13595.7340480242
-13595.7747973689
-13595.805169723
-13595.8251143018
-13595.836662988
-13595.8416887548
-13595.8407516886
-13595.8321732788
-13595.8101968744
-13595.7603951385
-13595.6564103429
-13595.4734319169
-13595.2228057463
-13594.9478518636
-13594.6946409853
-13594.5038346701
-13594.4120655044
-13594.4376958381
-13594.5679297603
-13594.7624877046
-13594.9743720951
-13595.1690464815
-13595.3297042935
-13595.4543663756
-13595.5481422642
-13595.6184451605
-13595.6714284706
-13595.7117237884
-13595.7416192858
-13595.7618738921
-13595.7719481263
-13595.7700792101
-13595.7511822035
-13595.701929987
-13595.5931194675
-13595.3745219239
-13595.008913993
-13594.5394724188
-13594.1142825004
-13593.902826793
-13593.9837320643
-13594.2881018573
-13594.6642280495
-13594.9928645195
-13595.2306753264
-13595.386318098
-13595.4815924042
-13595.5359773691
-13595.5609630825
-13595.5604761415
-13595.5270238053
-13595.421227723
-13595.0954717036
-13594.1638518238
-13592.5769362062
-13591.7478723935
-13592.5367546368
-13593.8121750629
-13594.6442998257
-13595.0571114535
-13595.2579357081
-13595.36063958
-13595.4112596315
-13595.4279685215
-13595.416151701
-13595.3733416827
-13595.2898884565
-13595.1453979374
-13594.9074475533
-13594.5349638894
-13594.0252743984
-13593.507239069
-13593.2951034937
-13593.6728592988
-13594.4892051771
-13595.1915814981
-13595.5340284737
-13595.6650382442
-13595.7134059893
-13595.7285063124
-13595.7248154204
-13595.70447103
-13595.6630262203
-13595.5888144146
-13595.4638255689
-13595.265988463
-13594.9928409367
-13594.6870933342
-13594.4382863223
-13594.3235476489
-13594.3578060183
-13594.494510141
-13594.6689641263
-13594.8346056612
-13594.9686523722
-13595.0668328963
-13595.1319915419
-13595.1695797653
-13595.1840086678
-13595.1789077316
-13595.1571712446
-13595.1212424228
-13595.0743765172
-13595.0206013495
-13594.9657286991
-13594.9161605757
-13594.8789179086
-13594.8590594802
-13594.8587860098
-13594.8760665031
-13594.9047179294
-13594.9351548258
-13594.957585176
-13594.9702219446
-13594.9782410252
-13594.9851094962
-13594.991746778
-13594.998223458
-13595.004029376
-13595.0087265165
-13595.0117610445
-13595.0126652554
-13595.0110300479
-13595.0066326303
-13594.9994990263
-13594.9897598882
-13594.9779543464
-13594.9648565986
-13594.9518206327
-13594.9405864562
-13594.933413731
-13594.9327689552
-13594.9408715874
-13594.9590558332
-13594.9870510709
-13595.0229850773
-13595.0631884383
-13595.103482059
-13595.1390293005
-13595.1656300251
-13595.1791371247
-13595.1755196843
-13595.1501098586
-13595.09705919
-13595.0099888994
-13594.8825276101
-13594.7156674427
-13594.5260845854
-13594.3593507954
-13594.283584327
-13594.3586449281
-13594.5857309482
-13594.8926159256
-13595.185787166
-13595.4068431196
-13595.5515757538
-13595.6384479317
-13595.6885166435
-13595.7144702814
-13595.7229050166
-13595.7135495487
-13595.6754347977
-13595.5702437713
-13595.2836379811
-13594.6375186235
-13593.7585295192
-13593.2368436804
-13593.3636460468
-13593.8883459872
-13594.4452561288
-13594.8577089323
-13595.1207596837
-13595.277876999
-13595.3686415894
-13595.4156162488
-13595.430676047
-13595.4172465565
-13595.3712892339
-13595.2781218444
-13595.0993698342
-13594.7458075434
-13594.0384916415
-13592.8747451776
-13591.8844108032
-13592.3071496789
-13593.8608705644
-13594.9846114551
-13595.4048375173
-13595.5376228548
-13595.5809442586
-13595.587573609
-13595.5692046813
-13595.5238704032
-13595.4409009279
-13595.3021917106
-13595.0823178603
-13594.7664401373
-13594.3809628184
-13594.0345922677
-13593.88506457
-13594.0281267295
-13594.4107240965
-13594.8726876755
-13595.265076353
-13595.5217125671
-13595.6623629427
-13595.73086884
-13595.7613311626
-13595.7704526529
-13595.7657208549
-13595.7502989509
-13595.7261270357
-13595.6947756162
-13595.6548138501
-13595.6020346099
-13595.5284941266
-13595.4243893001
-13595.2770420788
-13595.0778288701
-13594.8295137842
-13594.563205754
-13594.3402235329
-13594.2366304186
-13594.2991815891
-13594.5146874406
-13594.8219290028
-13595.1432771978
-13595.4166123277
-13595.6077059399
-13595.7212440374
-13595.7807858116
-13595.8103924674
-13595.8236832871
-13595.827314546
-13595.8230519743
-13595.8090316422
-13595.7775468092
-13595.7045387056
-13595.5284811047
-13595.1839841897
-13594.8352767732
-13594.6669572774
-13594.6170827093
-13594.6383022985
-13594.7141135688
-13594.8270531558
-13594.9550869875
-13595.0787435576
-13595.1846969911
-13595.2674612486
-13595.3252200992
-13595.3583168479
-13595.3660678355
-13595.345412898
-13595.2885800705
-13595.1807472025
-13594.9989932413
-13594.7164834081
-13594.3313977415
-13593.9218246042
-13593.6787610545
-13593.7981210533
-13594.2751858643
-13594.8600348939
-13595.2971415372
-13595.537138883
-13595.6501983498
-13595.7002299104
-13595.7182108509
-13595.7163886131
-13595.6976311007
-13595.6594844076
-13595.595918259
-13595.4994046043
-13595.3679780359
-13595.2142774472
-13595.0660179562
-13594.9476298394
-13594.867629819
-13594.8237370711
-13594.8112125124
-13594.8254098918
-13594.861047443
-13594.9121895928
-13594.9726654686
-13595.0375634
-13595.103419379
-13595.1691014564
-13595.2349993816
-13595.3018137484
-13595.3671566315
-13595.4246299089
-13595.4666030243
-13595.4874841809
-13595.4823126205
-13595.4436751875
-13595.357330304
-13595.1983545506
-13594.9330836629
-13594.5435271427
-13594.0864966449
-13593.7388650574
-13593.7136863243
-13594.0586648691
-13594.5868146754
-13595.0594837832
-13595.3706579823
-13595.5422546235
-13595.6287318583
-13595.6681700576
-13595.6794933301
-13595.6700400816
-13595.6407962666
-13595.5893920204
-13595.5135191442
-13595.4173353337
-13595.3148220894
-13595.2215422122
-13595.1413409703
-13595.070021303
-13595.0036359077
-13594.9420747062
-13594.8880416428
-13594.8466446005
-13594.8234577565
-13594.8236061046
-13594.8505075966
-13594.9057682195
-13594.9888577216
-13595.0964461153
-13595.2201783621
-13595.3454989028
-13595.456958168
-13595.5447927008
-13595.6072530071
-13595.6466987293
-13595.6660926806
-13595.665688543
-13595.6401554979
-13595.5734431497
-13595.4273168589
-13595.1326074402
-13594.6254809329
-13593.9942807164
-13593.5448331011
-13593.5474133818
-13593.9469553497
-13594.4617413372
-13594.8784869133
-13595.1467809728
-13595.2996346333
-13595.3774210322
-13595.4077871052
-13595.4059491731
-13595.3798227177
-13595.3338572941
-13595.2711079258
-13595.1953969994
-13595.1114134892
-13595.0263720802
-13594.9484138243
-13594.8862067663
-13594.846255436
-13594.8319721928
-13594.8422521594
-13594.872449682
-13594.9158056055
-13594.9653345674
-13595.0154158955
-13595.0626900405
-13595.1069321125
-13595.1524688899
-13595.2130820998
-13595.3064390415
-13595.4193763009
-13595.5168950041
-13595.5845431297
-13595.6235021289
-13595.6379248436
-13595.6283851645
-13595.5897194617
-13595.508945124
-13595.3608867704
-13595.112256219
-13594.7403591872
-13594.2892381059
-13593.9085037317
-13593.7994209079
-13594.0390762609
-13594.4948713555
-13594.9550874518
-13595.2933345924
-13595.5015122128
-13595.6176299916
-13595.6784175388
-13595.7047484385
-13595.7064088346
-13595.6844895644
-13595.6302966074
-13595.5162256218
-13595.2551424035
-13594.5868616773
-13593.0895072841
-13591.5591346076
-13591.8852109515
-13593.2029237294
-13594.0995675749
-13594.58457432
-13594.8967221835
-13595.1246751626
-13595.2967196603
-13595.4239009478
-13595.5148057242
-13595.5749993203
-13595.6086000319
-13595.6162670215
-13595.5952176137
-13595.5379316018
-13595.4298514282
-13595.2508943038
-13594.9820572904
-13594.6374516055
-13594.3098436268
-13594.1858427758
-13594.4225401578
-13594.9601526965
-13595.5323599888
-13595.9286150716
-13596.1443402761
-13596.2523594647
-13596.3056690493
-13596.3272066866
-13596.3239669744
-13596.2935784071
-13596.226970823
-13596.1116006404
-13595.9388993045
-13595.7255748744
-13595.5398759537
-13595.5089102644
-13595.772974432
-13596.3856839697
-13597.0723270259
-13597.4079193713
-13597.5092817066
-13597.5490041811
-13597.5674097505
-13597.5655668321
-13597.5382689762
-13597.4808180163
-13597.3896284039
-13597.2597349629
-13597.0779397397
-13596.8200227259
-13596.4716892267
-13596.083790578
-13595.7772505521
-13595.6539336043
-13595.7133240761
-13595.8748075247
-13596.0533726279
-13596.2012752543
-13596.3060960801
-13596.3722825372
-13596.4086487496
-13596.4207395359
-13596.4034175751
-13596.324014526
-13596.0981095023
-13595.5875542323
-13594.7470691373
-13593.9151319286
-13593.6644620834
-13594.1451192454
-13594.8997869651
-13595.4867801251
-13595.8280142971
-13596.0073731125
-13596.1006056312
-13596.1466032306
-13596.162223993
-13596.1513318772
-13596.1077705606
-13596.0119476219
-13595.8199414508
-13595.4513525947
-13594.818299009
-13594.0319453593
-13593.6831535422
-13594.4075168545
-13595.7559848454
-13596.6311392135
-13596.949195732
-13597.0530302582
-13597.0876967974
-13597.0909035217
-13597.0694428977
-13597.0185571118
-13596.9239219689
-13596.7606346719
-13596.4993781492
-13596.1428788257
-13595.7941022873
-13595.6740436094
-13595.9558576574
-13596.5517448797
-13597.1691302594
-13597.5910128383
-13597.8073362082
-13597.898924147
-13597.9299179948
-13597.9333912187
-13597.9229731773
-13597.899974003
-13597.8571553616
-13597.7841267081
-13597.6750150923
-13597.5350946165
-13597.3793895487
-13597.2261162369
-13597.0852423135
-13596.9537481055
-13596.8187187922
-13596.6699116266
-13596.5147418142
-13596.3801230415
-13596.2920758434
-13596.2594784106
-13596.2788740038
-13596.3489401558
-13596.4617061918
-13596.5805039426
-13596.6706073362
-13596.7245148158
-13596.7496532935
-13596.7529376269
-13596.7355087033
-13596.6898830984
-13596.5946444549
-13596.4090177123
-13596.0809123003
-13595.6059664346
-13595.119229635
-13594.8877262712
-13595.087811484
-13595.5999638005
-13596.1389136217
-13596.5265497163
-13596.753249527
-13596.8729228744
-13596.9315713606
-13596.9529500999
-13596.9456049855
-13596.9112868151
-13596.8520374197
-13596.7751205305
-13596.6941953095
-13596.6257741931
-13596.5822747003
-13596.568436909
-13596.5834988503
-13596.6248359259
-13596.6897196801
-13596.7739137209
-13596.8694517697
-13596.9632274853
-13597.0399419474
-13597.0883488039
-13597.1072020423
-13597.0979123893
-13597.0473530388
-13596.9128074551
-13596.6091066553
-13596.0475017925
-13595.3437300268
-13594.9780617123
-13595.2888452565
-13595.9387591124
-13596.4624177039
-13596.7627835624
-13596.9216809365
-13597.0067974204
-13597.0504160337
-13597.0660496619
-13597.0588357627
-13597.0278102432
-13596.963873653
-13596.8420613216
-13596.6081284324
-13596.1960257298
-13595.6537077065
-13595.2192531209
-13595.058121404
-13595.1165920663
-13595.274624781
-13595.4489635883
-13595.6000266083
-13595.7152556851
-13595.7951067686
-13595.8438907152
-13595.8653842762
-13595.8601672925
-13595.8224130306
-13595.7320496013
-13595.535336824
-13595.1081291268
-13594.2754111822
-13593.1709002702
-13592.6700853003
-13593.3918468213
-13594.5778947099
-13595.3557230248
-13595.6989165128
-13595.8341597631
-13595.8846351914
-13595.8948352629
-13595.8778959239
-13595.8342534287
-13595.7575184213
-13595.6358363382
-13595.4553405886
-13595.2093033566
-13594.919045552
-13594.657367344
-13594.547492937
-13594.7096913028
-13595.1741555236
-13595.7796604848
-13596.2333633889
-13596.4545639462
-13596.5477436668
-13596.5878068555
-13596.6013877512
-13596.5940505911
-13596.5613513043
-13596.4915950173
-13596.3682381513
-13596.1770135761
-13595.9248130681
-13595.6564225915
-13595.4745389401
-13595.3106308371
-13595.1531491903
-13594.8898415233
-13594.4242177181
-13594.3088729514
-13595.1648411452
-13596.2856462299
-13596.867226451
-13597.0849264862
-13597.1710048979
-13597.2086100854
-13597.2217860868
-13597.2157244703
-13597.1870177122
-13597.1255696903
-13597.0144838656
-13596.8312326809
-13596.5534805681
-13596.1720479127
-13595.738508722
-13595.444950347
-13595.532365342
-13595.9842428342
-13596.5281917627
-13596.9487433846
-13597.2054907595
-13597.3414128217
-13597.4036428484
-13597.4223744569
-13597.4118202355
-13597.3759596991
-13597.3155664922
-13597.2345602342
-13597.1439794135
-13597.0612967371
-13597.0060864854
-13596.9929576749
-13597.0264650481
-13597.103877967
-13597.2254365557
-13597.3967500006
-13597.5909770174
-13597.7511127584
-13597.8594465377
-13597.9299760722
-13597.9757415697
-13598.0032407142
-13598.0145041115
-13598.0074759537
-13597.9740307726
-13597.8950257648
-13597.732272165
-13597.4300317437
-13596.9646430085
-13596.4367575872
-13596.0327549595
-13595.8610984002
-13595.9493518189
-13596.279731251
-13596.740352344
-13597.1705922149
-13597.4821422864
-13597.6763425913
-13597.7888460804
-13597.8524875314
-13597.8885479704
-13597.9104165074
-13597.928946772
-13597.9568871523
-13598.011467964
-13598.1140711233
-13598.2855978904
-13598.537551458
-13598.8608223839
-13599.2178052101
-13599.5472059873
-13599.7955574976
-13599.9520874705
-13600.0417175242
-13600.0913723517
-13600.1151205555
-13600.1158815113
-13600.0914177925
-13600.0427987505
-13599.9807142366
-13599.925537623
-13599.9014931173
-13599.9277103013
-13600.0057566131
-13600.1126781377
-13600.2114327707
-13600.2742455889
-13600.2978464533
-13600.2918863377
-13600.2501178835
-13600.1187886478
-13599.7559857444
-13598.9458112448
-13597.7743531305
-13597.1265423109
-13597.6869117057
-13598.7661894494
-13599.4884034239
-13599.7904525517
-13599.8954044971
-13599.9276138293
-13599.9298510294
-13599.9134021174
-13599.8774260858
-13599.8145578672
-13599.7132543145
-13599.5615484586
-13599.3560424567
-13599.1113380266
-13598.8599550329
-13598.6448103699
-13598.5126773178
-13598.5185391466
-13598.7117741453
-13599.0738598419
-13599.4790077221
-13599.7841227878
-13599.9455556929
-13600.0082614299
-13600.022686384
-13600.0123196611
-13599.9931615289
-13599.9863367847
-13600.0066980733
-13600.052719636
-13600.1121805989
-13600.1729440078
-13600.2280062122
-13600.2753866415
-13600.3163377233
-13600.3540735295
-13600.3938688281
-13600.4434362702
-13600.511511874
-13600.6027777249
-13600.7119818934
-13600.823792715
-13600.9212807833
-13600.9932385061
-13601.0363427659
-13601.0522963219
-13601.0412191947
-13600.9938214566
-13600.8816536619
-13600.6485487184
-13600.2325962211
-13599.6739744424
-13599.2292514897
-13599.1976172971
-13599.5772822828
-13600.088314444
-13600.4907659814
-13600.7338635998
-13600.8713792467
-13600.9567933922
-13601.0152952665
-13601.052625399
-13601.0673093096
-13601.0623148785
-13601.055526265
-13601.0775298347
-13601.1477426183
-13601.2503990068
-13601.3460751011
-13601.4088338367
-13601.4402910453
-13601.454697253
-13601.4894035502
-13601.505967663
-13601.5141949369
-13601.565430973
-13601.6268856126
-13601.6852194209
-13601.7283474596
-13601.7483535392
-13601.7415155948
-13601.7035159754
-13601.6186287092
-13601.4382661312
-13601.0511872726
-13600.334301667
-13599.485503079
-13599.2095358992
-13599.8116065002
-13600.6798581158
-13601.2842332013
-13601.5978268327
-13601.7460544035
-13601.8127477162
-13601.8358445912
-13601.8311171434
-13601.807825205
-13601.7797219516
-13601.7651206118
-13601.7724731598
-13601.7953005582
-13601.821666766
-13601.8425233937
-13601.8519847128
-13601.8433579962
-13601.8034508841
-13601.7081791734
-13601.5231018276
-13601.2144767795
-13600.7920951473
-13600.3830157372
-13600.2145276181
-13600.3723920797
-13600.6490703029
-13600.8427856019
-13600.9490959018
-13601.024148855
-13601.0998400786
-13601.1875788414
-13601.2903800342
-13601.404498385
-13601.5216550133
-13601.6357395792
-13601.7445612179
-13601.8484279147
-13601.9484636492
-13602.0453067413
-13602.1389296694
-13602.2287234648
-13602.313530825
-13602.3916300372
-13602.4602508683
-13602.5152276512
-13602.5509390818
-13602.5621671226
-13602.5471682743
-13602.5066558658
-13602.4347260452
-13602.3029614802
-13602.0509502747
-13601.6357938343
-13601.1423478414
-13600.76887238
-13600.6482268419
-13600.7365767339
-13600.901523592
-13601.048601547
-13601.1491312524
-13601.2088580482
-13601.2392596834
-13601.244872106
-13601.2169485997
-13601.1248242644
-13600.906526455
-13600.5051944512
-13600.030726753
-13599.8433280302
-13600.1222692707
-13600.6108452628
-13601.1078469188
-13601.3903440249
-13601.5571969422
-13601.6676718965
-13601.7442195596
-13601.7633294439
-13601.7348386255
-13601.7235897143
-13601.6711952667
-13601.5371191032
-13601.2492211233
-13600.709916554
-13599.8577210831
-13598.8845185109
-13598.3521645249
-13598.6571807209
-13599.4672433515
-13600.15510726
-13600.5088347986
-13600.655907253
-13600.7170052148
-13600.7405432022
-13600.7386778925
-13600.7092038004
-13600.6453589605
-13600.5457644678
-13600.4294068015
-13600.3512101673
-13600.3979372597
-13600.6418889297
-13601.0640755975
-13601.521329366
-13601.843427569
-13601.9946306714
-13602.0522476515
-13602.0823792182
-13602.1076338624
-13602.1255686538
-13602.1238879454
-13602.0948994336
-13602.0482400757
-13602.0026257463
-13601.9631067097
-13601.9220343831
-13601.8710197402
-13601.8025243498
-13601.7077268689
-13601.575335188
-13601.3941451164
-13601.1624678817
-13600.9048729641
-13600.6835226478
-13600.5820097789
-13600.6573636364
-13600.9012318976
-13601.245073837
-13601.5967484781
-13601.8846629947
-13602.086273776
-13602.2170134895
-13602.3006297574
-13602.353428997
-13602.3825026386
-13602.3878547126
-13602.3639706965
-13602.299082673
-13602.1641700505
-13601.8635842654
-13601.0759876778
-13599.4329381737
-13598.0729771306
-13598.2541456038
-13599.1828937523
-13600.0833003703
-13600.8687338031
-13601.424084926
-13601.7718613134
-13601.9694002635
-13602.0713367805
-13602.1150828285
-13602.1233603852
-13602.1080689068
-13602.0712563407
-13601.9998438122
-13601.8515378541
-13601.5420756518
-13601.0107112602
-13600.4340662285
-13600.2469317105
-13600.6227787938
-13601.2042905825
-13601.617555053
-13601.8136090121
-13601.8884983923
-13601.9110174414
-13601.9039801081
-13601.8746865339
-13601.8326960608
-13601.7853857217
-13601.7330710549
-13601.6706191068
-13601.5892526416
-13601.4736618835
-13601.2915441623
-13600.9706871254
-13600.3699355499
-13599.3797833715
-13598.4875042625
-13598.9031346616
-13600.4420166666
-13601.5311489659
-13601.9508877329
-13602.105340031
-13602.1721192803
-13602.2000910398
-13602.1999018791
-13602.1701667579
-13602.1051410603
-13601.9972455316
-13601.8371936883
-13601.6144527683
-13601.3506581567
-13600.993110353
-13600.558024117
-13600.0683423554
-13599.7457055826
-13599.7057177791
-13599.9378732121
-13600.2997945597
-13600.6426694763
-13600.8922679633
-13601.0401060289
-13601.1202273223
-13601.1707510303
-13601.206729023
-13601.2265696507
-13601.2243607663
-13601.1969432191
-13601.1468287294
-13601.0809267412
-13601.0065354645
-13600.9271841389
-13600.8678987197
-13600.7651421262
-13600.5947341451
-13600.2751637281
-13599.9137955462
-13599.76848597
-13600.1082992851
-13600.7740254053
-13601.3740113464
-13601.7195730448
-13601.8675138085
-13601.9222959238
-13601.9391629243
-13601.936156415
-13601.915356702
-13601.8710741784
-13601.7945024166
-13601.6805652827
-13601.5359832968
-13601.3775132964
-13601.2152822906
-13601.0413014149
-13600.9210420215
-13600.7272756564
-13600.5905917571
-13600.5343940271
-13600.6434554045
-13601.0984043236
-13601.7054366368
-13602.2017090979
-13602.4728516138
-13602.5930702381
-13602.6428129072
-13602.6600444676
-13602.6577708158
-13602.6367508096
-13602.5905888764
-13602.5067463744
-13602.3676886311
-13602.1577313748
-13601.8866718295
-13601.61540306
-13601.4159676299
-13601.2951868124
-13601.2160172264
-13601.1553386308
-13601.1197302202
-13601.1353690259
-13601.2051167636
-13601.2924438365
-13601.3623880666
-13601.4033105268
-13601.4166280662
-13601.4022141431
-13601.3484174762
-13601.2206545774
-13600.9438672279
-13600.4138016096
-13599.645296387
-13599.028295031
-13598.9681455827
-13599.5319228604
-13600.3386301093
-13600.985311427
-13601.4270133
-13601.6983824268
