# Time-averaged data for fix msdoutZ
# TimeStep c_msdO[4]
100 52.5339
200 52.4036
300 52.1655
400 51.7891
500 51.2279
600 50.4459
700 49.4793
800 48.4539
900 47.5435
1000 46.9347
1100 46.7843
1200 47.169
1300 48.0668
1400 49.3875
1500 50.9999
1600 52.745
1700 54.4577
1800 56.0064
1900 57.3167
2000 58.367
2100 59.1695
2200 59.7511
2300 60.1399
2400 60.3598
2500 60.43
2600 60.3633
2700 60.1632
2800 59.8203
2900 59.3041
3000 58.5511
3100 57.4699
3200 56.0035
3300 54.2347
3400 52.4351
3500 50.9827
3600 50.1823
3700 50.0918
3800 50.4939
3900 51.0592
4000 51.5638
4100 51.9337
4200 52.1601
4300 52.2503
4400 52.2278
4500 52.1292
4600 51.9912
4700 51.8526
4800 51.7716
4900 51.8245
5000 52.0642
5100 52.498
5200 53.1072
5300 53.8632
5400 54.722
5500 55.626
5600 56.5368
5700 57.4463
5800 58.3388
5900 59.1702
6000 59.9104
6100 60.5595
6200 61.0999
6300 61.4919
6400 61.729
6500 61.8371
6600 61.8289
6700 61.7126
6800 61.5187
6900 61.2804
7000 61.0065
7100 60.6849
7200 60.2982
7300 59.8276
7400 59.2488
7500 58.5298
7600 57.6295
7700 56.4957
7800 55.0681
7900 53.3024
8000 51.2344
8100 49.0349
8200 46.9845
8300 45.3414
8400 44.2165
8500 43.6002
8600 43.5007
8700 43.9961
8800 45.0816
8900 46.5761
9000 48.2141
9100 49.7899
9200 51.1915
9300 52.3811
9400 53.3599
9500 54.145
9600 54.7603
9700 55.231
9800 55.5787
9900 55.8181
10000 55.9568
10100 55.9916
10200 55.9086
10300 55.6954
10400 55.3619
10500 54.9469
10600 54.4795
10700 53.9551
10800 53.3658
10900 52.7104
11000 51.9716
11100 51.1177
11200 50.1342
11300 49.0306
11400 47.8192
11500 46.5201
11600 45.2001
11700 43.9785
11800 42.9742
11900 42.2442
12000 41.7665
12100 41.4637
12200 41.2743
12300 41.2516
12400 41.5521
12500 42.2396
12600 43.1634
12700 44.103
12800 44.9269
12900 45.602
13000 46.137
13100 46.5446
13200 46.8341
13300 47.0078
13400 47.0615
13500 46.9826
13600 46.7436
13700 46.2979
13800 45.5858
13900 44.5757
14000 43.3382
14100 42.0874
14200 41.1237
14300 40.7099
14400 40.9537
14500 41.7129
14600 42.7056
14700 43.6766
14800 44.5053
14900 45.1702
15000 45.6806
15100 46.0527
15200 46.314
15300 46.4996
15400 46.6397
15500 46.7589
15600 46.8866
15700 47.0613
15800 47.321
15900 47.6892
16000 48.1421
16100 48.5862
16200 48.906
16300 49.0437
16400 49.0216
16500 48.8827
16600 48.6434
16700 48.306
16800 47.8909
16900 47.4362
17000 46.9789
17100 46.5471
17200 46.1691
17300 45.8597
17400 45.5888
17500 45.2881
17600 44.9038
17700 44.4308
17800 43.9082
17900 43.4229
18000 43.0882
18100 42.9826
18200 43.1194
18300 43.4633
18400 43.9586
18500 44.5438
18600 45.1592
18700 45.7551
18800 46.3029
18900 46.7949
19000 47.2285
19100 47.5947
19200 47.8888
19300 48.1207
19400 48.3055
19500 48.4504
19600 48.5364
19700 48.5501
19800 48.4901
19900 48.3401
20000 48.0867
20100 47.7177
20200 47.2105
20300 46.5314
20400 45.6459
20500 44.5242
20600 43.1625
20700 41.6477
20800 40.2499
20900 39.3817
21000 39.3228
21100 40.0856
21200 41.366
21300 42.7597
21400 43.9887
21500 44.9465
21600 45.6756
21700 46.2689
21800 46.7921
21900 47.2773
22000 47.7436
22100 48.2046
22200 48.6626
22300 49.1122
22400 49.5523
22500 49.986
22600 50.4064
22700 50.7934
22800 51.1345
22900 51.427
23000 51.6591
23100 51.8122
23200 51.8823
23300 51.8788
23400 51.8023
23500 51.6467
23600 51.4202
23700 51.1416
23800 50.8214
23900 50.4681
24000 50.104
24100 49.7646
24200 49.4747
24300 49.2364
24400 49.0391
24500 48.8671
24600 48.6997
24700 48.5139
24800 48.2884
24900 48.0001
25000 47.6133
25100 47.0748
25200 46.316
25300 45.273
25400 43.9875
25500 42.7826
25600 42.3075
25700 43.0637
25800 45.0167
25900 47.5977
26000 50.0967
26100 51.9534
26200 52.9999
26300 53.5424
26400 53.8335
26500 53.952
26600 53.9138
26700 53.7096
26800 53.3118
26900 52.6702
27000 51.708
27100 50.3378
27200 48.5182
27300 46.3318
27400 44.0335
27500 42.0331
27600 40.7561
27700 40.3694
27800 40.6689
27900 41.3644
28000 42.2677
28100 43.2448
28200 44.1783
28300 44.9925
28400 45.6646
28500 46.201
28600 46.6126
28700 46.9074
28800 47.0892
28900 47.1562
29000 47.0922
29100 46.8292
29200 46.2221
29300 45.2384
29400 44.0524
29500 42.9136
29600 42.1183
29700 41.9218
29800 42.3977
29900 43.4166
30000 44.7461
30100 46.1607
30200 47.4987
30300 48.6725
30400 49.655
30500 50.457
30600 51.0985
30700 51.5971
30800 51.9723
30900 52.2442
31000 52.4228
31100 52.4943
31200 52.4234
31300 52.1796
31400 51.7537
31500 51.1572
31600 50.4252
31700 49.6109
31800 48.7688
31900 47.9468
32000 47.1884
32100 46.5356
32200 46.0295
32300 45.7076
32400 45.6014
32500 45.7321
32600 46.1119
32700 46.764
32800 47.7742
32900 49.3237
33000 51.5177
33100 54.1428
33200 56.815
33300 59.2515
33400 61.3439
33500 63.1056
33600 64.6007
33700 65.8993
33800 67.0605
33900 68.1321
34000 69.1567
34100 70.1801
34200 71.2587
34300 72.4741
34400 73.9603
34500 75.9116
34600 78.4809
34700 81.5662
34800 84.7764
34900 87.7162
35000 90.2427
35100 92.4349
35200 94.4251
35300 96.3073
35400 98.1336
35500 99.9329
35600 101.728
35700 103.546
35800 105.41
35900 107.347
36000 109.383
36100 111.554
36200 113.899
36300 116.449
36400 119.224
36500 122.214
36600 125.346
36700 128.469
36800 131.387
36900 133.951
37000 136.107
37100 137.894
37200 139.398
37300 140.713
37400 141.914
37500 143.058
37600 144.2
37700 145.404
37800 146.769
37900 148.458
38000 150.748
38100 153.937
38200 158.038
38300 162.641
38400 167.205
38500 171.372
38600 175.035
38700 178.242
38800 181.096
38900 183.705
39000 186.163
39100 188.535
39200 190.88
39300 193.26
39400 195.74
39500 198.396
39600 201.334
39700 204.739
39800 208.918
39900 214.233
40000 220.733
40100 227.63
40200 233.567
40300 237.837
40400 240.848
40500 243.233
40600 245.351
40700 247.37
40800 249.385
40900 251.483
41000 253.762
41100 256.331
41200 259.322
41300 262.894
41400 267.18
41500 272.189
41600 277.728
41700 283.431
41800 288.859
41900 293.629
42000 297.517
42100 300.518
42200 302.799
42300 304.593
42400 306.109
42500 307.505
42600 308.89
42700 310.329
42800 311.86
42900 313.523
43000 315.373
43100 317.476
43200 319.916
43300 322.803
43400 326.263
43500 330.388
43600 335.189
43700 340.578
43800 346.354
43900 352.214
44000 357.832
44100 362.963
44200 367.478
44300 371.333
44400 374.551
44500 377.204
44600 379.379
44700 381.15
44800 382.574
44900 383.71
45000 384.612
45100 385.326
45200 385.891
45300 386.347
45400 386.728
45500 387.056
45600 387.341
45700 387.594
45800 387.82
45900 388.023
46000 388.203
46100 388.366
46200 388.524
46300 388.686
46400 388.861
46500 389.067
46600 389.332
46700 389.688
46800 390.163
46900 390.78
47000 391.562
47100 392.538
47200 393.746
47300 395.247
47400 397.133
47500 399.508
47600 402.482
47700 406.163
47800 410.649
47900 415.969
48000 422.024
48100 428.584
48200 435.311
48300 441.81
48400 447.736
48500 452.908
48600 457.322
48700 461.077
48800 464.302
48900 467.137
49000 469.712
49100 472.127
49200 474.462
49300 476.816
49400 479.378
49500 482.507
49600 486.781
49700 492.775
49800 500.567
49900 509.508
50000 518.505
50100 526.59
50200 533.35
50300 538.88
50400 543.488
50500 547.486
50600 551.129
50700 554.603
50800 558.038
50900 561.56
51000 565.33
51100 569.554
51200 574.521
51300 580.683
51400 588.627
51500 598.645
51600 609.992
51700 620.823
51800 629.286
51900 634.95
52000 638.877
52100 642.115
52200 645.153
52300 648.201
52400 651.382
52500 654.826
52600 658.714
52700 663.269
52800 668.722
52900 675.269
53000 682.981
53100 691.675
53200 700.847
53300 709.821
53400 718.004
53500 725.044
53600 730.861
53700 735.605
53800 739.549
53900 742.954
54000 746.02
54100 748.9
54200 751.74
54300 754.713
54400 758.142
54500 762.922
54600 770.66
54700 781.786
54800 794.572
54900 806.799
55000 817.113
55100 825.338
55200 831.931
55300 837.421
55400 842.222
55500 846.623
55600 850.818
55700 854.963
55800 859.235
55900 863.85
56000 869.077
56100 875.288
56200 882.971
56300 892.524
56400 903.824
56500 915.965
56600 927.581
56700 937.507
56800 945.273
56900 951.161
57000 955.839
57100 959.923
57200 963.805
57300 967.701
57400 971.752
57500 976.086
57600 980.83
57700 986.13
57800 992.178
57900 999.184
58000 1007.29
58100 1016.5
58200 1026.61
58300 1037.21
58400 1047.69
58500 1057.38
58600 1065.8
58700 1072.67
58800 1078.01
58900 1082.09
59000 1085.3
59100 1088
59200 1090.46
59300 1092.84
59400 1095.27
59500 1097.89
59600 1100.79
59700 1104.02
59800 1107.62
59900 1111.62
60000 1116.06
60100 1121
60200 1126.58
60300 1132.98
60400 1140.35
60500 1148.8
60600 1158.35
60700 1168.83
60800 1179.86
60900 1190.85
61000 1201.22
61100 1210.47
61200 1218.28
61300 1224.58
61400 1229.51
61500 1233.42
61600 1236.63
61700 1239.4
61800 1241.93
61900 1244.39
62000 1246.93
62100 1249.73
62200 1253.25
62300 1258.61
62400 1267.31
62500 1278.95
62600 1291.9
62700 1304.87
62800 1316.91
62900 1327.5
63000 1336.55
63100 1344.27
63200 1350.97
63300 1356.94
63400 1362.42
63500 1367.65
63600 1372.83
63700 1378.17
63800 1383.94
63900 1390.56
64000 1398.62
64100 1408.79
64200 1421.53
64300 1436.42
64400 1452.01
64500 1466.44
64600 1478.53
64700 1488.19
64800 1496.03
64900 1502.78
65000 1509.02
65100 1515.14
65200 1521.37
65300 1527.86
65400 1534.72
65500 1542.12
65600 1550.21
65700 1559.14
65800 1569.02
65900 1579.9
66000 1591.69
66100 1604.11
66200 1616.67
66300 1628.74
66400 1639.61
66500 1648.59
66600 1655.5
66700 1660.7
66800 1664.79
66900 1668.25
67000 1671.39
67100 1674.44
67200 1677.59
67300 1681
67400 1684.92
67500 1689.7
67600 1695.77
67700 1703.46
67800 1712.72
67900 1723.12
68000 1734.18
68100 1745.53
68200 1756.9
68300 1768.09
68400 1778.94
68500 1789.34
68600 1799.2
68700 1808.53
68800 1817.37
68900 1825.75
69000 1833.75
69100 1841.46
69200 1849.03
69300 1856.63
69400 1864.51
69500 1873.05
69600 1882.79
69700 1894.29
69800 1908
69900 1923.82
70000 1940.82
70100 1957.37
70200 1971.89
70300 1983.66
70400 1992.92
70500 2000.37
70600 2006.71
70700 2012.47
70800 2018.01
70900 2023.6
71000 2029.47
71100 2035.86
71200 2043.03
71300 2051.22
71400 2060.57
71500 2071.07
71600 2082.5
71700 2094.49
71800 2106.7
71900 2118.92
72000 2130.98
72100 2142.78
72200 2154.24
72300 2165.34
72400 2176.06
72500 2186.45
72600 2196.52
72700 2206.33
72800 2215.97
72900 2225.52
73000 2235.12
73100 2244.99
73200 2255.45
73300 2266.86
73400 2279.6
73500 2293.88
73600 2309.59
73700 2326.11
73800 2342.4
73900 2357.38
74000 2370.31
74100 2381.04
74200 2389.87
74300 2397.3
74400 2403.78
74500 2409.7
74600 2415.33
74700 2420.94
74800 2426.86
74900 2433.55
75000 2441.99
75100 2453.9
75200 2470.92
75300 2492.13
75400 2514.25
75500 2534.39
75600 2551.5
75700 2565.86
75800 2578.18
75900 2589.09
76000 2599.09
76100 2608.54
76200 2617.71
76300 2626.86
76400 2636.25
76500 2646.18
76600 2657.04
76700 2669.42
76800 2684.16
76900 2702.22
77000 2723.95
77100 2747.84
77200 2770.3
77300 2787.9
77400 2800.19
77500 2809.11
77600 2816.44
77700 2823.1
77800 2829.57
77900 2836.17
78000 2843.19
78100 2850.96
78200 2859.87
78300 2870.41
78400 2883.05
78500 2898.05
78600 2915.17
78700 2933.61
78800 2952.18
78900 2969.71
79000 2985.44
79100 2999.11
79200 3010.85
79300 3020.96
79400 3029.8
79500 3037.64
79600 3044.6
79700 3050.56
79800 3055.15
79900 3058.34
80000 3060.61
80100 3062.41
80200 3063.99
80300 3065.47
80400 3066.96
80500 3068.56
80600 3070.39
80700 3072.64
80800 3075.55
80900 3079.38
81000 3084.3
81100 3090.37
81200 3097.62
81300 3106.16
81400 3116.15
81500 3127.78
81600 3141.22
81700 3156.5
81800 3173.4
81900 3191.36
82000 3209.57
82100 3227.08
82200 3243.09
82300 3257.05
82400 3268.82
82500 3278.53
82600 3286.53
82700 3293.21
82800 3298.93
82900 3303.97
83000 3308.56
83100 3312.85
83200 3316.99
83300 3321.19
83400 3325.83
83500 3331.53
83600 3339.18
83700 3349.72
83800 3363.65
83900 3380.8
84000 3400.4
84100 3421.18
84200 3441.56
84300 3460.21
84400 3476.41
84500 3490.11
84600 3501.72
84700 3511.76
84800 3520.74
84900 3529.06
85000 3537.08
85100 3545.13
85200 3553.6
85300 3563.17
85400 3575.13
85500 3591.7
85600 3614.77
85700 3642.81
85800 3671.04
85900 3695.47
86000 3715.27
86100 3731.58
86200 3745.73
86300 3758.59
86400 3770.74
86500 3782.53
86600 3794.25
86700 3806.16
86800 3818.56
86900 3831.73
87000 3846.06
87100 3862
87200 3880.08
87300 3900.77
87400 3924.08
87500 3948.96
87600 3972.99
87700 3993.34
87800 4008.79
87900 4020.22
88000 4029.2
88100 4036.85
88200 4043.87
88300 4050.69
88400 4057.67
88500 4065.17
88600 4073.63
88700 4083.68
88800 4096.08
88900 4111.57
89000 4130.28
89100 4151.43
89200 4173.52
89300 4195.12
89400 4215.4
89500 4234.1
89600 4251.36
89700 4267.42
89800 4282.55
89900 4297.01
90000 4311.02
90100 4324.79
90200 4338.51
90300 4352.4
90400 4366.67
90500 4381.65
90600 4397.82
90700 4416.01
90800 4437.55
90900 4463.52
91000 4493.12
91100 4522.75
91200 4548.05
91300 4567.3
91400 4581.72
91500 4593.22
91600 4603.15
91700 4612.32
91800 4621.22
91900 4630.27
92000 4639.87
92100 4650.5
92200 4662.79
92300 4677.54
92400 4695.57
92500 4717.27
92600 4741.99
92700 4767.92
92800 4792.77
92900 4814.79
93000 4833.28
93100 4848.46
93200 4861.11
93300 4872.12
93400 4882.29
93500 4892.25
93600 4902.38
93700 4912.91
93800 4924.03
93900 4936
94000 4949.18
94100 4964
94200 4980.87
94300 5000.08
94400 5021.6
94500 5044.87
94600 5068.81
94700 5091.95
94800 5112.96
94900 5131.03
95000 5146.04
95100 5158.37
95200 5168.66
95300 5177.53
95400 5185.51
95500 5192.98
95600 5200.3
95700 5207.87
95800 5216.41
95900 5227.48
96000 5243.98
96100 5267.97
96200 5297.65
96300 5328.74
96400 5357.37
96500 5381.65
96600 5401.58
96700 5418.14
96800 5432.36
96900 5445.11
97000 5456.99
97100 5468.47
97200 5479.99
97300 5491.97
97400 5505
97500 5519.86
97600 5537.8
97700 5560.52
97800 5589.3
97900 5623.04
98000 5657.27
98100 5686.43
98200 5707.74
98300 5722.66
98400 5734.25
98500 5744.55
98600 5754.55
98700 5764.71
98800 5775.41
98900 5787.06
99000 5800.16
99100 5815.29
99200 5833.04
99300 5853.83
99400 5877.63
99500 5903.67
99600 5930.43
99700 5956.08
99800 5979.03
99900 5998.25
100000 6013.58
100100 6025.54
100200 6035.02
100300 6042.9
100400 6049.85
100500 6056.4
100600 6062.93
100700 6069.8
100800 6077.33
100900 6085.87
101000 6095.59
101100 6106.42
101200 6118.16
101300 6130.8
101400 6144.49
101500 6159.54
101600 6176.31
101700 6195.16
101800 6216.37
101900 6239.87
102000 6265.1
102100 6291.02
102200 6316.28
102300 6339.5
102400 6359.78
102500 6376.85
102600 6391.01
102700 6402.82
102800 6412.91
102900 6421.85
103000 6430.07
103100 6437.95
103200 6445.85
103300 6454.34
103400 6464.57
103500 6478.8
103600 6499.72
103700 6527.74
103800 6560.14
103900 6592.91
104000 6622.7
104100 6647.96
104200 6668.86
104300 6686.38
104400 6701.54
104500 6715.21
104600 6728.05
104700 6740.56
104800 6753.21
104900 6766.52
105000 6781.17
105100 6798.26
105200 6819.51
105300 6847.25
105400 6882.67
105500 6922.75
105600 6960.58
105700 6990.39
105800 7011.66
105900 7027.61
106000 7041.28
106100 7054.22
106200 7067.13
106300 7080.47
106400 7094.62
106500 7110.08
106600 7127.4
106700 7147.16
106800 7169.82
106900 7195.47
107000 7223.6
107100 7252.87
107200 7281.4
107300 7307.26
107400 7329.1
107500 7346.53
107600 7360.1
107700 7370.88
107800 7379.91
107900 7387.98
108000 7395.63
108100 7403.32
108200 7411.45
108300 7420.51
108400 7431.08
108500 7443.87
108600 7459.48
108700 7477.87
108800 7498.14
108900 7519.41
109000 7541.24
109100 7563.35
109200 7585.53
109300 7607.58
109400 7629.33
109500 7650.66
109600 7671.43
109700 7691.58
109800 7711.15
109900 7730.2
110000 7748.81
110100 7767.15
110200 7785.47
110300 7804.05
110400 7823.26
110500 7843.57
110600 7865.57
110700 7889.79
110800 7916.56
110900 7945.62
111000 7975.97
111100 8005.83
111200 8033.18
111300 8056.66
111400 8076.06
111500 8092.07
111600 8105.74
111700 8118
111800 8129.64
111900 8141.26
112000 8153.4
112100 8166.65
112200 8181.86
112300 8200.48
112400 8225.14
112500 8259.49
112600 8304.12
112700 8351.27
112800 8389.49
112900 8414.59
113000 8428.86
113100 8434.42
113200 8432.6
113300 8425.51
113400 8416.11
113500 8406.64
113600 8398.33
113700 8391.68
113800 8386.81
113900 8383.65
114000 8382.04
114100 8381.82
114200 8382.91
114300 8385.22
114400 8388.73
114500 8393.47
114600 8399.59
114700 8407.31
114800 8416.8
114900 8428.06
115000 8440.69
115100 8453.73
115200 8465.91
115300 8476.52
115400 8485.76
115500 8494.17
115600 8502.11
115700 8509.52
115800 8515.97
115900 8520.85
116000 8523.65
116100 8524.18
116200 8522.72
116300 8520.05
116400 8517.14
116500 8514.83
116600 8513.57
116700 8513.38
116800 8513.86
116900 8514.32
117000 8513.99
117100 8512.31
117200 8509.15
117300 8504.74
117400 8499.61
117500 8494.31
117600 8489.31
117700 8484.94
117800 8481.36
117900 8478.65
118000 8476.86
118100 8476.08
118200 8476.42
118300 8477.82
118400 8480.08
118500 8482.95
118600 8486.25
118700 8489.9
118800 8493.93
118900 8498.42
119000 8503.5
119100 8509.34
119200 8516.15
119300 8524.2
119400 8533.96
119500 8546.19
119600 8562.13
119700 8583.43
119800 8610.84
119900 8641.85
120000 8670.62
120100 8692.59
120200 8708.32
120300 8720.43
120400 8730.23
120500 8737.72
120600 8742.38
120700 8743.83
120800 8742.17
120900 8737.96
121000 8731.9
121100 8724.69
121200 8716.99
121300 8709.44
121400 8702.65
121500 8697.05
121600 8692.9
121700 8690.26
121800 8689.01
121900 8688.99
122000 8689.93
122100 8691.6
122200 8693.81
122300 8696.53
122400 8699.79
122500 8703.69
122600 8708.34
122700 8713.91
122800 8720.71
122900 8729.38
123000 8741.37
123100 8758.82
123200 8781.1
123300 8802.43
123400 8817.29
123500 8824.71
123600 8827.41
123700 8828.6
123800 8830
123900 8832.21
124000 8835.34
124100 8839.41
124200 8844.42
124300 8850.36
124400 8857.22
124500 8865.06
124600 8873.99
124700 8884.29
124800 8896.32
124900 8910.45
125000 8926.71
125100 8944.18
125200 8960.94
125300 8975.22
125400 8986.98
125500 8997.3
125600 9007.13
125700 9016.9
125800 9026.68
125900 9036.34
126000 9045.64
126100 9054.38
126200 9062.26
126300 9068.82
126400 9073.87
126500 9077.19
126600 9078.27
126700 9075.45
126800 9066.79
126900 9052.55
127000 9035.62
127100 9019.08
127200 9004.83
127300 8993.36
127400 8984.33
127500 8977.21
127600 8971.45
127700 8966.56
127800 8962.1
127900 8957.71
128000 8953.14
128100 8948.3
128200 8943.24
128300 8938.34
128400 8934.28
128500 8931.84
128600 8931.42
128700 8932.69
128800 8934.82
128900 8936.9
129000 8937.9
129100 8937.63
129200 8936.55
129300 8935.49
129400 8934.86
129500 8934.92
129600 8935.96
129700 8938.3
129800 8942.3
129900 8948.69
130000 8958.89
130100 8974.42
130200 8994.87
130300 9016.71
130400 9035.01
130500 9047.3
130600 9054.16
130700 9057.5
130800 9058.86
130900 9059.41
131000 9059.96
131100 9060.9
131200 9062.35
131300 9064.34
131400 9066.93
131500 9070.23
131600 9074.34
131700 9079.37
131800 9085.42
131900 9092.51
132000 9100.62
132100 9109.39
132200 9117.39
132300 9121.11
132400 9117.33
132500 9106.45
132600 9092.39
132700 9078.23
132800 9064.89
132900 9052.34
133000 9040.27
133100 9028.55
133200 9017.24
133300 9006.41
133400 8996.09
133500 8986.2
133600 8976.53
133700 8966.75
133800 8956.46
133900 8945.52
134000 8934.18
134100 8923.01
134200 8912.49
134300 8902.87
134400 8894.18
134500 8886.29
134600 8878.97
134700 8871.87
134800 8864.58
134900 8856.7
135000 8847.97
135100 8838.27
135200 8827.71
135300 8816.61
135400 8805.65
135500 8795.97
135600 8788.76
135700 8784.5
135800 8782.67
135900 8782.43
136000 8783.19
136100 8784.6
136200 8786.48
136300 8788.84
136400 8791.76
136500 8795.37
136600 8799.93
136700 8805.68
136800 8812.52
136900 8819.9
137000 8827.15
137100 8833.92
137200 8840.17
137300 8845.88
137400 8851
137500 8855.66
137600 8860.25
137700 8865.28
137800 8871.2
137900 8878.28
138000 8886.65
138100 8896.38
138200 8907.47
138300 8919.84
138400 8933.29
138500 8947.4
138600 8961.5
138700 8974.68
138800 8986.23
138900 8995.87
139000 9003.44
139100 9008.94
139200 9013.09
139300 9016.24
139400 9018.67
139500 9020.59
139600 9022.19
139700 9023.63
139800 9025.06
139900 9026.54
140000 9028.13
140100 9029.94
140200 9032.15
140300 9034.95
140400 9038.48
140500 9042.83
140600 9048.06
140700 9054.22
140800 9061.35
140900 9069.5
141000 9078.71
141100 9088.95
141200 9100.14
141300 9112.13
141400 9124.73
141500 9137.73
141600 9150.85
141700 9163.75
141800 9176.05
141900 9187.36
142000 9197.4
142100 9206.09
142200 9213.55
142300 9220.05
142400 9226.18
142500 9232.79
142600 9240.75
142700 9250.73
142800 9262.75
142900 9276.14
143000 9289.84
143100 9302.92
143200 9314.77
143300 9325.14
143400 9334.04
143500 9341.62
143600 9348.13
143700 9353.8
143800 9358.86
143900 9363.5
144000 9367.83
144100 9371.97
144200 9375.95
144300 9379.76
144400 9383.39
144500 9386.82
144600 9390.14
144700 9393.49
144800 9397.05
144900 9400.95
145000 9405.32
145100 9410.27
145200 9415.93
145300 9422.58
145400 9430.75
145500 9441.71
145600 9458.22
145700 9483.91
145800 9518.96
145900 9558.87
146000 9597.98
146100 9632.51
146200 9661.32
146300 9685.18
146400 9705.27
146500 9722.48
146600 9737.38
146700 9750.33
146800 9761.58
146900 9771.31
147000 9779.6
147100 9786.51
147200 9792.07
147300 9796.34
147400 9799.6
147500 9802.29
147600 9804.47
147700 9806.14
147800 9810.44
147900 9817.15
148000 9822.78
148100 9826.81
148200 9828.92
148300 9828.96
148400 9827.08
148500 9823.36
148600 9817.79
148700 9810.21
148800 9800.39
148900 9787.94
149000 9772.34
149100 9752.91
149200 9728.98
149300 9700.33
149400 9667.96
149500 9634.57
149600 9604.05
149700 9580.05
149800 9563.72
149900 9553.2
150000 9546.08
150100 9540.88
150200 9536.83
150300 9533.5
150400 9530.57
150500 9527.81
150600 9525.01
150700 9521.97
150800 9518.49
150900 9514.4
151000 9509.64
151100 9504.3
151200 9498.58
151300 9492.71
151400 9486.98
151500 9481.72
151600 9477.37
151700 9474.32
151800 9472.8
151900 9472.76
152000 9474.02
152100 9476.47
152200 9480.07
152300 9484.64
152400 9490.03
152500 9496.14
152600 9502.91
152700 9510.47
152800 9519.06
152900 9529.14
153000 9541.25
153100 9555.85
153200 9572.92
153300 9591.5
153400 9609.72
153500 9625.48
153600 9637.54
153700 9645.96
153800 9651.65
153900 9655.52
154000 9658.24
154100 9660.3
154200 9662.15
154300 9664.18
154400 9666.74
154500 9670.07
154600 9674.41
154700 9679.82
154800 9686.14
154900 9692.82
155000 9699.19
155100 9704.69
155200 9708.97
155300 9711.87
155400 9713.31
155500 9713.21
155600 9711.48
155700 9708
155800 9702.72
155900 9695.7
156000 9687.26
156100 9678
156200 9668.69
156300 9660.03
156400 9652.39
156500 9645.73
156600 9639.88
156700 9634.7
156800 9630.09
156900 9625.8
157000 9621.48
157100 9616.76
157200 9611.43
157300 9605.37
157400 9598.44
157500 9590.46
157600 9581.04
157700 9569.53
157800 9554.73
157900 9535.08
158000 9509.89
158100 9481.66
158200 9455.59
158300 9435.57
158400 9421.69
158500 9412.09
158600 9405.31
158700 9400.79
158800 9398.3
158900 9397.77
159000 9399.18
159100 9402.51
159200 9407.67
159300 9414.52
159400 9422.91
159500 9432.69
159600 9443.73
159700 9455.96
159800 9469.33
159900 9483.82
160000 9499.33
160100 9515.64
160200 9532.18
160300 9548.06
160400 9562.3
160500 9574.26
160600 9583.9
160700 9591.58
160800 9597.79
160900 9602.92
161000 9607.19
161100 9610.74
161200 9613.62
161300 9615.89
161400 9617.59
161500 9618.78
161600 9619.47
161700 9619.65
161800 9619.37
161900 9618.82
162000 9618.15
162100 9617.44
162200 9616.66
162300 9615.75
162400 9614.64
162500 9613.29
162600 9611.71
162700 9609.94
162800 9608.05
162900 9606.16
163000 9604.45
163100 9603.16
163200 9602.7
163300 9603.35
163400 9605.04
163500 9607.46
163600 9610.12
163700 9612.39
163800 9613.74
163900 9614
164000 9613.34
164100 9611.96
164200 9609.92
164300 9607.19
164400 9603.72
164500 9599.54
164600 9594.81
164700 9589.92
164800 9585.61
164900 9582.9
165000 9582.76
165100 9585.86
165200 9592.61
165300 9603.54
165400 9620.09
165500 9644.46
165600 9675.89
165700 9709.37
165800 9738.86
165900 9761.47
166000 9778.03
166100 9790.32
166200 9799.5
166300 9806.22
166400 9810.81
166500 9813.42
166600 9813.99
166700 9812.2
166800 9807.48
166900 9799.11
167000 9786.75
167100 9770.92
167200 9753.09
167300 9735.14
167400 9718.5
167500 9703.77
167600 9690.96
167700 9679.89
167800 9670.09
167900 9660.98
168000 9652.05
168100 9642.9
168200 9633.21
168300 9622.74
168400 9611.31
168500 9598.8
168600 9585.12
168700 9570.24
168800 9554.16
168900 9536.99
169000 9518.95
169100 9500.39
169200 9481.84
169300 9464
169400 9447.9
169500 9434.54
169600 9424.19
169700 9416.37
169800 9410.49
169900 9406.1
170000 9402.97
170100 9400.99
170200 9400.16
170300 9400.55
170400 9402.36
170500 9405.91
170600 9411.75
170700 9420.55
170800 9432.89
170900 9448.92
171000 9468.1
171100 9489.25
171200 9510.87
171300 9531.58
171400 9550.56
171500 9567.63
171600 9582.97
171700 9596.94
171800 9609.88
171900 9622.1
172000 9633.94
172100 9645.85
172200 9658.46
172300 9672.5
172400 9688.49
172500 9706.38
172600 9725.1
172700 9742.73
172800 9757.31
172900 9767.99
173000 9775.18
173100 9779.86
173200 9782.94
173300 9785
173400 9786.36
173500 9787.03
173600 9786.79
173700 9785.29
173800 9782.19
173900 9777.25
174000 9770.29
174100 9761.02
174200 9748.61
174300 9731.93
174400 9711.14
174500 9689
174600 9669.31
174700 9653.88
174800 9641.86
174900 9631.73
175000 9622.39
175100 9613.25
175200 9603.99
175300 9594.46
175400 9584.71
175500 9574.93
175600 9565.38
175700 9556.22
175800 9547.48
175900 9540.03
176000 9535.3
176100 9532.54
176200 9532.5
176300 9535.69
176400 9540.83
176500 9547.22
176600 9554.13
176700 9560.88
176800 9567.77
176900 9575.53
177000 9584.4
177100 9594.04
177200 9603.93
177300 9613.7
177400 9623.31
177500 9632.99
177600 9643.31
177700 9655.21
177800 9669.73
177900 9687.15
178000 9706.13
178100 9724.27
178200 9739.1
178300 9749.31
178400 9755.43
178500 9758.62
178600 9759.59
178700 9758.57
178800 9755.57
178900 9750.51
179000 9743.3
179100 9733.95
179200 9722.51
179300 9709.01
179400 9693.49
179500 9675.59
179600 9654.51
179700 9630.06
179800 9604.34
179900 9580.99
180000 9562.84
180100 9550.21
180200 9541.47
180300 9534.9
180400 9529.47
180500 9524.64
180600 9520.12
180700 9515.77
180800 9511.51
180900 9507.42
181000 9503.79
181100 9501.12
181200 9499.86
181300 9500.1
181400 9502.31
181500 9509.07
181600 9520.9
181700 9535.59
181800 9552.47
181900 9569.99
182000 9586.37
182100 9600.97
182200 9613.86
182300 9625.33
182400 9635.73
182500 9645.34
182600 9654.44
182700 9663.34
182800 9672.44
182900 9682.39
183000 9694.12
183100 9708.6
183200 9725.54
183300 9742.59
183400 9756.91
183500 9767.63
183600 9775.64
183700 9782.13
183800 9788.01
183900 9793.3
184000 9797.35
184100 9799.63
184200 9799.79
184300 9797.82
184400 9793.9
184500 9788.19
184600 9780.73
184700 9771.35
184800 9759.67
184900 9745.03
185000 9726.43
185100 9702.72
185200 9673.36
185300 9639.75
185400 9605.92
185500 9576.73
185600 9554.6
185700 9538.59
185800 9526.58
185900 9516.98
186000 9508.87
186100 9501.77
186200 9495.47
186300 9489.94
186400 9485.35
186500 9482.13
186600 9480.73
186700 9481.26
186800 9483.64
186900 9488.13
187000 9495.38
187100 9506.16
187200 9520.95
187300 9538.87
187400 9556.67
187500 9570.16
187600 9578.68
187700 9584.51
187800 9589.18
187900 9593.29
188000 9597.13
188100 9600.88
188200 9604.69
188300 9608.66
188400 9612.87
188500 9617.28
188600 9621.61
188700 9625.33
188800 9628.17
188900 9630.3
189000 9632.05
189100 9633.41
189200 9634.38
189300 9635.1
189400 9635.42
189500 9635.24
189600 9634.45
189700 9632.95
189800 9630.62
189900 9627.25
190000 9622.44
190100 9615.32
190200 9604.81
190300 9591.26
190400 9576.99
190500 9563.52
190600 9551.45
190700 9541.03
190800 9532.3
190900 9525.63
191000 9521.12
191100 9518.41
191200 9516.86
191300 9515.88
191400 9515.08
191500 9514.23
191600 9513.19
191700 9511.89
191800 9510.24
191900 9508.16
192000 9505.65
192100 9503
192200 9500.83
192300 9501.76
192400 9507.79
192500 9513.5
192600 9518.97
192700 9524.64
192800 9530.82
192900 9537.56
193000 9544.85
193100 9552.59
193200 9560.77
193300 9569.49
193400 9579.05
193500 9589.97
193600 9602.86
193700 9618.2
193800 9635.87
193900 9655
194000 9674.23
194100 9692.13
194200 9707.65
194300 9720.35
194400 9730.42
194500 9738.31
194600 9744.5
194700 9749.36
194800 9752.99
194900 9755.26
195000 9755.9
195100 9754.62
195200 9751.13
195300 9745.13
195400 9736.2
195500 9723.42
195600 9705.16
195700 9680.76
195800 9654
195900 9631.27
196000 9614.98
196100 9603.06
196200 9593.23
196300 9584.34
196400 9575.89
196500 9567.65
196600 9559.59
196700 9551.88
196800 9544.85
196900 9538.96
197000 9534.65
197100 9532.1
197200 9531.17
197300 9531.45
197400 9532.41
197500 9533.77
197600 9535.49
197700 9537.46
197800 9539.58
197900 9541.73
198000 9543.82
198100 9545.81
198200 9547.68
198300 9549.46
198400 9551.23
198500 9553.1
198600 9555.28
198700 9558.08
198800 9561.94
198900 9567.34
199000 9574.68
199100 9584.18
199200 9595.73
199300 9608.85
199400 9623.07
199500 9638.04
199600 9653.26
199700 9667.81
199800 9680.69
199900 9691.32
200000 9699.63
