# Fix print output for fix totenergy
-4849.6680075568
-4849.66478133351
-4849.64576840115
-4849.57404510679
-4849.37259143175
-4848.98614414343
-4848.5542241893
-4848.35620877235
-4848.53045357971
-4849.00549005355
-4849.60130669264
-4850.15570074084
-4850.59358563635
-4850.91353234002
-4851.14500040289
-4851.31978030779
-4851.46190816723
-4851.58798622287
-4851.70997339699
-4851.83697599058
-4851.97576816196
-4852.13106131047
-4852.30651828891
-4852.50518106773
-4852.72432117455
-4852.94234611146
-4853.12120700305
-4853.24190099067
-4853.3160370197
-4853.36106374491
-4853.3866575233
-4853.39461607525
-4853.38067969708
-4853.33528813934
-4853.24486509765
-4853.09716432344
-4852.89400057347
-4852.66571186431
-4852.47137727891
-4852.39012704259
-4852.41318615975
-4852.60828199849
-4853.07786259317
-4853.63766872886
-4853.91879523163
-4854.02146484237
-4854.06311726405
-4854.08155645926
-4854.08661252974
-4854.0786084031
-4854.05154040143
-4854.00752205405
-4853.9026239962
-4853.74863215915
-4853.52161864943
-4853.18646308993
-4852.78503852269
-4852.47767070478
-4852.4472350683
-4852.64786083422
-4852.95187103964
-4853.24237696085
-4853.48834789357
-4853.64135376968
-4853.74084051842
-4853.78165146028
-4853.81848984102
-4853.8330500419
-4853.81919924943
-4853.74433227675
-4853.51456305215
-4852.99655069478
-4852.18925570947
-4851.51170238065
-4851.39773545221
-4851.93033242036
-4852.89154397209
-4853.70475794239
-4854.12729924261
-4854.32860907662
-4854.41807902063
-4854.45591208592
-4854.46363001788
-4854.44523121541
-4854.39322453693
-4854.31601491494
-4854.13607072859
-4853.84894191606
-4853.42182381802
-4852.8639435621
-4852.43825541167
-4852.38608528193
-4852.82432658966
-4853.56899868078
-4854.16352166538
-4854.421075326
-4854.504585304
-4854.53033323086
-4854.53554463614
-4854.5304813459
-4854.51711897944
-4854.4934050923
-4854.45318177802
-4854.38541064451
-4854.27666672763
-4854.12083470885
-4853.92882523804
-4853.7242759793
-4853.53214687789
-4853.37471429623
-4853.27162966503
-4853.23629732253
-4853.26997019579
-4853.35961618036
-4853.48299392636
-4853.61785143854
-4853.7489494877
-4853.86958867867
-4853.97858367017
-4854.0753330487
-4854.15702644413
-4854.22093269577
-4854.26759935192
-4854.30015565349
-4854.32162621892
-4854.33349875759
-4854.33544424156
-4854.32508913451
-4854.29675111101
-4854.23828183111
-4854.12765560941
-4853.94325351193
-4853.69825057554
-4853.43505523476
-4853.18806869129
-4852.98979079125
-4852.87747193238
-4852.86820478274
-4852.94069387287
-4853.04984835814
-4853.15565433742
-4853.23733476316
-4853.290157167
-4853.31618934456
-4853.31636994217
-4853.28353399804
-4853.19163106977
-4852.97511804895
-4852.51678066657
-4851.79376169148
-4851.04112488751
-4850.78242842289
-4850.89160837399
-4851.07329950467
-4851.44968637751
-4852.04454398935
-4852.57269101555
-4852.85961583186
-4852.97799224427
-4853.01702291227
-4853.02463642563
-4853.02109949198
-4853.01375413884
-4853.00392070565
-4852.98938054155
-4852.9650172703
-4852.9223943043
-4852.84932541512
-4852.73150906719
-4852.55927727882
-4852.34115149817
-4852.14020942597
-4851.96980135865
-4851.85988324455
-4851.7436614941
-4851.55514663782
-4851.38858766393
-4851.46993382853
-4851.77208118943
-4852.16640670341
-4852.49989497046
-4852.6897853186
-4852.76457577043
-4852.78777037566
-4852.79440702529
-4852.79617375397
-4852.79398604305
-4852.78392629375
-4852.75748665265
-4852.70391190322
-4852.6148689454
-4852.49342962379
-4852.35788039906
-4852.2331050468
-4852.13463955923
-4852.09492488936
-4852.05747881289
-4852.04872981349
-4851.97052125892
-4851.67121799307
-4851.32642692525
-4851.15424379064
-4851.23050949685
-4851.43173904316
-4851.62564609957
-4851.7582076807
-4851.82944832099
-4851.85549678505
-4851.85060549965
-4851.82269843979
-4851.77326932224
-4851.69739324353
-4851.58396131464
-4851.42191632974
-4851.22571905801
-4851.06025403435
-4850.9710390443
-4850.92893874596
-4850.90618303543
-4850.89410050692
-4850.89177435865
-4850.90170315027
-4850.92937604593
-4850.98201354173
-4851.06870039368
-4851.19596026961
-4851.36251328924
-4851.55478268033
-4851.7486300712
-4851.91882798759
-4852.04888088279
-4852.17051735109
-4852.20081439243
-4852.20694858107
-4852.20377650599
-4852.16995837403
-4852.02978190835
-4851.61879870091
-4850.92573141468
-4850.06938474682
-4849.55015295041
-4849.62717741601
-4850.05210716896
-4850.47851357835
-4850.76423526636
-4850.92037505865
-4850.9936007227
-4851.0186139449
-4851.01416859694
-4850.98859931157
-4850.94458227031
-4850.88295261702
-4850.80615058245
-4850.72135639185
-4850.63568714035
-4850.55249366356
-4850.46926658038
-4850.38359095999
-4850.29627766163
-4850.21309462677
-4850.14526206808
-4850.10840348014
-4850.11943548932
-4850.19225838975
-4850.33397032098
-4850.54190066411
-4850.79750949516
-4851.06219185545
-4851.28983386532
-4851.45739369993
-4851.57190395461
-4851.65038294968
-4851.70525186017
-4851.74161528667
-4851.7583414834
-4851.74855343365
-4851.69844670077
-4851.58387163517
-4851.3721127195
-4851.08952481834
-4851.00458044439
-4851.4152553916
-4851.99854630325
-4852.34783326895
-4852.5331678448
-4852.65362205855
-4852.76764049614
-4852.93931537635
-4853.15092289803
-4853.38358617795
-4853.58573054674
-4853.72214219525
-4853.79422126667
-4853.8228870148
-4853.82893340959
-4853.82118380021
-4853.78834129031
-4853.67516716567
-4853.33666144367
-4852.64089744557
-4851.86599653187
-4851.48765367308
-4851.60268815551
-4851.98858607598
-4852.39818848147
-4852.7108730349
-4852.91365082956
-4853.03357163308
-4853.09851840862
-4853.12670336949
-4853.1264442425
-4853.09665890531
-4853.02198243027
-4852.8519912513
-4852.43995387338
-4851.48541754416
-4850.03949791385
-4849.46861878264
-4850.54978669029
-4851.89963816503
-4852.62200144894
-4852.91179005492
-4853.03321561522
-4853.09439302082
-4853.13128139768
-4853.16035906318
-4853.19577605878
-4853.25047472792
-4853.32875048094
-4853.42361945517
-4853.52567893261
-4853.63215404383
-4853.74672646524
-4853.87366855534
-4854.008781056
-4854.13621686246
-4854.24059237651
-4854.31897996125
-4854.37805403611
-4854.42389788202
-4854.45707406075
-4854.47370128552
-4854.46718204386
-4854.42687525923
-4854.33106953249
-4854.13440335567
-4853.76459576813
-4853.18744199923
-4852.59780343479
-4852.2160101776
-4852.07159554794
-4852.08795410928
-4852.31299997849
-4852.70219121423
-4853.10690946365
-4853.38672946827
-4853.54872776096
-4853.63758493152
-4853.68916265391
-4853.72278688444
-4853.74604369755
-4853.75864109225
-4853.74699689948
-4853.6676188669
-4853.49635050013
-4853.21527630144
-4852.92022764921
-4852.59375287239
-4852.10962342515
-4851.64625175777
-4851.3289563158
-4851.36763263154
-4851.98049728347
-4852.70877929461
-4853.15777379393
-4853.34695174846
-4853.41446844318
-4853.43553561161
-4853.43819324175
-4853.42595409574
-4853.38301409314
-4853.26606115889
-4852.99479351032
-4852.50143867528
-4851.93453391374
-4851.7913053399
-4852.1230371833
-4852.4432719932
-4852.74465570956
-4853.27586235158
-4853.83531013488
-4854.14647804934
-4854.28193056195
-4854.30750886621
-4854.31273405043
-4854.30135322672
-4854.28047492112
-4854.24852422052
-4854.19316119762
-4854.08596692082
-4853.8853266667
-4853.57021331199
-4853.22470839057
-4852.9670757725
-4852.9023605471
-4853.01571983928
-4853.28382988812
-4853.6620338357
-4854.00814228162
-4854.26828402099
-4854.42040531263
-4854.4978649758
-4854.53109867938
-4854.53563591172
-4854.51349240351
-4854.45598907548
-4854.33825476187
-4854.07875822839
-4853.36351089966
-4851.42455815691
-4849.20429708978
-4849.63440375867
-4851.21578706866
-4852.18262039378
-4852.64412927199
-4852.88264800519
-4853.01729894114
-4853.09542592576
-4853.13798267609
-4853.15330306078
-4853.14171986984
-4853.09848699376
-4853.01987487171
-4852.91782018428
-4852.84342493341
-4852.88843612045
-4853.117698542
-4853.44980865984
-4853.70417557306
-4853.81538110948
-4853.8516854326
-4853.87911442564
-4853.91429505836
-4853.94702732891
-4853.96410659801
-4853.95507973552
-4853.90953750885
-4853.80948768738
-4853.62478269052
-4853.30960213302
-4852.84990031083
-4852.33392558283
-4851.89757508059
-4851.61442905024
-4851.48529344693
-4851.47238353213
-4851.5271918049
-4851.60819696256
-4851.68851379027
-4851.75526724475
-4851.80421588887
-4851.83459684007
-4851.84397162076
-4851.82361688222
-4851.75225971453
-4851.5906212533
-4851.29028557387
-4850.8613785799
-4850.52065170199
-4850.69017527584
-4851.51384585587
-4852.50808173095
-4853.19202477948
-4853.54363107356
-4853.70654912579
-4853.78054587714
-4853.81172690426
-4853.81504411503
-4853.78702423439
-4853.72490971597
-4853.63911892032
-4853.54650709763
-4853.44743618331
-4853.31992064083
-4853.0864684475
-4852.52515859608
-4851.4223780586
-4850.42512176653
-4850.58244160629
-4851.48716337515
-4852.19988016033
-4852.51873703297
-4852.62406332478
-4852.6504294931
-4852.65074198121
-4852.63964285599
-4852.6156958105
-4852.56745051931
-4852.47482158693
-4852.31556676382
-4852.09092029656
-4851.86826195831
-4851.80108523191
-4852.01775667728
-4852.4431821084
-4852.85032212937
-4853.10465518376
-4853.25820800241
-4853.31877284173
-4853.34105334309
-4853.38899962933
-4853.44193631761
-4853.52586613248
-4853.68350939933
-4853.90789971341
-4854.10178363738
-4854.22352093461
-4854.29763675254
-4854.34985541077
-4854.3885107025
-4854.41266626985
-4854.41619023268
-4854.38678570119
-4854.33850890876
-4854.24210210302
-4854.12025935434
-4853.89653952895
-4853.47466283595
-4852.93501222932
-4852.51380117983
-4852.1468096666
-4852.05155720722
-4852.42289378985
-4852.96836120633
-4853.34581369701
-4853.52851652435
-4853.59747274971
-4853.61710677665
-4853.61706225495
-4853.60470187198
-4853.57668106316
-4853.52862157457
-4853.45904917139
-4853.3726248858
-4853.2915561599
-4853.27386432391
-4853.37599202895
-4853.57018862394
-4853.77410089971
-4853.86213839401
-4853.88740193737
-4853.89396402028
-4853.86928591702
-4853.78475900112
-4853.72954579722
-4853.71076201227
-4853.72393508081
-4853.74487355106
-4853.75004946906
-4853.72913866954
-4853.67810802456
-4853.58735886787
-4853.42945175841
-4853.15153252844
-4852.70214785955
-4852.13607064802
-4851.7176073762
-4851.77978452452
-4852.36030893093
-4853.12257745805
-4853.7287366897
-4854.09272611596
-4854.275811027
-4854.35289662527
-4854.37376170295
-4854.36548234699
-4854.33649924422
-4854.27873292703
-4854.18248822198
-4854.0499009532
-4853.89148884173
-4853.71568895667
-4853.53106321552
-4853.35632457312
-4853.22094783108
-4853.1421642355
-4853.11565531602
-4853.12284263863
-4853.14569187022
-4853.17527064767
-4853.21530632387
-4853.28466983834
-4853.39701046726
-4853.53545325221
-4853.67634931862
-4853.80713884575
-4853.92222976918
-4854.01785992106
-4854.09036689818
-4854.13730736633
-4854.15821258488
-4854.15218314878
-4854.11535241027
-4854.04112471909
-4853.95368715223
-4853.80010203077
-4853.53068185465
-4853.05850304399
-4852.58722730319
-4852.37376059351
-4852.52314301024
-4852.87438803485
-4853.21548559804
-4853.45041787612
-4853.58645020003
-4853.66435004203
-4853.71646806479
-4853.75955478784
-4853.80011813632
-4853.84067064979
-4853.88468981329
-4853.94032894707
-4854.01986784786
-4854.12610097232
-4854.26649984668
-4854.34644982292
-4854.38481428307
-4854.39920801317
-4854.36696174942
-4854.32928056765
-4854.25171353861
-4854.09036158845
-4853.78504453149
-4853.33081115706
-4852.84433666744
-4852.50554527223
-4852.40645971428
-4852.5013098331
-4852.68570573364
-4852.88009937641
-4853.05087031084
-4853.19432301163
-4853.31788292296
-4853.42967376083
-4853.53459453354
-4853.63423990255
-4853.7288600224
-4853.81617695741
-4853.89571692188
-4853.96640681982
-4854.0273104007
-4854.07818154165
-4854.1195130782
-4854.15159527031
-4854.17183375891
-4854.17140690015
-4854.13791460642
-4854.06529623323
-4853.96174573433
-4853.84294664514
-4853.73019566763
-4853.47923327318
-4853.03331028903
-4852.44476789009
-4852.11027888565
-4852.20865421479
-4852.51647921362
-4852.7908296304
-4852.95714828156
-4853.03750156419
-4853.07139984108
-4853.08161464995
-4853.07540578456
-4853.03769151886
-4852.89279983788
-4852.38672469891
-4851.15563170105
-4849.94739827309
-4850.50493093782
-4852.13480624838
-4853.03287225254
-4853.27091546588
-4853.39188723303
-4853.51251660481
-4853.58169050452
-4853.66160236524
-4853.75616475951
-4853.83805622367
-4853.87823161323
-4853.88479891713
-4853.8689671356
-4853.83796288737
-4853.79108187131
-4853.71186804768
-4853.56236551479
-4853.32625790434
-4853.05607833452
-4852.80635861177
-4852.6294647773
-4852.60352513845
-4852.79858618415
-4853.19295595785
-4853.6545480566
-4854.04143344163
-4854.29708837029
-4854.44200026406
-4854.54290083954
-4854.56738313771
-4854.56916311417
-4854.54717504693
-4854.43863214531
-4854.25497333722
-4853.87945818732
-4853.17349729699
-4852.13470701367
-4851.23202683633
-4851.00075445052
-4851.31189103268
-4851.7133948231
-4851.97691413286
-4852.10016741557
-4852.13980176067
-4852.13894117198
-4852.11852223001
-4852.08340271686
-4852.02885965074
-4851.94388446551
-4851.81383500489
-4851.63005220539
-4851.41341768602
-4851.24667044277
-4851.27151994277
-4851.59757619826
-4852.1692998829
-4852.77333772729
-4853.22268852594
-4853.48821399816
-4853.62741471603
-4853.69543732611
-4853.72139712956
-4853.71725335662
-4853.68879021088
-4853.64689552162
-4853.61267993505
-4853.60309099556
-4853.60571430381
-4853.59556823764
-4853.60589756875
-4853.57404920513
-4853.52965327236
-4853.33063377117
-4852.78422249657
-4851.79165009994
-4851.31236566581
-4851.73873555724
-4852.31191515844
-4852.65324943247
-4852.82344315732
-4852.91253912937
-4852.95959903923
-4852.97781615654
-4852.97104316643
-4852.93880773752
-4852.87622041932
-4852.77130199314
-4852.6014055082
-4852.33574075758
-4851.96637926197
-4851.60100818016
-4851.53339109533
-4851.99223782671
-4852.67166066253
-4853.11116732552
-4853.29560532241
-4853.37724854356
-4853.42946116058
-4853.46455586437
-4853.47777107212
-4853.46985519176
-4853.45530268493
-4853.44995972783
-4853.45601612305
-4853.46222212007
-4853.4537575671
-4853.42251421218
-4853.35783079047
-4853.19162617422
-4852.597266482
-4850.9764724278
-4849.47861879767
-4849.87433250977
-4851.06212941283
-4851.86356742051
-4852.24770648821
-4852.42464547178
-4852.51040887575
-4852.55127292865
-4852.56257328895
-4852.54521120683
-4852.49310206001
-4852.40123140123
-4852.28090603393
-4852.18154275084
-4852.19773868438
-4852.42281087184
-4852.84722611713
-4853.33190352039
-4853.73201158522
-4854.01114029581
-4854.19682134507
-4854.31831623256
-4854.39338048456
-4854.43135770452
-4854.43796472177
-4854.41967517022
-4854.38561240658
-4854.34258920946
-4854.27842683629
-4854.12623876645
-4853.76169160592
-4853.24879343502
-4852.94335853072
-4852.9526139862
-4853.12144746458
-4853.31834036106
-4853.48663404679
-4853.64068707678
-4853.71554994619
-4853.7506321976
-4853.75523781423
-4853.73038934766
-4853.66399813625
-4853.49686301911
-4853.23218643215
-4852.74549656544
-4851.98809356093
-4851.24448060355
-4851.13237250997
-4851.83971416125
-4852.69524857698
-4853.00732098629
-4853.12372163305
-4853.25797230807
-4853.33164187652
-4853.36100852536
-4853.3558796506
-4853.32960087345
-4853.28441536432
-4853.21635209396
-4853.14360576118
-4853.05476315466
-4852.97011999342
-4852.80473257286
-4852.45190128234
-4852.08307526542
-4851.83248059336
-4851.78853343471
-4851.93041436511
-4852.16582263694
-4852.41154488331
-4852.62725204495
-4852.80578437899
-4852.95476844401
-4853.08598360719
-4853.21408880061
-4853.36339243282
-4853.59053858431
-4853.9624914373
-4854.28892185431
-4854.43055576903
-4854.51615858872
-4854.54191686639
-4854.55331316261
-4854.54690616047
-4854.48181828458
-4854.3907514386
-4854.23465346356
-4854.02256859753
-4853.80121113067
-4853.6270700476
-4853.47254092761
-4853.16135308279
-4852.64385825049
-4852.31660875178
-4852.42120207574
-4852.73393571872
-4853.00804314953
-4853.1756972453
-4853.26146007017
-4853.29646101864
-4853.29968629679
-4853.27415696321
-4853.20996491823
-4853.08430416714
-4852.85702906389
-4852.45009652204
-4851.69112511517
-4850.36917916408
-4849.05467360155
-4849.60800215553
-4851.66727589993
-4852.98544534383
-4853.45030625084
-4853.63513644037
-4853.73710578026
-4853.8040641378
-4853.84738257747
-4853.86954719767
-4853.87009811831
-4853.84706243284
-4853.79805919409
-4853.71990315985
-4853.60552703885
-4853.43824753603
-4853.18729188515
-4852.82112035145
-4852.35991433236
-4851.92121588874
-4851.66150688277
-4851.65603801403
-4851.85359388986
-4852.13868119511
-4852.41598596237
-4852.64267235134
-4852.81455890301
-4852.94311793495
-4853.04194287847
-4853.12321295601
-4853.19899493509
-4853.28172415037
-4853.3776557176
-4853.47326223697
-4853.53915221024
-4853.56346169547
-4853.600500484
-4853.57782452744
-4853.54564843935
-4853.5061910372
-4853.44719380139
-4853.28925532862
-4853.0689778922
-4852.79513803505
-4852.67901259219
-4852.83382297246
-4853.14038792157
-4853.42960710816
-4853.62558191099
-4853.73459824431
-4853.78911150148
-4853.81682838489
-4853.83465238755
-4853.85174777808
-4853.87302093594
-4853.89999955629
-4853.93027201509
-4853.95790870246
-4853.97462766534
-4853.96927548916
-4853.92490866471
-4853.81566639404
-4853.61452887608
-4853.33474925949
-4853.08101992595
-4852.98885097545
-4852.94532901092
-4852.88175347244
-4852.60021263509
-4852.26206714523
-4852.4888180396
-4853.1203635276
-4853.65333013486
-4853.91986065813
-4854.02089355939
-4854.05573292825
-4854.06740866979
-4854.06796277547
-4854.05491295701
-4854.04127240635
-4853.96496954495
-4853.85234907965
-4853.68582606981
-4853.40422521152
-4853.04721421138
-4852.86395125501
-4852.97512786355
-4853.14415967886
-4853.26050029539
-4853.28018252744
-4853.26797871116
-4853.18160444517
-4853.06704225204
-4852.92490814233
-4852.80936978569
-4852.75165659865
-4852.7363795655
-4852.73230220627
-4852.71530559039
-4852.66874011985
-4852.57274899751
-4852.38863711639
-4852.04683644726
-4851.48819108266
-4850.83836018706
-4850.53781296178
-4850.93505937632
-4851.76251475409
-4852.4987150177
-4852.9517258991
-4853.19806879262
-4853.33492784198
-4853.4148645158
-4853.46229615035
-4853.49233462474
-4853.52188473819
-4853.57038913763
-4853.64207365545
-4853.70668278759
-4853.73370181841
-4853.7712772482
-4853.78944024286
-4853.78012422845
-4853.58413809681
-4852.9631913512
-4851.89120314196
-4851.48939545542
-4851.90503900813
-4852.4862773243
-4852.88690856987
-4853.09876587061
-4853.19685991691
-4853.23667299928
-4853.24646647343
-4853.23659057391
-4853.20404695114
-4853.12890303447
-4852.96134071549
-4852.61489566455
-4852.04534613334
-4851.44753499391
-4851.23365006075
-4851.60162263499
-4852.29944677432
-4852.95111248757
-4853.38735551611
-4853.61540818167
-4853.70566384364
-4853.77189754925
-4853.76584463835
-4853.7472442503
-4853.71073097135
-4853.60826040079
-4853.3561892001
-4852.99081844527
-4852.55769942619
-4852.32619951415
-4852.37161570281
-4852.56230080213
-4852.77859805294
-4852.97032264426
-4853.1245995187
-4853.24305366974
-4853.33415687015
-4853.41051360262
-4853.46868492112
-4853.49678032486
-4853.50507485868
-4853.50935455964
-4853.51457389794
-4853.51959073777
-4853.52008429669
-4853.50759859651
-4853.4656557268
-4853.36273058726
-4853.14477813007
-4852.75682241598
-4852.23027898766
-4851.78917062913
-4851.75020360469
-4852.19691993009
-4852.78098825109
-4853.12598126218
-4853.28457907283
-4853.31481803145
-4853.27332170211
-4853.23571075414
-4853.18239648912
-4853.19356799309
-4853.30371512788
-4853.44876061043
-4853.56915189941
-4853.64765091224
-4853.69151766146
-4853.71029028556
-4853.70450661788
-4853.65468793669
-4853.50005434051
-4853.1179032761
-4852.40466620399
-4851.6047060986
-4851.13773441357
-4851.16511027272
-4851.6264222833
-4852.47118004969
-4853.35209895075
-4853.92142261957
-4854.21123164026
-4854.34774315914
-4854.40794686568
-4854.42581660398
-4854.43745837714
-4854.41201376502
-4854.41171214491
-4854.39399759559
-4854.25076012184
-4853.93780273393
-4853.56988913995
-4853.2671787906
-4853.12285811127
-4853.11298804693
-4853.16108764607
-4853.25909509738
-4853.28623552755
-4853.29053143475
-4853.21390270879
-4853.1897285773
-4853.15257808284
-4853.10050628426
-4853.02969511175
-4852.93127032895
-4852.78218187116
-4852.51787824668
-4851.97378014754
-4850.94178449228
-4849.90633947464
-4850.36973208487
-4851.96083720353
-4852.93297278987
-4853.26404873789
-4853.3831172893
-4853.44571179635
-4853.48388547912
-4853.50007296498
-4853.49501849922
-4853.47204486408
-4853.43350472279
-4853.38163121611
-4853.31559726216
-4853.23927996758
-4853.16988750453
-4853.14131315563
-4853.17276478378
-4853.22313950969
-4853.24326253782
-4853.23652900771
-4853.20004653363
-4853.05865165086
-4852.70337978428
-4852.15789943039
-4851.67721517221
-4851.5162683685
-4851.66495261273
-4851.92961935452
-4852.15517071482
-4852.29591207802
-4852.36848938225
-4852.40166497904
-4852.41629175862
-4852.42296678266
-4852.42266133152
-4852.4014070611
-4852.30717237669
-4851.9977731684
-4851.26233253565
-4850.29557336753
-4850.17510396153
-4851.46172774572
-4852.96850976867
-4853.79686546756
-4854.14374303645
-4854.24417883424
-4854.24902795183
-4854.23938943972
-4854.1339021612
-4854.01399358575
-4853.84365116653
-4853.6502828175
-4853.45472530666
-4853.25924641113
-4853.05049641592
-4852.80678892662
-4852.49117656957
-4852.0512637757
-4851.43756644278
-4850.69143650116
-4850.06316063367
-4849.90966404318
-4850.33173952036
-4851.02077057654
-4851.55301959278
-4851.79840967055
-4851.88559508527
-4851.9159981871
-4851.92627753672
-4851.9204775196
-4851.89358224235
-4851.83120152024
-4851.71466249049
-4851.53647547484
-4851.33647391242
-4851.23999968489
-4851.42285384177
-4851.95442075942
-4852.66926474832
-4853.28529796274
-4853.66551325279
-4853.85344518641
-4853.93384967151
-4853.96062725514
-4853.95892569821
-4853.9417989491
-4853.91659631528
-4853.9109030439
-4853.8712902044
-4853.79090332455
-4853.56961005525
-4853.26055853938
-4852.92263956358
-4852.66988218948
-4852.5439252612
-4852.51512219199
-4852.53806727607
-4852.57690533818
-4852.61044207223
-4852.62581964896
-4852.61445948654
-4852.56585449284
-4852.45899330604
-4852.26766357003
-4851.97047588507
-4851.62316232858
-4851.41487557615
-4851.58397914076
-4852.16154870464
-4852.88514145566
-4853.47913107339
-4853.87211813218
-4854.11845790393
-4854.27546433023
-4854.3757415125
-4854.43407374913
-4854.45670374746
-4854.44990749095
-4854.44562480189
-4854.41033578794
-4854.32329987445
-4854.0739679431
-4853.56858575453
-4852.99615153575
-4852.64273167529
-4852.67954971963
-4852.98619814925
-4853.35258074119
-4853.66404679007
-4853.90107329518
-4854.06495082066
-4854.15208805358
-4854.19206137521
-4854.21244770005
-4854.2195723616
-4854.20947025358
-4854.17044289046
-4854.08614280468
-4853.94328016109
-4853.74448412918
-4853.5821361786
-4853.49221065053
-4853.3557605289
-4852.86468517868
-4852.36975017978
-4852.3492641777
-4852.80938723059
-4853.37957569361
-4853.77504081993
-4853.97619334086
-4854.06598333749
-4854.10658531442
-4854.12367186977
-4854.12061875554
-4854.08994815305
-4854.025399679
-4853.93919456268
-4853.86788118906
-4853.84171671891
-4853.84804391508
-4853.88034270205
-4853.86692097952
-4853.84529265754
-4853.78517588879
-4853.58881649661
-4853.31337076405
-4853.06837622943
-4853.01846969962
-4853.14981285926
-4853.33784287701
-4853.4949276743
-4853.59935482583
-4853.6590974058
-4853.69105415583
-4853.71181661432
-4853.73351262003
-4853.76235469974
-4853.79643080794
-4853.83232267434
-4853.86334201854
-4853.88096360194
-4853.87631073156
-4853.84366812248
-4853.78080820791
-4853.69170053617
-4853.57860739859
-4853.44236541028
-4853.28681502155
-4853.11042933751
-4852.86730150064
-4852.43124282958
-4851.72672107806
-4851.29542673005
-4851.76815630393
-4852.57421910105
-4853.08111136745
-4853.28391749184
-4853.34430634299
-4853.35582022092
-4853.35388381856
-4853.34682506405
-4853.32823122291
-4853.27980107391
-4853.17694684968
-4853.00969906576
-4852.81957859534
-4852.71891647462
-4852.83417812784
-4853.16700138717
-4853.55366665319
-4853.84552711219
-4853.94448493291
-4853.97671781576
-4853.95332702396
-4853.90520728153
-4853.82862206789
-4853.81672873938
-4853.8395447579
-4853.86631508742
-4853.87611757775
-4853.85769227506
-4853.79489481992
-4853.63233575503
-4853.24370929689
-4852.50850397987
-4851.62103649994
-4851.06503952443
-4851.17448014307
-4851.79680758089
-4852.49639923837
-4853.01737289766
-4853.35221963318
-4853.56907380962
-4853.72037705743
-4853.83463062956
-4853.92741070447
-4854.00522912944
-4854.07538032312
-4854.1590195476
-4854.22538539884
-4854.26178621925
-4854.21978270255
-4854.12022699082
-4853.90629370073
-4853.38948542624
-4852.6279239745
-4851.9592105979
-4851.86944207791
-4852.33228155112
-4852.89244976156
-4853.26350267816
-4853.44899169035
-4853.53407514054
-4853.5747410224
-4853.59299147757
-4853.5900996177
-4853.55226643367
-4853.44938162801
-4853.23105849535
-4852.83514130368
-4852.27522363183
-4851.85485047688
-4851.91150086574
-4852.13958939148
-4852.31085852265
-4852.45622193644
-4852.71518293277
-4853.02258682582
-4853.35683897321
-4853.6105959154
-4853.7885210992
-4853.90842962075
-4853.98209062015
-4854.01817927724
-4854.02655414583
-4854.01486556798
-4853.98304579012
-4853.91139810407
-4853.72826565244
-4853.28844647844
-4852.61370423478
-4852.11006721597
-4851.96639833236
-4852.02823094463
-4852.0683134845
-4852.09063837552
-4852.12767017601
-4852.20678099636
-4852.4787033337
-4852.876031877
-4853.25770249477
-4853.52788909808
-4853.69113450594
-4853.78624691804
-4853.84297968758
-4853.8759342154
-4853.88954126857
-4853.88118619607
-4853.83531308159
-4853.6919928791
-4853.27015426072
-4852.38735658972
-4851.43821512935
-4851.03869084817
-4851.21140421693
-4851.47915061371
-4851.75804093581
-4852.37129269267
-4852.97807356231
-4853.47273624164
-4853.78581286159
-4853.95173143116
-4854.02510561712
-4854.04897127579
-4854.04798695155
-4854.03187623218
-4853.9964691455
-4853.91743144033
-4853.73798521554
-4853.38717632896
-4852.91012480532
-4852.54151843058
-4852.4033157542
-4852.43216193951
-4852.46277721045
-4852.50396276667
-4852.62624695789
-4852.94192318706
-4853.40426874607
-4853.77172887251
-4853.98644410504
-4854.09114139731
-4854.13464590693
-4854.14442798591
-4854.1298894235
-4854.08728587734
-4853.99826481603
-4853.81626688436
-4853.43635269148
-4852.69697293601
-4851.65548390766
-4851.06028450833
-4851.6351581164
-4852.82947578379
-4853.5523233815
-4853.80546598152
-4853.90613611048
-4853.94403061777
-4853.92388896064
-4853.90607869795
-4853.86714470484
-4853.82626283759
-4853.75700018375
-4853.68034925682
-4853.5456354086
-4853.25240653574
-4852.8824610861
-4852.47859874291
-4852.11692438039
-4851.87867625076
-4851.80029065211
-4851.86548597354
-4852.02263274811
-4852.22140287784
-4852.43021221909
-4852.63022220245
-4852.81662381099
-4852.98635886461
-4853.13837619596
-4853.27064118834
-4853.38582310815
-4853.48655925953
-4853.57518363309
-4853.65398532772
-4853.72608353223
-4853.79710367003
-4853.90097532426
-4853.98748287411
-4854.08458211678
-4854.20318218207
-4854.34809267036
-4854.47619496256
-4854.59881718757
-4854.68363993462
-4854.73357426839
-4854.75445969395
-4854.77879781597
-4854.77198230515
-4854.75817112408
-4854.65695471314
-4854.42666636211
-4854.00006064467
-4853.50730641082
-4853.15913869434
-4853.02395815915
-4853.03292667064
-4853.10085967808
-4853.1815772167
-4853.25842019396
-4853.32594583779
-4853.38146557489
-4853.42230524135
-4853.44990689565
-4853.46167743159
-4853.45133701303
-4853.4048032428
-4853.30149100042
-4853.14432612877
-4852.99513194789
-4852.96159666156
-4853.06202520332
-4853.18714250424
-4853.2786873766
-4853.35867920214
-4853.46562993232
-4853.64210603207
-4853.87976077575
-4854.09790453848
-4854.24149546096
-4854.31960123174
-4854.36118931622
-4854.38368453176
-4854.39014152104
-4854.37364875502
-4854.31506806942
-4854.16540091744
-4853.81519402073
-4853.13791211381
-4852.28599103825
-4851.79611151437
-4851.91326016742
-4852.34027990874
-4852.78381701859
-4853.18532003488
-4853.4456146491
-4853.655699093
-4853.79734694224
-4853.88711303112
-4853.94015235014
-4853.96787440307
-4853.97925629397
-4853.98165320668
-4853.97724970992
-4853.96457806796
-4853.96468637445
-4853.94070148843
-4853.89849292381
-4853.75450994169
-4853.59363319159
-4853.4887394711
-4853.48587151667
-4853.50856248099
-4853.52273870582
-4853.51576119305
-4853.48864852495
-4853.42184578261
-4853.36466979111
-4853.29429397454
-4853.20806251643
-4853.10022604738
-4852.96232931437
-4852.78955695774
-4852.59522942092
-4852.41411882021
-4852.27584679837
-4852.18422403705
-4852.13163531546
-4852.11513861346
-4852.13906677459
-4852.21296264497
-4852.34853522131
-4852.55529558602
-4852.83384227366
-4853.16829444288
-4853.52316581825
-4853.85179113787
-4854.11703284685
-4854.30562226505
-4854.43552289676
-4854.47797739745
-4854.49174948322
-4854.48835677218
-4854.43228122421
-4854.34303917093
-4854.08760405321
-4853.1727011744
-4850.9660268934
-4849.63208274109
-4850.52215727307
-4851.78627903917
-4852.52776131886
-4852.88302530266
-4853.0520046496
-4853.13466103898
-4853.17274733371
-4853.18142175347
-4853.16107853297
-4853.10056015434
-4852.97790759054
-4852.76668190703
-4852.46173813202
-4852.12787768092
-4851.92228720883
-4852.02392389784
-4852.49036141
-4853.1430348667
-4853.68527063116
-4853.99851534245
-4854.14691510697
-4854.21026173651
-4854.23224575035
-4854.2314107762
-4854.21228708196
-4854.17092480697
-4854.09868094717
-4853.9868677373
-4853.83330972344
-4853.6477079126
-4853.45404452963
-4853.28104461303
-4853.14504157408
-4853.04386776063
-4852.96678970999
-4852.90462289092
-4852.85251057155
-4852.80855340753
-4852.77195507634
-4852.7422220577
-4852.72046076039
-4852.71194883211
-4852.73040457559
-4852.80362592079
-4852.97356983479
-4853.26554208463
-4853.62563401971
-4853.93925448852
-4854.14572659461
-4854.26010250317
-4854.31637486484
-4854.34019917345
-4854.34587926871
-4854.33832999832
-4854.3112263768
-4854.23957166529
-4854.06622923271
-4853.70670611772
-4853.15695523986
-4852.63624906234
-4852.39984214795
-4852.45070900164
-4852.63422233482
-4852.83036683782
-4852.98903961527
-4853.10028205608
-4853.17047873385
-4853.20832233998
-4853.219064446
-4853.20400815549
-4853.15943454242
-4853.07304734604
-4852.91557552839
-4852.62644144496
-4852.1090427274
-4851.30416109263
-4850.32984829415
-4849.61304231355
-4849.35635866588
-4849.89992548386
-4851.27266798319
-4852.48866148311
-4853.10979427325
-4853.35980676257
-4853.46369001916
-4853.5094068401
-4853.5236571213
-4853.51360329897
-4853.48039094659
-4853.42489078131
-4853.35133745946
-4853.26740202169
-4853.18264538182
-4853.11357129877
-4853.0972923957
-4853.19716109085
-4853.45594927017
-4853.80484908187
-4854.10062904863
-4854.27769665198
-4854.36567375681
-4854.40994651496
-4854.43544411432
-4854.44894071567
-4854.44659636689
-4854.41588453642
-4854.32663517253
-4854.099523064
-4853.56156662606
-4852.61175501132
-4851.74116112228
-4851.45268038194
-4851.67304475686
-4852.12250964346
-4852.57348198277
-4852.95683556495
-4853.21771419732
-4853.37782064592
-4853.46858604375
-4853.51406504405
-4853.52818845984
-4853.51682158566
-4853.48162561729
-4853.42618669045
-4853.36472300577
-4853.35242490141
-4853.3759562885
-4853.41099096059
-4853.42000620554
-4853.39739230671
-4853.37645743301
-4853.43134487286
-4853.6085180529
-4853.74615466353
-4853.82369027363
-4853.85887378391
-4853.8683682391
-4853.82446007725
-4853.77890653256
-4853.70417429856
-4853.59109925633
-4853.42280238184
-4853.1819322937
-4852.87458154363
-4852.54278120438
-4852.24225990664
-4852.02121081019
-4851.90430501256
-4851.89862317825
-4851.99300504429
-4852.1616442745
-4852.37762577829
-4852.61449078487
-4852.85520461385
-4853.090810234
-4853.31724493851
-4853.53243313335
-4853.73240935886
-4853.90990596323
-4854.08092677028
-4854.1810884371
-4854.25009417522
-4854.30378154236
-4854.32397314327
-4854.34569542252
-4854.34169527275
-4854.30304491664
-4854.20717245244
-4853.96254254335
-4853.26844104894
-4851.79014434211
-4850.15685869857
-4849.20382589432
-4850.19853510851
-4852.3137498395
-4853.57533351311
-4854.08565227388
-4854.29066001006
-4854.37740116121
-4854.41094123441
-4854.41743775915
-4854.40465280088
-4854.368380258
-4854.29143939928
-4854.13482015389
-4853.8428687183
-4853.3966370559
-4852.91762769327
-4852.62706875211
-4852.59824018626
-4852.7126335069
-4852.88865855485
-4853.13514564817
-4853.44715034175
-4853.75578744103
-4853.9901509129
-4854.13285078651
-4854.20576497968
-4854.23879105077
-4854.25373163951
-4854.26270727754
-4854.27179196402
-4854.28454313842
-4854.30352877391
-4854.32837245314
-4854.35414093915
-4854.37577763477
-4854.39146865413
-4854.4012402782
-4854.40552825019
-4854.40347552469
-4854.39490873717
-4854.37848137301
-4854.34959155728
-4854.29473620914
-4854.19397423895
-4854.06128583143
-4853.93964232739
-4853.83163891584
-4853.72397241987
-4853.61262144692
-4853.50123732937
-4853.397226451
-4853.30930314371
-4853.24499554423
-4853.2086950993
-4853.20084800772
-4853.21857668577
-4853.25727719568
-4853.31233400152
-4853.38025336371
-4853.45905138638
-4853.54802231981
-4853.64707653767
-4853.75593349787
-4853.87319994411
-4853.99572302844
-4854.11838889774
-4854.23453014001
-4854.33713194938
-4854.42080366764
-4854.4824365132
-4854.54335415306
-4854.55235657333
-4854.53838203339
-4854.47421753744
-4854.27735142709
-4853.94044049182
-4853.3956812972
-4852.72735432566
-4852.21324593789
-4852.11357062306
-4852.40466598971
-4852.84564582718
-4853.23097168865
-4853.49476956207
-4853.65819955462
-4853.75985496681
-4853.82693582472
-4853.87321097784
-4853.93203867627
-4853.94492658865
-4853.92827217896
-4853.83555572894
-4853.56886196735
-4853.10687391788
-4852.62016200306
-4852.40070260519
-4852.18172423798
-4851.61069693031
-4851.49969244503
-4852.20154077684
-4852.93861494625
-4853.35410927248
-4853.53694636578
-4853.61307651592
-4853.64452105265
-4853.65295986529
-4853.63955701684
-4853.58982400667
-4853.50173122728
-4853.28902215656
-4852.90766542312
-4852.2851210059
-4851.62602983499
-4851.63649299823
-4852.66293390906
-4853.5263021216
-4853.78358003955
-4853.95129113609
-4854.10458425475
-4854.16432238925
-4854.19611431817
-4854.19423680846
-4854.16908168827
-4854.12403983903
-4854.05765348393
-4853.96279219049
-4853.8253735626
-4853.62676541718
-4853.35615384902
-4853.03376609986
-4852.71987202319
-4852.48512641623
-4852.37064593338
-4852.37446992186
-4852.46412500328
-4852.5974427197
-4852.73852670632
-4852.86462805533
-4852.96573069469
-4853.04006850149
-4853.09012541129
-4853.1193869438
-4853.12977057929
-4853.11726225097
-4853.06039441467
-4852.91270742734
-4852.64804792101
-4852.35520702095
-4852.27222252838
-4852.57824780934
-4853.11310418362
-4853.5657490742
-4853.83069473901
-4853.96463594014
-4854.03226759241
-4854.06772448239
-4854.08216045887
-4854.07186308207
-4854.02470365223
-4853.92441571817
-4853.74917679209
-4853.4656511751
-4853.03545911614
-4852.46216899552
-4851.86785988483
-4851.47398129454
-4851.42147355023
-4851.64992950955
-4851.99115818672
-4852.31317905336
-4852.55997315206
-4852.72376104446
-4852.82113975526
-4852.87893490291
-4852.91746645657
-4852.94445010552
-4852.95807186091
-4852.95208536074
-4852.92195059287
-4852.87019327512
-4852.80664658914
-4852.74481328167
-4852.69450948456
-4852.65447621502
-4852.61616406551
-4852.57430271966
-4852.544165799
-4852.58064319557
-4852.76676820184
-4852.94823655547
-4853.11395186504
-4853.31140856611
-4853.5090709179
-4853.72101858623
-4853.86391256822
-4853.94303220389
-4853.98237822858
-4854.00095795582
-4854.00768363528
-4854.00190408791
-4853.96937816423
-4853.86143923915
-4853.52867298938
-4852.66462045544
-4851.36560938938
-4850.69026376785
