Zn  1.786887  0.702252  0.276425  0  0  0
Zn  2.743144  3.135449  0.276425  0  0  0
Zn  3.699405  5.568656  0.276425  0  0  0
Zn  4.655658  8.001844  0.276425  0  0  0
Zn  5.360652  0.702252  0.276425  0  0  0
Zn  6.316909  3.135449  0.276425  0  0  0
Zn  7.273170  5.568656  0.276425  0  0  0
Zn  8.229423  8.001844  0.276425  0  0  0
Zn  8.934418  0.702252  0.276425  0  0  0
Zn  9.890675  3.135449  0.276425  0  0  0
Zn  10.846936  5.568656  0.276425  0  0  0
Zn  11.803189  8.001844  0.276425  0  0  0
Zn  12.508183  0.702252  0.276425  0  0  0
Zn  13.464440  3.135449  0.276425  0  0  0
Zn  14.420701  5.568656  0.276425  0  0  0
Zn  15.376954  8.001844  0.276425  0  0  0
Zn  2.491874  0.425190  3.040746  0  0  0
Zn  3.448131  2.858387  3.040746  0  0  0
Zn  4.404388  5.291584  3.040746  0  0  0
Zn  5.360645  7.724782  3.040746  0  0  0
Zn  6.065639  0.425190  3.040746  1  1  1
Zn  7.021896  2.858387  3.040746  1  1  1
Zn  7.978153  5.291584  3.040746  1  1  1
Zn  8.934410  7.724782  3.040746  0  0  0
Zn  9.639405  0.425190  3.040746  1  1  1
Zn  10.595662  2.858387  3.040746  1  1  1
Zn  11.551919  5.291584  3.040746  1  1  1
Zn  12.508176  7.724782  3.040746  0  0  0
Zn  13.213170  0.425190  3.040746  0  0  0
Zn  14.169427  2.858387  3.040746  0  0  0
Zn  15.125684  5.291584  3.040746  0  0  0
Zn  16.081941  7.724782  3.040746  0  0  0
Zn  3.448138  0.049369  1.935022  0  0  0
Zn  4.404395  2.482567  1.935022  0  0  0
Zn  5.360648  4.915754  1.935022  1  1  1
Zn  6.316909  7.348961  1.935022  0  0  0
Zn  7.021903  0.049369  1.935022  1  1  1
Zn  7.978160  2.482567  1.935022  1  1  1
Zn  8.934413  4.915754  1.935022  1  1  1
Zn  9.890674  7.348961  1.935022  1  1  1
Zn  10.595669  0.049369  1.935022  1  1  1
Zn  11.551926  2.482567  1.935022  1  1  1
Zn  12.508179  4.915754  1.935022  1  1  1
Zn  13.464440  7.348961  1.935022  0  0  0
Zn  14.169434  0.049369  1.935022  0  0  0
Zn  15.125691  2.482567  1.935022  0  0  0
Zn  16.081944  4.915754  1.935022  0  0  0
Zn  17.038205  7.348961  1.935022  0  0  0
Zn  0.830623  1.078072  1.382149  0  0  0
Zn  1.786880  3.511270  1.382149  0  0  0
Zn  2.743137  5.944467  1.382149  0  0  0
Zn  3.699394  8.377664  1.382149  0  0  0
Zn  4.404388  1.078072  1.382149  0  0  0
Zn  5.360645  3.511270  1.382149  0  0  0
Zn  6.316902  5.944467  1.382149  0  0  0
Zn  7.273159  8.377664  1.382149  0  0  0
Zn  7.978154  1.078072  1.382149  0  0  0
Zn  8.934411  3.511270  1.382149  0  0  0
Zn  9.890668  5.944467  1.382149  0  0  0
Zn  10.846925  8.377664  1.382149  0  0  0
Zn  11.551919  1.078072  1.382149  0  0  0
Zn  12.508176  3.511270  1.382149  0  0  0
Zn  13.464433  5.944467  1.382149  0  0  0
Zn  14.420690  8.377664  1.382149  0  0  0
O  9.027066  3.203646  4.397410  1  1  1
H  9.883861  2.752076  4.341845  1  1  1
H  8.731819  3.044052  5.307712  1  1  1
