# Fix print output for fix totenergy
-4851.89525887218
-4851.88961166086
-4851.86280940584
-4851.76666949659
-4851.50799039891
-4851.03267387737
-4850.56391025349
-4850.48832322251
-4850.90219979189
-4851.52134219391
-4852.01057705804
-4852.27479408643
-4852.40468241543
-4852.49631810106
-4852.59967330167
-4852.75700334688
-4852.97573348491
-4853.22416877361
-4853.38564973434
-4853.49528676953
-4853.53802163358
-4853.59028924592
-4853.62582546246
-4853.6483295845
-4853.65586821208
-4853.63998914079
-4853.58103778064
-4853.4352011047
-4853.12610924914
-4852.59091719831
-4851.95192006949
-4851.61257110288
-4851.90383977122
-4852.60043883967
-4853.22603588803
-4853.6054386569
-4853.80511705965
-4853.91196263436
-4853.97008433302
-4853.99606487314
-4853.99407772494
-4853.96483759875
-4853.90830330794
-4853.8216400589
-4853.69424493215
-4853.49297635643
-4853.12244815594
-4852.33003991236
-4850.80183620735
-4849.31533929937
-4849.80183018685
-4851.60083370197
-4852.70158928187
-4853.0502902683
-4853.14285631542
-4853.16523865601
-4853.15730660104
-4853.1201679327
-4853.041677202
-4852.90633675814
-4852.71830268884
-4852.53888885556
-4852.50346136502
-4852.73161658287
-4853.1815195428
-4853.6631334324
-4854.0211702128
-4854.25828892161
-4854.35463365557
-4854.39401740775
-4854.41277847603
-4854.41178325048
-4854.35617742531
-4854.28738603885
-4854.16226440675
-4853.92417339506
-4853.40876419969
-4852.31187139077
-4850.87344706605
-4850.33168997506
-4850.86025142098
-4851.56152824773
-4852.02988267236
-4852.30128929047
-4852.46199092634
-4852.56317659716
-4852.63052321742
-4852.67772897705
-4852.71457539666
-4852.75435088721
-4852.82148145206
-4852.95583023463
-4853.19905304725
-4853.55297257148
-4853.96138906789
-4854.21400503565
-4854.32373193292
-4854.39093709242
-4854.45931613299
-4854.51730254076
-4854.52275096592
-4854.52523840391
-4854.50366311825
-4854.45178373234
-4854.32709247851
-4853.95784562758
-4853.05690862335
-4852.07022565785
-4851.76940323363
-4852.08768411414
-4852.61184852201
-4853.05676138006
-4853.35179336445
-4853.53061615758
-4853.6387374458
-4853.70579919416
-4853.74596877918
-4853.76331004963
-4853.75602427667
-4853.72007928125
-4853.65220560768
-4853.54991166587
-4853.40684477904
-4853.20749039709
-4852.92667798367
-4852.53834532571
-4852.04054950899
-4851.54058470068
-4851.37576674123
-4851.88063387359
-4852.79597471415
-4853.51986306511
-4853.88064217584
-4854.02421821707
-4854.07461427641
-4854.08678049232
-4854.08053934135
-4854.05965913578
-4854.01713944773
-4853.93480723093
-4853.78565004731
-4853.55345938831
-4853.27248611278
-4853.0306168049
-4852.89030542796
-4852.83912178077
-4852.83482525616
-4852.84739697006
-4852.86610617129
-4852.89644439894
-4852.95325804637
-4853.0389473414
-4853.13159591765
-4853.2051744898
-4853.24738553236
-4853.2579680922
-4853.2414723114
-4853.20083597957
-4853.13027045285
-4852.99838103527
-4852.68271585468
-4851.93909639479
-4851.03497906321
-4850.6285264484
-4850.66797443426
-4850.90916246065
-4851.18592386821
-4851.41585848544
-4851.58057531257
-4851.69007772466
-4851.76011974022
-4851.80129249834
-4851.81777870953
-4851.80681355081
-4851.75939901385
-4851.66085385636
-4851.49471208777
-4851.25302324453
-4850.94597974594
-4850.59215828398
-4850.15856164723
-4849.55336763942
-4848.93703984383
-4848.9622123995
-4849.84941875082
-4850.8560896716
-4851.47244294412
-4851.76583922524
-4851.8988301799
-4851.95737359636
-4851.97600328436
-4851.96606477523
-4851.92858111016
-4851.85805187421
-4851.74581444485
-4851.58635155705
-4851.39420634399
-4851.23146146041
-4851.22710817195
-4851.52522572454
-4852.10844650463
-4852.69864465054
-4853.06934592952
-4853.24958643655
-4853.33318756918
-4853.39833579657
-4853.38277773814
-4853.37128175876
-4853.32928358081
-4853.24336944872
-4853.12654068169
-4852.92365168339
-4852.63078689044
-4852.22196256141
-4851.7545648657
-4851.56305464262
-4851.87140709473
-4852.64706717241
-4853.38179647201
-4853.70950955006
-4853.81926038192
-4853.8631290517
-4853.88119309851
-4853.87719120318
-4853.84244633539
-4853.76332976779
-4853.62912081512
-4853.44061852036
-4853.21246031994
-4852.96664045472
-4852.73107113964
-4852.53754822843
-4852.40913164829
-4852.38278035734
-4852.55225495243
-4852.98994266531
-4853.55492850395
-4853.99371963319
-4854.23338489017
-4854.34264829153
-4854.38771451903
-4854.40258309075
-4854.40174144506
-4854.38872294368
-4854.35825826298
-4854.29361840978
-4854.16304853171
-4853.93501804255
-4853.63039341034
-4853.3458795235
-4853.15754067029
-4853.06724177808
-4853.04994667112
-4853.09342034198
-4853.20231146333
-4853.37755117858
-4853.59472445784
-4853.81157951102
-4853.99534101751
-4854.13309785125
-4854.22798046983
-4854.28988313129
-4854.32902438329
-4854.35144840937
-4854.35596958638
-4854.32791388432
-4854.22906338007
-4853.98831688095
-4853.52791838093
-4852.8975183517
-4852.42503443275
-4852.33253260897
-4852.3945463047
-4852.48408163478
-4852.67772037198
-4853.02582821774
-4853.50706643753
-4853.8427159357
-4854.00923257585
-4854.07329417375
-4854.09254982953
-4854.09612749978
-4854.09475616094
-4854.08660009192
-4854.05198032469
-4853.92453161772
-4853.53927349275
-4852.84436456504
-4852.27713980723
-4852.21390743925
-4852.26012094306
-4852.30781449814
-4852.44234393979
-4852.77116527932
-4853.28745141578
-4853.69545539172
-4853.9322795138
-4854.04495386318
-4854.09105020782
-4854.10495358509
-4854.10063671018
-4854.074442743
-4853.99756277306
-4853.79006901041
-4853.29176735992
-4852.42341112218
-4851.71330335688
-4851.83238451772
-4852.38806070878
-4852.91067408619
-4853.42011740711
-4853.82803562199
-4854.08228058462
-4854.19684588326
-4854.23476861853
-4854.23657552525
-4854.21628712301
-4854.17633254025
-4854.11465256834
-4854.0251035917
-4853.89376312354
-4853.69759745653
-4853.40801887985
-4853.02289863917
-4852.62002375371
-4852.38114530276
-4852.48270741861
-4852.92248192998
-4853.49942852573
-4853.991246382
-4854.31175879726
-4854.48799605892
-4854.57597067389
-4854.6116621434
-4854.61496888987
-4854.59671675736
-4854.56346386513
-4854.51888646085
-4854.46324215494
-4854.39271320266
-4854.29671483849
-4854.16205574833
-4853.98149292882
-4853.77008565915
-4853.55874578189
-4853.38251993118
-4853.26123006607
-4853.19676599216
-4853.17845986467
-4853.19346867713
-4853.23452733409
-4853.30446647549
-4853.41325539267
-4853.55534754226
-4853.7022637336
-4853.82745402171
-4853.92388543564
-4853.99357785466
-4854.04008852102
-4854.06385822791
-4854.06284653966
-4854.05920302834
-4854.01168000815
-4853.9589720124
-4853.8351734091
-4853.46177801884
-4852.83116750004
-4852.33182842371
-4852.18776603563
-4852.35936596461
-4852.65183101799
-4852.91913916649
-4853.11485986727
-4853.24494848271
-4853.32885002799
-4853.38065766156
-4853.408432397
-4853.41427659338
-4853.39394820174
-4853.32775960157
-4853.16584759064
-4852.86622906202
-4852.52097945027
-4852.4526040171
-4852.80553453785
-4853.39522056741
-4853.81323935801
-4854.02131038743
-4854.10911774634
-4854.16495543511
-4854.21117327286
-4854.24342585442
-4854.25532570893
-4854.24290655617
-4854.20202641595
-4854.12501048664
-4853.99352914857
-4853.76674906038
-4853.36987065902
-4852.74856698958
-4852.03346925057
-4851.57836017975
-4851.61966316063
-4852.03835505657
-4852.54057584006
-4852.93276269438
-4853.18227786769
-4853.32550685581
-4853.40287041931
-4853.44081736261
-4853.45736334245
-4853.46928130987
-4853.4956827744
-4853.55235397281
-4853.6606498494
-4853.70611412492
-4853.70995169189
-4853.67688098399
-4853.58999948839
-4853.56819145254
-4853.59373492658
-4853.64468798983
-4853.70058930537
-4853.74573412731
-4853.77000652125
-4853.76892694911
-4853.73884553882
-4853.67229359259
-4853.55455891195
-4853.36230591018
-4853.0671495064
-4852.6626999108
-4852.20249888216
-4851.81722761903
-4851.66183550329
-4851.81600034153
-4852.21462598447
-4852.69897921864
-4853.12943377816
-4853.44549152303
-4853.65250855941
-4853.77724866025
-4853.84462809898
-4853.87215751691
-4853.86956400288
-4853.83940083098
-4853.78142650098
-4853.70604854651
-4853.64525327906
-4853.63052269629
-4853.68205352121
-4853.68780795257
-4853.67078960803
-4853.62915202245
-4853.54071879841
-4853.49538181333
-4853.46353444613
-4853.43741703046
-4853.40521674713
-4853.35522639806
-4853.27105719552
-4853.11797130054
-4852.81653280156
-4852.23424291438
-4851.3478801583
-4850.62156150939
-4850.71803492181
-4851.47801268325
-4852.20839847773
-4852.64564567895
-4852.88439047813
-4853.02633750741
-4853.11619208635
-4853.17138824272
-4853.20024653026
-4853.20899277919
-4853.2043948531
-4853.19498406489
-4853.19001683582
-4853.19675603916
-4853.21746109493
-4853.25067567135
-4853.29668802145
-4853.36039944527
-4853.4487696253
-4853.56814097548
-4853.72091006729
-4853.89777277109
-4854.07015018316
-4854.20489852153
-4854.28659887057
-4854.32335066246
-4854.33186206627
-4854.32279051516
-4854.29132482274
-4854.2085815189
-4854.01305730511
-4853.63323259145
-4853.09060173385
-4852.58162928636
-4852.33201727603
-4852.3831344102
-4852.60425630817
-4852.85107625171
-4853.05236918157
-4853.19596010686
-4853.2913114176
-4853.35012683638
-4853.38029381693
-4853.38508829213
-4853.36142529386
-4853.28991518541
-4853.09338713029
-4852.54233769726
-4851.35506585782
-4850.14540997315
-4850.54692958692
-4852.22659950635
-4853.45780857216
-4854.00269584405
-4854.240730794
-4854.31408053932
-4854.33995104521
-4854.34307167333
-4854.28979638355
-4854.22426304322
-4854.14330937399
-4854.01635307451
-4853.83139473313
-4853.49983908866
-4852.98388563189
-4852.49557527662
-4852.18107726847
-4852.11266912016
-4852.22888453145
-4852.41767560548
-4852.60214231786
-4852.7576117134
-4852.89065652156
-4853.01847836607
-4853.1486641759
-4853.26799830064
-4853.36355498967
-4853.43837068586
-4853.49796020483
-4853.54290103052
-4853.5692756566
-4853.57294048404
-4853.55821169711
-4853.54887274972
-4853.58537416029
-4853.69059316623
-4853.82924763887
-4853.93535398076
-4853.98185719216
-4854.01047447311
-4854.07665029353
-4854.19388159605
-4854.3368384279
-4854.4670891211
-4854.55925888183
-4854.60916307321
-4854.62826896428
-4854.62879544658
-4854.62018060867
-4854.60518481517
-4854.57300046842
-4854.48324635153
-4854.27333559389
-4853.94953851954
-4853.61891776757
-4853.41320060115
-4853.35935390946
-4853.3614952566
-4853.42564431103
-4853.48860711141
-4853.65589802384
-4853.86118064971
-4854.08859307419
-4854.27881919184
-4854.42585947636
-4854.5130500714
-4854.56062481897
-4854.58683947105
-4854.60389493099
-4854.61479606788
-4854.61703019473
-4854.59475605914
-4854.50876184248
-4854.28472874005
-4853.86140676205
-4853.28593056912
-4852.83362038915
-4852.52224799463
-4852.21355227564
-4851.93927705042
-4852.15816900875
-4852.91807530574
-4853.65762176203
-4854.06721028687
-4854.23115172973
-4854.28422717977
-4854.29500036984
-4854.28795060181
-4854.26690109854
-4854.22475990885
-4854.14851067978
-4854.02673171672
-4853.86316262898
-4853.68593142343
-4853.53464344028
-4853.43299616309
-4853.3760862983
-4853.34271503497
-4853.31564235535
-4853.29097255675
-4853.27816945281
-4853.29668659902
-4853.37641366166
-4853.56039382922
-4853.86870208277
-4854.1829795887
-4854.3456245701
-4854.39546634023
-4854.40905197717
-4854.41474060724
-4854.41725152637
-4854.41193556906
-4854.38604701326
-4854.31531100236
-4854.16230266488
-4853.89356467338
-4853.52716250196
-4853.18356050156
-4852.91583652463
-4852.73461773841
-4852.58017583538
-4852.54719646133
-4852.72392728063
-4853.07171058896
-4853.40253515066
-4853.6317304977
-4853.75617246195
-4853.8076818138
-4853.81612329939
-4853.79917154348
-4853.76282466707
-4853.7027905661
-4853.60587156983
-4853.45560668492
-4853.25255721586
-4853.04456711641
-4852.92819044724
-4852.99291880122
-4853.10843102342
-4853.20394970673
-4853.28779519105
-4853.40212723151
-4853.5598063164
-4853.69621466641
-4853.77510494916
-4853.81254823076
-4853.8255567912
-4853.79922280464
-4853.78094189284
-4853.74408222788
-4853.68164408684
-4853.57925714043
-4853.40473922147
-4853.08774251935
-4852.50561486497
-4851.60238856025
-4850.83248598164
-4851.16181300619
-4852.53146628836
-4853.64948494636
-4854.13624899241
-4854.32581307706
-4854.40983294867
-4854.44734634304
-4854.45528677421
-4854.43461730629
-4854.40235622299
-4854.32293999652
-4854.21375612578
-4854.04408582522
-4853.73860763266
-4853.24589927254
-4852.78541174664
-4852.61335187135
-4852.88707626905
-4853.45017978631
-4853.97653471498
-4854.28187583601
-4854.41240742399
-4854.46398829664
-4854.48447857679
-4854.48831310047
-4854.47549790394
-4854.43901499415
-4854.36918334763
-4854.26092635874
-4854.12429579472
-4853.98685854114
-4853.87694392066
-4853.80131969343
-4853.72254092431
-4853.5707353169
-4853.37580228376
-4853.27221095975
-4853.29857228818
-4853.38572136137
-4853.46847324699
-4853.52248556282
-4853.54534611819
-4853.5418604581
-4853.51445041033
-4853.46166025991
-4853.37774069574
-4853.25074956472
-4853.06150476907
-4852.7735310591
-4852.32772572292
-4851.69210954633
-4851.18729978099
-4851.60027759863
-4852.66219676425
-4853.36280453752
-4853.6828574748
-4853.86635118311
-4854.00367595557
-4854.11307104342
-4854.19463240378
-4854.24606844481
-4854.26684928695
-4854.2596738188
-4854.22739513397
-4854.16895036097
-4854.06056806458
-4853.82974614506
-4853.37503312129
-4852.74611738146
-4852.26186625304
-4852.17589252878
-4852.40892179335
-4852.74101003722
-4853.03071371165
-4853.24064771299
-4853.38112562659
-4853.47063940783
-4853.52321662625
-4853.54885540464
-4853.55100484248
-4853.53462322249
-4853.50363075951
-4853.4660058495
-4853.44104622818
-4853.46619714139
-4853.59515038534
-4853.8874142807
-4854.36333379138
-4854.67651827043
-4854.74202456782
-4854.76559150048
-4854.79686090751
-4854.79438302409
-4854.7946526198
-4854.77651663925
-4854.73980296916
-4854.70645876726
-4854.63634276902
-4854.55255379747
-4854.44623097385
-4854.28809641866
-4854.15130957882
-4854.02394672567
-4853.90036918837
-4853.77083042156
-4853.62513198248
-4853.45463008295
-4853.25494801997
-4853.03303353073
-4852.81751647644
-4852.66421362287
-4852.64277558903
-4852.80136713462
-4853.13019860596
-4853.55130130787
-4853.94691472493
-4854.22743817645
-4854.38438114794
-4854.45859296601
-4854.48841720604
-4854.49628125177
-4854.49349497131
-4854.48528680174
-4854.47330999164
-4854.4567732226
-4854.43360320942
-4854.40166172525
-4854.35864338985
-4854.30207310985
-4854.22876295766
-4854.13542129616
-4854.01887432193
-4853.87659833504
-4853.70716171608
-4853.51134820585
-4853.29378171828
-4853.06551092037
-4852.84582673059
-4852.66213916813
-4852.5449537074
-4852.51883176875
-4852.59317021319
-4852.75921948291
-4852.99608022351
-4853.278754954
-4853.57930443537
-4853.85501299808
-4854.05653942015
-4854.1743548471
-4854.23826637137
-4854.27319140982
-4854.28805526335
-4854.28217610854
-4854.25153366358
-4854.19422562239
-4854.1151855515
-4854.02701749497
-4853.94482841768
-4853.88278548153
-4853.84677852166
-4853.809893904
-4853.69294548341
-4853.44934977332
-4853.19959689712
-4853.07984477358
-4853.07668867867
-4853.11534437282
-4853.14761059281
-4853.15750741649
-4853.14346687272
-4853.10556601411
-4853.03910170115
-4852.92898791749
-4852.74057602189
-4852.40399666003
-4851.81064736689
-4850.9278712137
-4850.09915696237
-4850.00489390645
-4850.89664679928
-4852.09190531696
-4852.73399512735
-4852.94765325598
-4853.02624865678
-4853.05934104908
-4853.06400503861
-4853.04035884111
-4852.9897256284
-4852.92191689998
-4852.84842845083
-4852.76987788662
-4852.70844441277
-4852.60115140915
-4852.43996103567
-4851.98293465211
-4851.29082768862
-4851.20123546142
-4852.00675450609
-4852.79150486917
-4853.17430110397
-4853.28526975041
-4853.32626958422
-4853.31265606119
-4853.30657015134
-4853.27166474653
-4853.21082496571
-4853.13782795636
-4853.06389580907
-4852.98975462342
-4852.91026842568
-4852.81843944442
-4852.7059211035
-4852.56566792433
-4852.39901262183
-4852.22696714072
-4852.09166515668
-4852.0429290715
-4852.13704883989
-4852.41159842876
-4852.78076097207
-4853.1104775699
-4853.3557386936
-4853.53124596777
-4853.65928743422
-4853.754692969
-4853.82562570226
-4853.87594704226
-4853.90632931791
-4853.9149919362
-4853.89873207841
-4853.85540082937
-4853.78664600118
-4853.68875627423
-4853.5726573376
-4853.3356182543
-4853.0158375757
-4852.61119044413
-4852.23912268731
-4852.02417723424
-4852.1734621945
-4852.61073496994
-4853.09602589812
-4853.46916546523
-4853.71156892381
-4853.85276590698
-4853.92504086321
-4853.95282133561
-4853.95179684278
-4853.92758444874
-4853.87189992202
-4853.74866588711
-4853.45468147465
-4852.78424262229
-4851.70215043183
-4850.95031100575
-4851.13252447638
-4851.59810815995
-4851.87434613335
-4852.02351413114
-4852.09932452615
-4852.21125717169
-4852.37773880086
-4852.61758284142
-4852.87564505084
-4853.08079082752
-4853.20943939844
-4853.2749478999
-4853.29898559693
-4853.29654537602
-4853.27178123659
-4853.21369856276
-4853.08330118265
-4852.79592125347
-4852.25645071164
-4851.57510930042
-4851.22663426515
-4851.59522980419
-4852.42143862615
-4853.16496950509
-4853.60890916574
-4853.84155845846
-4853.91561190616
-4853.92947297279
-4853.91467411094
-4853.89154200477
-4853.75827614475
-4853.63390053822
-4853.47409452963
-4853.292621453
-4853.10849199575
-4852.93451918248
-4852.77004048259
-4852.601348568
-4852.40353906581
-4852.14847272065
-4851.8251019464
-4851.48123491617
-4851.24390987912
-4851.25448088927
-4851.53250973867
-4851.94102587808
-4852.31884117793
-4852.59607260016
-4852.78376970187
-4852.91276103487
-4853.00700177375
-4853.0792558908
-4853.13628267444
-4853.1830701015
-4853.22827749052
-4853.28905902425
-4853.4158127862
-4853.55994777702
-4853.71027046468
-4853.87092259145
-4854.07351221919
-4854.2832548846
-4854.47781627886
-4854.61688734674
-4854.72815923764
-4854.77344036326
-4854.78510746353
-4854.78391877889
-4854.76750584303
-4854.67193612576
-4854.47045304985
-4854.04301717077
-4853.36880251528
-4852.74109643596
-4852.48498000567
-4852.56542009901
-4852.7695126716
-4852.9630400472
-4853.11012002531
-4853.21318251398
-4853.27970905208
-4853.31781752441
-4853.32975041807
-4853.31600896068
-4853.27212135132
-4853.1810039882
-4852.98721417333
-4852.52129261267
-4851.41963212413
-4849.7536983967
-4849.22784835761
-4850.68148426586
-4852.26862449589
-4853.03975086165
-4853.34562056925
-4853.48051207832
-4853.54655745747
-4853.57403042636
-4853.57245445197
-4853.54384016838
-4853.48330357749
-4853.36578681512
-4853.14953070749
-4852.83242667961
-4852.53220034774
-4852.39675721434
-4852.41557087768
-4852.48572512548
-4852.56379993662
-4852.66258933573
-4852.80096182019
-4852.96589635627
-4853.11338808172
-4853.21291703571
-4853.26616134886
-4853.28932198648
-4853.29590814626
-4853.28909975264
-4853.25494832799
-4853.14410557248
-4852.84132109623
-4852.21635190439
-4851.46378902795
-4851.23254547903
-4851.55091515914
-4851.8181034789
-4852.00975015274
-4852.31557901
-4852.81087384576
-4853.34521297744
-4853.7283372706
-4853.93696338177
-4854.03162434567
-4854.06336800264
-4854.06381448687
-4854.04970496769
-4854.02819306913
-4853.9974238526
-4853.95100616833
-4853.873633397
-4853.7390881796
-4853.51778704383
-4853.20754575451
-4852.87451864572
-4852.62501034849
-4852.50891697825
-4852.5130713096
-4852.61962503235
-4852.81829965535
-4853.0943009584
-4853.42397749451
-4853.77111908503
-4854.07029027748
-4854.26850720527
-4854.37398249815
-4854.42231350741
-4854.44007947484
-4854.44063345235
-4854.42982705365
-4854.41009723145
-4854.38200538685
-4854.34450235028
-4854.29477010419
-4854.22798434149
-4854.13784116357
-4854.01853846423
-4853.868795266
-4853.69636205581
-4853.51885972722
-4853.36085499296
-4853.25020297432
-4853.21810985526
-4853.29669051922
-4853.503774068
-4853.8187771155
-4854.17627553341
-4854.49142965907
-4854.72080563611
-4854.81594812615
-4854.85908290828
-4854.88270310879
-4854.86966128619
-4854.86905012066
-4854.86016669844
-4854.84327319082
-4854.81777751616
-4854.80759889855
-4854.77307470319
-4854.74608675024
-4854.71521865978
-4854.67579781232
-4854.56593774806
-4854.39642950349
-4854.2259034653
-4854.0161540365
-4853.74369518777
-4853.48933254086
-4853.26848769441
-4853.09391747078
-4852.96711778271
-4852.88115091108
-4852.82466701549
-4852.78613640962
-4852.75637054508
-4852.72942868807
-4852.7042977485
-4852.69185615906
-4852.72245623708
-4852.83485913775
-4853.04654642535
-4853.33360684846
-4853.66360511413
-4853.91896116959
-4854.0992705083
-4854.22883823195
-4854.331947376
-4854.39382602763
-4854.46584741388
-4854.48052909742
-4854.47386335221
-4854.44403527401
-4854.33125861732
-4853.99486800899
-4853.41979892456
-4852.67626434252
-4852.09518274198
-4851.93770607439
-4852.12473746421
-4852.4203596047
-4852.6701930419
-4852.83531491791
-4852.93010386131
-4852.97585472263
-4852.98718524982
-4852.97209000966
-4852.93635543469
-4852.88787560708
-4852.83768402921
-4852.79656648041
-4852.77104992996
-4852.76457502274
-4852.78107161151
-4852.82853155985
-4852.92058292081
-4853.07214972334
-4853.28584111149
-4853.53519085787
-4853.76732213609
-4853.93548551866
-4854.03315423529
-4854.08407548873
-4854.11305251781
-4854.1348244764
-4854.15614108719
-4854.17516285966
-4854.18021214989
-4854.15533906068
-4854.0873082472
-4853.96686495682
-4853.78490251539
-4853.532027218
-4853.20338909617
-4852.81073997738
-4852.39902084877
-4852.05661674723
-4851.88770663674
-4851.94444285129
-4852.17654386013
-4852.46766859324
-4852.72189995915
-4852.90394432954
-4853.02271277649
-4853.10028071486
-4853.15648298057
-4853.20479358149
-4853.25485141309
-4853.31449388145
-4853.38979671888
-4853.48114837062
-4853.58165510996
-4853.68060714833
-4853.76878022223
-4853.84064487906
-4853.89416008659
-4853.92865188241
-4853.94259653154
-4853.93176920799
-4853.88743961143
-4853.79332542237
-4853.61551810793
-4853.28745918023
-4852.75522067157
-4852.13245262526
-4851.71588248125
-4851.73070111787
-4852.10064240742
-4852.56726323347
-4852.94758015317
-4853.19530009824
-4853.33580368414
-4853.40690134373
-4853.43518017011
-4853.43307060662
-4853.40177488627
-4853.33491026849
-4853.22477849444
-4853.07415700211
-4852.90621043688
-4852.74613922989
-4852.57398583136
-4852.35672810738
-4852.00928600299
-4851.55276556224
-4851.21094715015
-4851.40711816543
-4852.07915833827
-4852.72294236472
-4853.13668853526
-4853.38501455905
-4853.55570915225
-4853.68539326642
-4853.77884525403
-4853.83533368729
-4853.85823175731
-4853.85302989329
-4853.82092870453
-4853.74955974683
-4853.59698409282
-4853.25951273114
-4852.61172560563
-4851.79668557378
-4851.32723205551
-4851.43274795746
-4851.86295577196
-4852.35366533556
-4852.80366304875
-4853.1757072795
-4853.45317284423
-4853.64946774223
-4853.78585303577
-4853.88047763542
-4853.94272134603
-4853.97607271357
-4853.98184588082
-4853.96121356718
-4853.90974773319
-4853.80256642262
-4853.57856690992
-4853.15419931559
-4852.53328092646
-4852.00506354499
-4852.08019745086
-4852.82615191079
-4853.49025892051
-4853.80759576926
-4853.97143060759
-4854.07919499741
-4854.1252701754
-4854.15079780983
-4854.14922857068
-4854.11952164512
-4854.05110842799
-4853.92279361388
-4853.70119468216
-4853.42685078909
-4853.1710286328
-4852.92728313517
-4852.07691917801
-4851.17922456589
-4851.36842424915
-4852.25171850915
-4852.97312053418
-4853.32582978323
-4853.4612757552
-4853.50877433814
-4853.51986075002
-4853.50913219053
-4853.47840363035
-4853.42811294756
-4853.35688726336
-4853.261114578
-4853.13409150726
-4852.97212354022
-4852.80132200278
-4852.71993142738
-4852.86837593171
-4853.26329321503
-4853.70166335139
-4853.98237613333
-4854.10182904239
-4854.1459695243
-4854.16895164846
-4854.18419542752
-4854.18592976258
-4854.16116581802
-4854.0879688929
-4853.91246986475
-4853.48772754744
-4852.5672369576
-4851.32734856036
-4850.61901026088
-4850.73307479799
-4851.18696767942
-4851.67874883629
-4852.1844451048
-4852.62739038595
-4852.97353825058
-4853.21399691785
-4853.37074434847
-4853.47054235096
-4853.53142734011
-4853.5619311036
-4853.56468123433
-4853.54124601801
-4853.49473808796
-4853.42504121079
-4853.31593614926
-4853.14509407199
-4852.72541033099
-4852.13181744364
-4851.71407546825
-4851.82254199341
-4852.27771856356
-4852.7524499717
-4853.1181986588
-4853.31082413195
-4853.41328900595
-4853.46553355465
-4853.45199167529
-4853.44899940565
-4853.41148892688
-4853.33209671943
-4853.22014090132
-4853.09398111216
-4852.96757101326
-4852.85584327146
-4852.78115556659
-4852.7631101622
-4852.79926853552
-4852.86597974244
-4852.93741074885
-4852.9980128338
-4853.04160836119
-4853.06590182935
-4853.06859074486
-4853.04565034856
-4852.99166359326
-4852.90201800783
-4852.77696349854
-4852.6277084823
-4852.4837064035
-4852.39326192123
-4852.39821250296
-4852.48375040572
-4852.57840390244
-4852.63718396434
-4852.66408323537
-4852.66708925681
-4852.63268239228
-4852.53553798518
-4852.40612277502
-4852.38794109209
-4852.57770194133
-4852.88591077761
-4853.17300448617
-4853.38660208883
-4853.53958098275
-4853.65432996857
-4853.74404523914
-4853.81459440649
-4853.8680042053
-4853.90450833576
-4853.92225246347
-4853.9145339826
-4853.86484401028
-4853.74056938056
-4853.48949702487
-4853.05428092809
-4852.44443466437
-4851.87005939802
-4851.71820039606
-4852.16811510316
-4852.91894015618
-4853.54112301327
-4853.90166455817
-4854.08002353549
-4854.16355750205
-4854.19789596948
-4854.20202289774
-4854.18185413637
-4854.13590215935
-4854.05619753297
-4853.92838318341
-4853.73589868141
-4853.47614148317
-4853.18867855465
-4852.96303770897
-4852.88631287331
-4852.97049800275
-4853.15037964074
-4853.34314456298
-4853.49595684041
-4853.60279047183
-4853.68466176478
-4853.76144780555
-4853.84171398423
-4853.9261450232
-4854.01110280043
-4854.09086007291
-4854.15907147837
-4854.21005574689
-4854.23988075568
-4854.2457479504
-4854.2226375324
-4854.15757981864
-4854.04655708657
-4853.81239060664
-4853.42709841854
-4852.83247234869
-4852.11152884775
-4851.71871879619
-4851.89043200486
-4852.41729839622
-4852.92659839742
-4853.2442609953
-4853.3991641569
-4853.46703830085
-4853.49565601922
-4853.51995387969
-4853.51452819122
-4853.49556519496
-4853.45298168227
-4853.3629234155
-4853.26813561551
-4853.19352042163
-4853.13414930619
-4853.10239772761
-4853.05929557054
-4852.94655620046
-4852.74164659495
-4852.57027137041
-4852.41643713121
-4852.30882383357
-4852.23148667472
-4852.24313360479
-4852.30464287499
-4852.39500612384
-4852.4978721539
-4852.60336557886
-4852.70687561619
-4852.80754698077
-4852.906598948
-4853.00634337015
-4853.10955384957
-4853.21930558548
-4853.33863440405
-4853.46982804255
-4853.61363280092
-4853.78288706403
-4853.91762739859
-4854.01435217459
-4854.09274000608
-4854.17077924304
-4854.23072595324
-4854.28824464004
-4854.32460272024
-4854.33961355671
-4854.3287352026
-4854.27469625719
-4854.13621044623
-4853.84349780695
-4853.34218511905
-4852.7320559682
-4852.34199390041
-4852.45810366851
-4852.9677948724
-4853.51619527649
-4853.89363426453
-4854.10250679109
-4854.21056828376
-4854.26587362106
-4854.29012516983
-4854.28938965907
-4854.26096903973
-4854.19731151405
-4854.09117229047
-4853.94575174117
-4853.78061536772
-4853.62571276229
-4853.49168925793
-4853.35520569401
-4853.15696863906
-4852.85831411429
-4852.60083439586
-4852.62993082919
-4852.85806405835
-4853.03915109711
-4853.15123251133
-4853.22844731249
-4853.2771515794
-4853.29800572749
-4853.2919969478
-4853.25854030566
-4853.1931314563
-4853.08563962946
-4852.91996831189
-4852.6779664047
-4852.35518395329
-4851.98839242107
-4851.67401161734
-4851.53462814294
-4851.63248195804
-4851.91512657519
-4852.26139499336
-4852.57061937514
-4852.8047119302
-4852.97194956308
-4853.09482025665
-4853.19214600045
-4853.27599220424
-4853.35497255891
-4853.43986769392
-4853.55154255605
-4853.72505586887
-4853.97483338776
-4854.23083648868
-4854.40690668498
-4854.49844684495
-4854.53878085081
-4854.55375790563
-4854.55714304338
-4854.55445397531
-4854.54316509763
-4854.50846960273
-4854.41610128818
-4854.21620125203
-4853.90278521063
-4853.57635427523
-4853.34455065535
-4853.2175091961
-4853.15623884681
-4853.12673775988
-4853.10929770687
-4853.09442130263
-4853.07908774494
-4853.06574897455
-4853.06401323789
-4853.09440340547
-4853.19083633778
-4853.39157809657
-4853.70249662959
-4854.05448289499
-4854.34318470918
-4854.52696938772
-4854.62981128196
-4854.68588728955
-4854.7148796078
-4854.72430979788
-4854.73977549541
-4854.71547300405
-4854.66370451392
-4854.52137081717
-4854.1342697815
-4853.53593819821
-4852.95847452739
-4852.68102209173
-4852.65188074071
-4852.71000296092
-4852.77188699552
-4852.8123981688
-4852.82784074268
-4852.81892738713
-4852.78367187223
-4852.71409696505
-4852.59509770002
-4852.40912378249
-4852.15963321884
-4851.93140508402
-4851.95460648877
-4852.47749803045
-4853.34741591715
-4854.05980236319
-4854.44164422985
-4854.63734599522
-4854.72704592886
-4854.74312818004
-4854.7413396103
-4854.72448540698
-4854.61425612278
-4854.50554642204
-4854.3345100134
-4854.09119997008
-4853.79335460852
-4853.49430917715
-4853.25291470324
-4853.09595327501
-4853.01288657737
-4852.97781659347
-4852.96812075047
-4852.97002716579
-4852.97709130651
-4852.98749040897
-4853.00188795571
-4853.02164939199
-4853.0469021589
-4853.07506803119
-4853.1008507907
-4853.11838736174
-4853.12125581589
-4853.09617190951
-4853.0131478787
-4852.82839243713
-4852.51203761658
-4852.13028438946
-4851.90504721974
-4852.05112247895
-4852.49898931428
-4852.98552967038
-4853.34824359279
-4853.58026342843
-4853.72703454996
-4853.82480647336
-4853.89215526992
-4853.93597668305
-4853.95715755496
-4853.95206783794
-4853.91528456808
-4853.83359352715
-4853.66355905658
-4853.28235740137
-4852.53830527487
-4851.60995988279
-4850.95127612786
-4850.66989396939
-4850.72430641327
-4851.29139372667
-4852.19616472423
-4852.86089237564
-4853.14717071304
-4853.23318749942
-4853.24998024944
-4853.2485504514
-4853.24358575035
-4853.23523625571
-4853.21313850939
-4853.15242473111
-4853.01146873501
-4852.75250555975
-4852.41225774212
-4852.17775145902
-4852.27944102147
-4852.67293685125
-4853.02539165123
-4853.1750437839
-4853.23252791801
-4853.29451465691
-4853.39427203896
-4853.5709979214
-4853.82383017006
-4854.1024990304
-4854.33430973982
-4854.45707086612
-4854.49719505179
-4854.51112030994
-4854.51978007207
-4854.52363483659
-4854.51566282116
-4854.48377639254
-4854.41230572272
-4854.28805407705
-4854.11275623075
-4853.91484159381
-4853.73500970063
-4853.58605158078
-4853.45346193849
-4853.18383448846
-4852.95177236197
-4852.96097673021
-4853.19798933374
-4853.45464320222
-4853.62169929688
-4853.70533081214
-4853.73508964361
-4853.73185864269
-4853.70508527896
-4853.6554467853
-4853.57537401759
-4853.44839999548
-4853.25102843757
-4852.96769374284
-4852.65625896046
-4852.3748977037
-4852.2462746275
-4852.30498948705
-4852.62384937842
-4853.25172841167
-4853.85683709415
-4854.16236474461
-4854.27625813556
-4854.32469650341
-4854.34621428391
-4854.34645800551
-4854.31900891186
-4854.25132022828
-4854.18467949845
-4854.06683475812
-4853.97535819383
-4853.84006307672
-4853.46506072501
-4852.89256067623
-4852.56110814372
-4852.57623537802
-4852.79728837213
-4853.00410846197
-4853.13399200846
-4853.19702888011
-4853.21575858104
-4853.20510175158
-4853.17060652971
-4853.11102019285
-4853.0226100808
-4852.90691872418
-4852.78198351909
-4852.68838070352
-4852.67351054917
-4852.75379091748
-4852.89611477418
-4853.05095705067
-4853.1905257633
-4853.31004417305
-4853.4135856149
-4853.50529889681
-4853.58837143739
-4853.66347495936
-4853.7214919117
-4853.75095839526
-4853.75102713067
-4853.72494929617
-4853.66577253698
-4853.55092457386
-4853.35598181633
-4853.08713310561
-4852.7933393636
-4852.53452924398
-4852.35227652208
-4852.26475904343
-4852.27763062837
-4852.39215510345
-4852.59650006695
-4852.84789007214
-4853.08276127039
-4853.25865267933
-4853.37218279479
-4853.43997778127
-4853.47873850658
-4853.49853319957
-4853.50250982272
-4853.48594483453
-4853.42958242456
-4853.27794806421
-4852.89638842431
-4852.11359550946
-4851.15170490619
-4850.85695949527
-4851.58970012195
-4852.64290153036
-4853.36449199262
-4853.71594678695
-4853.87064416734
-4853.9410335325
-4853.97089443918
-4853.97464813009
-4853.95737922272
-4853.92324465319
-4853.87659213569
-4853.8179426807
-4853.74154746024
-4853.63506819222
-4853.47742464127
-4853.23476864607
-4852.86162164268
-4852.3311595552
-4851.72186110121
-4851.2868454695
-4851.30173396512
-4851.75555946502
-4852.33605984192
-4852.76976279571
-4853.01695660348
-4853.15015600157
-4853.22756833
-4853.27443091144
-4853.29701509421
-4853.29453347614
-4853.27035252885
-4853.24642319103
-4853.2733278583
-4853.44465316727
-4853.69160175484
-4853.90096567383
-4854.05799407599
-4854.27033975053
-4854.47735477591
-4854.57358730146
-4854.62177360931
-4854.63950423374
-4854.64024533037
-4854.62686772812
-4854.59883278662
-4854.55306692133
-4854.48248128811
-4854.37596778435
-4854.22707909888
-4854.05046241966
-4853.87834975778
-4853.76025392912
-4853.65310664977
-4853.56360562553
-4853.46489025603
-4853.31542253159
-4853.19617798319
-4853.12914810506
-4853.1659849159
-4853.32645313878
-4853.58092591039
-4853.86775453442
-4854.12364526663
-4854.33842507814
-4854.43476280959
-4854.46836131016
-4854.48677427592
-4854.50984645133
-4854.50520116597
-4854.51994343058
-4854.51558350006
-4854.46857097415
-4854.31207630498
-4853.91595166853
-4853.2113168945
-4852.44286972212
-4851.95093123169
-4851.75679809808
-4851.49550918756
-4851.35247426478
-4851.60854651913
-4852.3111618878
-4852.99676952315
-4853.37585696697
-4853.5257788087
-4853.57354513977
-4853.58414908234
-4853.57993510246
-4853.56149490822
-4853.51473522974
-4853.41536334312
-4853.24724814578
-4853.04578220395
-4852.92721590409
-4853.01101068944
-4853.26041646586
-4853.50638169757
-4853.57886595044
-4853.58152391265
-4853.55538796643
-4853.44362314326
-4853.37127112791
-4853.39094380351
-4853.47791235223
-4853.56646461381
-4853.62002464356
-4853.63591234057
-4853.62407069631
-4853.59124445875
-4853.52774923092
-4853.36697623944
-4852.89262475522
-4852.07560887855
-4851.49235304638
-4851.40955015212
-4851.73487318044
-4852.24408045575
-4852.72885237317
-4853.10143085899
-4853.36579810259
-4853.55633193726
-4853.70200289954
-4853.82166976381
-4853.92742437682
-4854.02824809766
-4854.13089922234
-4854.23646507544
-4854.3357280843
-4854.45302730692
-4854.48119265679
-4854.48385102179
-4854.47185738769
-4854.35373062202
-4854.05656381768
-4853.56122328456
-4852.93402507136
-4852.39622650586
-4852.14127830486
-4852.18093917595
-4852.38303963903
-4852.60943862795
-4852.79011363697
-4852.91366747414
-4852.99391276139
-4853.04800778476
-4853.08859741661
-4853.12288519318
-4853.1532576143
-4853.1772262511
-4853.18631014738
-4853.1650348486
-4853.09267122123
-4852.95424074581
-4852.76595314071
-4852.59886888098
-4852.54541005103
-4852.66291727665
-4852.96698478059
-4853.43798780727
-4853.93299092345
-4854.18691014629
-4854.29448049384
-4854.38477466639
-4854.45143755624
-4854.51157215814
-4854.53693857595
-4854.5342740447
-4854.50462853439
-4854.43768830613
-4854.28631558663
-4853.89983911865
-4853.0920313435
-4852.19525060466
-4851.82676580716
-4852.06253578414
-4852.55545795965
-4853.07656797652
-4853.53498164612
-4853.86561257637
-4854.08966043766
-4854.23642708068
-4854.3264201686
-4854.37215458868
-4854.38339910474
-4854.3689590272
-4854.32570318164
-4854.21073916442
-4853.89998417768
-4853.20444279763
-4852.16572976015
-4851.36682183552
-4851.33122158038
-4851.9863278868
-4852.95380756491
-4853.76306716124
-4854.18094905662
-4854.33685483903
-4854.38419315004
-4854.3881163766
-4854.36622767564
-4854.3166266981
-4854.23317800517
-4854.11230269278
-4853.95866439382
-4853.81148164376
-4853.60335715362
-4853.23574183322
-4852.77424877118
