# Fix print output for fix totenergy
-4857.13143012753
-4857.11937669203
-4857.06277628928
-4856.87690549937
-4856.4423618377
-4855.80169575754
-4855.42350666411
-4855.49475256836
-4855.77590640675
-4856.0339144912
-4856.25096868065
-4856.41789724685
-4856.61666943169
-4856.83674524892
-4857.0814628784
-4857.32055448691
-4857.50901277479
-4857.64617612634
-4857.69272035648
-4857.70123333934
-4857.66048148285
-4857.6088118174
-4857.49037990478
-4857.21366506523
-4856.59919750287
-4855.5624963934
-4854.71792383692
-4854.99957086342
-4856.01977290344
-4856.72328307923
-4857.02511172825
-4857.16622445177
-4857.21045397814
-4857.23675905185
-4857.23225559725
-4857.20272737393
-4857.15095710405
-4857.07833032705
-4856.98460368227
-4856.86770152721
-4856.7206922744
-4856.53127209682
-4856.28414765845
-4855.98082242802
-4855.66317311964
-4855.40359421034
-4855.24574570102
-4855.17640698321
-4855.15691559186
-4855.16026843282
-4855.17965005577
-4855.22415834702
-4855.31864563295
-4855.49272243166
-4855.7558777173
-4856.07399353956
-4856.39522212286
-4856.67836627509
-4856.90890772832
-4857.08780864844
-4857.22920575211
-4857.34898014917
-4857.45984237833
-4857.56319429178
-4857.65353369874
-4857.7231654552
-4857.76677736322
-4857.78168646478
-4857.77130458695
-4857.74085789638
-4857.69088541236
-4857.61906899741
-4857.52303840108
-4857.40233306705
-4857.28135030937
-4857.12475899115
-4856.94273695818
-4856.78214265287
-4856.73325234172
-4856.73285888871
-4856.76674287759
-4856.96165100672
-4857.37496608271
-4857.76904088097
-4858.00920792089
-4858.11922517712
-4858.16580150722
-4858.18785559256
-4858.19848647756
-4858.195269109
-4858.1632668336
-4858.06921430938
-4857.84608228732
-4857.38012917817
-4856.58358309401
-4855.6307779399
-4854.95106749517
-4854.62482928238
-4854.53404653135
-4854.57754277643
-4855.03655857152
-4855.91441158679
-4856.5950304453
-4856.91628974154
-4857.03467483929
-4857.07274809225
-4857.0766903294
-4857.05359166494
-4857.00892025839
-4856.92664756501
-4856.76345639342
-4856.45766034886
-4856.01325807527
-4855.64433957924
-4855.63330739
-4855.89939034604
-4856.05623250506
-4856.14292528926
-4856.18009973903
-4856.30988538891
-4856.59947317748
-4857.16799332387
-4857.7372542478
-4858.06159488592
-4858.19378639662
-4858.24340534761
-4858.2615304108
-4858.26165519423
-4858.24066733873
-4858.1864375138
-4858.08188375574
-4857.91496965425
-4857.696123479
-4857.48743479904
-4857.32638294303
-4857.21368195534
-4857.12543910418
-4856.85487801578
-4856.35529242004
-4856.04160972811
-4856.18926074297
-4856.56656909312
-4856.84632464541
-4856.97615561826
-4857.02951379423
-4857.04972648237
-4857.04788096607
-4857.02507686378
-4856.98163562229
-4856.91988497684
-4856.83830331207
-4856.7156955533
-4856.489742672
-4856.08082720229
-4855.5469801776
-4855.22194878363
-4855.36799689062
-4855.82085222483
-4856.27329590695
-4856.59006820966
-4856.78530210689
-4856.90464997398
-4856.98009034957
-4857.02611311082
-4857.04871999252
-4857.05319984621
-4857.05217608165
-4857.06836240215
-4857.12597841922
-4857.23959625896
-4857.42535267441
-4857.658794453
-4857.77600306904
-4857.88125060235
-4858.00129293339
-4858.11717571934
-4858.19480555451
-4858.23975280376
-4858.25652402953
-4858.24843997396
-4858.21509405033
-4858.14945453984
-4858.03133348484
-4857.82125689214
-4857.47362003007
-4857.00381339155
-4856.55339826795
-4856.31128311533
-4856.34804187127
-4856.57637409096
-4856.85311450372
-4857.08022472488
-4857.22822189004
-4857.30725994812
-4857.33756906529
-4857.33581389797
-4857.31216525449
-4857.27066790258
-4857.20956344696
-4857.12192709379
-4856.99979050858
-4856.85181039568
-4856.71916817187
-4856.62483293667
-4856.56004512684
-4856.52704506011
-4856.55026156724
-4856.63616768615
-4856.77097351497
-4856.8422670314
-4856.87409642072
-4856.84798110188
-4856.82286369613
-4856.76540481824
-4856.69110145286
-4856.62802530585
-4856.59998019683
-4856.61447302651
-4856.66399402221
-4856.73365369332
-4856.8095842981
-4856.88284578497
-4856.94875856221
-4857.00466213689
-4857.04815318963
-4857.07618041417
-4857.08464673653
-4857.06819094646
-4857.01952557252
-4856.95809114185
-4856.81346588814
-4856.56986895942
-4856.16918187885
-4855.71971986993
-4855.6725487673
-4856.21826057318
-4857.00740598988
-4857.57587456956
-4857.84382291811
-4857.94077177456
-4857.9691434384
-4857.973763985
-4857.96631340136
-4857.93958357507
-4857.8766033839
-4857.76294962693
-4857.60203444516
-4857.41776877173
-4857.23936661941
-4857.08445962118
-4856.95974256047
-4856.88798875448
-4856.82637229559
-4856.77616263937
-4856.71019498753
-4856.60731660432
-4856.55436766116
-4856.54085554538
-4856.55582809156
-4856.58479547666
-4856.61955239326
-4856.66142830043
-4856.72270812622
-4856.83198061769
-4857.02717739929
-4857.29951067219
-4857.55591346904
-4857.72412964892
-4857.81480224567
-4857.86548824123
-4857.89823659139
-4857.91767319336
-4857.91765966698
-4857.88508254881
-4857.79886641752
-4857.62267059347
-4857.29755866041
-4856.77428546379
-4856.13939314855
-4855.70781420782
-4855.55753714138
-4855.58271372828
-4855.61719095935
-4855.73903296878
-4856.14205209305
-4856.78732975665
-4857.27089577605
-4857.50630040934
-4857.61141370538
-4857.6600580943
-4857.6853062825
-4857.69053406011
-4857.66679238626
-4857.59954502659
-4857.47155591612
-4857.25912284956
-4856.92422676419
-4856.43070020495
-4855.8762239176
-4855.472102833
-4855.22970080893
-4854.94597180912
-4854.66598300237
-4855.09060548567
-4856.39434841722
-4857.34725691059
-4857.69596092841
-4857.792912354
-4857.81713604961
-4857.82169040699
-4857.81518965046
-4857.78181229646
-4857.6793634567
-4857.44402275076
-4857.05402795115
-4856.65631689886
-4856.48958266314
-4856.52667888037
-4856.67498051056
-4856.69457353044
-4856.65336958913
-4856.54162457162
-4856.31325558342
-4855.95332188334
-4855.79145005056
-4856.31038686191
-4856.99990988487
-4857.398321594
-4857.54628600419
-4857.58809329611
-4857.59818220501
-4857.59996486386
-4857.59014120266
-4857.54270143931
-4857.40116159865
-4857.08159427589
-4856.55491735117
-4855.99819064821
-4855.76468161186
-4855.87773741091
-4856.1636950739
-4856.44004282995
-4856.72668338407
-4857.13248394545
-4857.50505799373
-4857.77684193782
-4857.95920259989
-4858.07280540334
-4858.13380560921
-4858.15492570891
-4858.14646265337
-4858.11646316644
-4858.06878040244
-4857.99975926567
-4857.8943149119
-4857.72612034249
-4857.47859046042
-4857.19138648772
-4856.95130661043
-4856.79391090253
-4856.74484390414
-4856.60213902737
-4856.51100672284
-4856.41683450919
-4856.36325977421
-4856.43975381826
-4856.69128972197
-4857.04740054273
-4857.40118831457
-4857.68478171762
-4857.8769288934
-4857.98656885049
-4858.03689164411
-4858.05401031167
-4858.05714571115
-4858.05009438737
-4857.99003072275
-4857.63488815792
-4856.40501451164
-4854.810449122
-4854.62976318068
-4855.35778364758
-4855.91427577518
-4856.14171731011
-4856.27071501255
-4856.38294366767
-4856.44917863526
-4856.57144305264
-4856.68779955271
-4856.78041315903
-4856.8387872848
-4856.86459136138
-4856.86488687167
-4856.84339862051
-4856.79023105084
-4856.65235871313
-4856.29891159208
-4855.65985749516
-4854.99373104687
-4854.76304966653
-4855.17353381821
-4855.70672714505
-4855.9823795008
-4856.22977574982
-4856.67474308902
-4857.21410940113
-4857.66236045669
-4857.94525807351
-4858.09590273811
-4858.16270090234
-4858.18240522184
-4858.17618488482
-4858.15029800252
-4858.09814861666
-4858.00532010917
-4857.85994205114
-4857.6649573651
-4857.44367284731
-4857.23529738811
-4857.08261660604
-4857.00111540379
-4856.97496083506
-4856.980443314
-4856.99617980942
-4857.00583738346
-4857.02471022161
-4857.00006450778
-4856.94881043154
-4856.79591193803
-4856.45781706024
-4856.02298502297
-4855.62459484561
-4855.55744595537
-4856.01059366039
-4856.76456361177
-4857.37272659752
-4857.62720183231
-4857.68544043459
-4857.70636657561
-4857.75216667726
-4857.70456930461
-4857.68411585455
-4857.63468635322
-4857.54273281471
-4857.40153447641
-4857.21881187986
-4857.01597397982
-4856.81985618635
-4856.65114299923
-4856.52078257142
-4856.43300101112
-4856.39095626314
-4856.39918065251
-4856.46085613682
-4856.57097254564
-4856.71308024804
-4856.86358911497
-4857.03370026785
-4857.13705582181
-4857.17624574241
-4857.21803235734
-4857.23623890385
-4857.24168429769
-4857.24621688328
-4857.260097841
-4857.29087889155
-4857.34165305147
-4857.41050755443
-4857.4911716794
-4857.57237330739
-4857.63961307146
-4857.68168277213
-4857.72186258626
-4857.70996766631
-4857.68082730451
-4857.59125292064
-4857.25117296696
-4856.59853855422
-4855.79648443963
-4855.30618645723
-4855.28445915735
-4855.53408248202
-4855.83739615131
-4856.0934688351
-4856.28414357293
-4856.42134625039
-4856.5207043261
-4856.59440828612
-4856.6511854103
-4856.69836118347
-4856.74517869013
-4856.80508953958
-4856.8982730584
-4857.03689626634
-4857.19827674478
-4857.35398375269
-4857.49837511004
-4857.63475079217
-4857.76305508657
-4857.88013650023
-4857.98153063898
-4858.06363002089
-4858.12347424982
-4858.15870867478
-4858.16746354576
-4858.1476049367
-4858.09386086894
-4857.99150763105
-4857.8062754875
-4857.47626365567
-4856.95499990439
-4856.33628961375
-4855.87460190637
-4855.7466896827
-4855.88260856895
-4856.09753221227
-4856.27265668301
-4856.38200440736
-4856.43982044596
-4856.46294639727
-4856.45774717395
-4856.41531971056
-4856.295401291
-4855.95898427815
-4855.05341893896
-4853.51569285805
-4852.86552608927
-4854.08292134642
-4855.42950462289
-4856.07734946701
-4856.28958176454
-4856.42636706913
-4856.51948481391
-4856.63208347449
-4856.73290116768
-4856.8123729617
-4856.86284922103
-4856.8834068453
-4856.87555659335
-4856.83500347884
-4856.73977065802
-4856.54702633463
-4856.14101581027
-4855.46007182552
-4854.588112658
-4853.99231168467
-4854.40194491895
-4855.58233115735
-4856.55730616363
-4857.05098893612
-4857.26927458413
-4857.37089809008
-4857.42172860544
-4857.44575406748
-4857.45321305862
-4857.45198743729
-4857.45261883382
-4857.46846302778
-4857.51169036142
-4857.58186995968
-4857.66067501651
-4857.75457134492
-4857.78902944299
-4857.80250853003
-4857.76095315237
-4857.70843882132
-4857.61132481369
-4857.46997880119
-4857.28760185492
-4857.06683438033
-4856.80757479601
-4856.50146275129
-4856.15151836354
-4855.75980899267
-4855.370750091
-4855.08555824536
-4855.01764703232
-4855.18994744797
-4855.5061093834
-4855.83580570017
-4856.08858590723
-4856.25024844661
-4856.33830049241
-4856.38476764556
-4856.41284971637
-4856.43280900706
-4856.44715525912
-4856.43552008941
-4856.36581728403
-4856.13565475716
-4855.48261815237
-4854.22508592812
-4853.11723768577
-4853.25488397841
-4854.28523811816
-4855.53320172803
-4856.44849860032
-4857.03292501753
-4857.38667137871
-4857.60407497639
-4857.73572608486
-4857.81003253918
-4857.8434355621
-4857.84581106333
-4857.82103160146
-4857.76269378534
-4857.64344830268
-4857.4022951298
-4856.96224354246
-4856.34448235116
-4855.84785458597
-4855.73536773651
-4856.00290406739
-4856.49600849864
-4856.9543423883
-4857.31347346435
-4857.56607954825
-4857.69578214295
-4857.76099601585
-4857.78435040778
-4857.78252134172
-4857.76028105733
-4857.71493755487
-4857.63931401544
-4857.5270428236
-4857.38520366635
-4857.24915518867
-4857.16679866827
-4857.1368953058
-4857.1126876061
-4857.118729045
-4857.08950860252
-4856.95961743526
-4856.21078247874
-4854.78077541157
-4854.4754105178
-4855.53392378128
-4856.48512960301
-4856.95655047061
-4857.16054713314
-4857.24515912303
-4857.27930770135
-4857.28041122225
-4857.25443093084
-4857.19954200306
-4857.10755863431
-4856.96279350084
-4856.73965061453
-4856.40561356123
-4855.95521914151
-4855.47741832603
-4855.16878878413
-4855.17908508888
-4855.452830385
-4855.80145336557
-4856.08503512987
-4856.27061560169
-4856.38256251047
-4856.45476354646
-4856.51595321525
-4856.58801233199
-4856.67140214522
-4856.74342688871
-4856.79789744901
-4856.83857745665
-4856.86526013941
-4856.87587769204
-4856.85367929029
-4856.79269946491
-4856.6918833289
-4856.59594126945
-4856.50890688892
-4856.53303516275
-4856.72883963154
-4857.15075318134
-4857.64417026712
-4858.03683257905
-4858.27577920564
-4858.40567226569
-4858.47318467732
-4858.50342398681
-4858.50765473272
-4858.49007035054
-4858.44990444966
-4858.38202254325
-4858.27692907842
-4858.12372326479
-4857.92030522014
-4857.69129812243
-4857.48950837062
-4857.35823324888
-4857.2985117539
-4857.28679504397
-4857.30176150978
-4857.32934749795
-4857.35933718237
-4857.38288760801
-4857.39270095212
-4857.38306680737
-4857.34912375669
-4857.28417120825
-4857.17283677881
-4856.97503556194
-4856.60091073299
-4855.94720650288
-4855.14160187499
-4854.60925206343
-4854.53944354875
-4854.72516601661
-4854.92703644857
-4855.05426068503
-4855.11046244236
-4855.12171423762
-4855.10854317365
-4855.08159144501
-4855.04221592787
-4854.98163536867
-4854.88036529637
-4854.72077849533
-4854.55134651611
-4854.41908975522
-4854.36364872565
-4854.32424892834
-4854.23504899475
-4854.02431649684
-4853.91695618813
-4854.07352457087
-4854.45587316675
-4854.92859850802
-4855.35417843528
-4855.67574550745
-4855.90064428885
-4856.05617380679
-4856.16517732142
-4856.24230533152
-4856.30676697903
-4856.32956519693
-4856.32931893114
-4856.32468484226
-4856.27771515922
-4856.25280568202
-4856.27779707465
-4856.45628212244
-4856.76074245567
-4857.08969471693
-4857.35981195317
-4857.55271419179
-4857.68463318368
-4857.77525789845
-4857.83741198081
-4857.87660070827
-4857.89289526207
-4857.88206745711
-4857.8355518981
-4857.73936752396
-4857.57065310834
-4857.29784449867
-4856.90683492947
-4856.48237825181
-4856.27613805461
-4856.52634126677
-4857.11248451952
-4857.65030343925
-4857.95049308642
-4858.07660050752
-4858.12415762111
-4858.1413068457
-4858.14425476648
-4858.13383513276
-4858.10079606448
-4858.02761466502
-4857.89158488168
-4857.68130261536
-4857.42540757377
-4857.19409702194
-4857.03083241709
-4856.91814853938
-4856.82641452926
-4856.75984253763
-4856.75265608979
-4856.8140797461
-4856.9076332431
-4856.99854668214
-4857.07597031718
-4857.14015943505
-4857.19176242275
-4857.22939650513
-4857.25048695686
-4857.25074215759
-4857.22146241945
-4857.14654807933
-4857.0038002852
-4856.77467384535
-4856.49528521067
-4856.18106921899
-4855.93026082511
-4855.79956987361
-4855.8304095383
-4856.13744739163
-4856.71188571576
-4857.2637282866
-4857.60530066415
-4857.79572916167
-4857.90620484913
-4857.96827626861
-4857.99467678558
-4857.99340989427
-4857.96889092327
-4857.91976458087
-4857.83498889476
-4857.68799562995
-4857.43266078129
-4857.03366218088
-4856.57042582378
-4856.24728208515
-4856.16821466193
-4856.15701233096
-4856.14719848597
-4856.12581840357
-4856.08596953392
-4856.12453928802
-4856.22421280512
-4856.37142745211
-4856.5397106819
-4856.70599025509
-4856.85912203177
-4856.9970919513
-4857.12246380139
-4857.23892962157
-4857.34999537071
-4857.45776678411
-4857.56206729722
-4857.66012450581
-4857.74812621185
-4857.82557875239
-4857.89575122399
-4857.96240974141
-4858.02743706087
-4858.09014621716
-4858.14718396624
-4858.19362654502
-4858.22348831803
-4858.23044758219
-4858.20801444761
-4858.17694287862
-4858.09856122298
-4857.93846181377
-4857.52174108974
-4856.89635761732
-4856.3116475179
-4856.06519473147
-4856.18736634443
-4856.49191278952
-4856.80334179401
-4857.04809660346
-4857.22175431
-4857.34168200985
-4857.42436957813
-4857.48016652277
-4857.51414067419
-4857.52679194331
-4857.51133927929
-4857.45158232579
-4857.33059171696
-4857.18696431916
-4856.92702325678
-4856.56665020378
-4856.06294187801
-4855.62337117328
-4855.3630448995
-4855.35372569385
-4855.50916890713
-4855.68809212837
-4855.81202271764
-4855.87367384999
-4855.89391741934
-4855.89247106638
-4855.87705591856
-4855.83505487015
-4855.71000371402
-4855.37357341018
-4854.74338780886
-4854.10325462984
-4853.95384116248
-4854.06386961152
-4854.09280184303
-4854.07576381457
-4854.00486577629
-4854.15496410174
-4854.65293447313
-4855.12527160873
-4855.40931722201
-4855.53681516129
-4855.5829851404
-4855.5946229697
-4855.58886329619
-4855.56458374479
-4855.51513600703
-4855.44342050807
-4855.36587722672
-4855.30632916936
-4855.29526526918
-4855.35823911225
-4855.49340003912
-4855.70761505511
-4855.86817437274
-4856.05780084629
-4856.25594236115
-4856.39485488087
-4856.48645084537
-4856.61119660265
-4856.73826950569
-4856.86917406581
-4856.99913213264
-4857.11845065331
-4857.21893755906
-4857.29894694571
-4857.36291633595
-4857.41622946912
-4857.46204051445
-4857.50067283272
-4857.5300455831
-4857.54535992819
-4857.53705222392
-4857.48503069206
-4857.34836635453
-4857.04941007661
-4856.48542820682
-4855.71117289459
-4855.07038231388
-4855.16605181952
-4856.10626903556
-4857.16294549321
-4857.58141739953
-4857.66957465473
-4857.74356419332
-4857.80006951211
-4857.8610068591
-4857.90309617185
-4857.92344843262
-4857.92040402807
-4857.89326097912
-4857.83879702336
-4857.74607217849
-4857.58735886578
-4857.29974378088
-4856.77326577503
-4855.95137966447
-4855.08562986751
-4854.65012020086
-4854.8440224784
-4855.41172837939
-4855.96174168503
-4856.33961533159
-4856.57355009589
-4856.7209793899
-4856.82073349458
-4856.89478350524
-4856.95652780166
-4857.016744564
-4857.08531864226
-4857.16817005091
-4857.26262460095
-4857.3585503114
-4857.46994822464
-4857.51294164568
-4857.52655091104
-4857.52689908132
-4857.49892986462
-4857.37264630819
-4857.18380470329
-4856.85323540119
-4856.36222413721
-4855.8052322135
-4855.38484944573
-4855.24336488123
-4855.34183483233
-4855.54161207714
-4855.73268615566
-4855.87250613995
-4855.96196596459
-4856.01622224853
-4856.05000097999
-4856.07253857147
-4856.08596740929
-4856.08238029553
-4856.03837880636
-4855.91015611192
-4855.64524242333
-4855.24067926018
-4854.79945605693
-4854.50475388761
-4854.29196803228
-4854.17006407612
-4854.03693929683
-4854.08834533058
-4854.58356142405
-4855.34823152043
-4855.87177503963
-4856.09833130931
-4856.17663051902
-4856.2010015492
-4856.20528260431
-4856.19673705749
-4856.17145202432
-4856.11963426585
-4856.02874747186
-4855.8899989992
-4855.71138446795
-4855.57047039771
-4855.46978764824
-4855.33472445445
-4855.26888854176
-4855.20286179451
-4855.10624040795
-4855.00242508063
-4854.96598323298
-4855.12646645007
-4855.35835654929
-4855.56234333596
-4855.70563073638
-4855.79882019065
-4855.86042376107
-4855.90394828428
-4855.93965825538
-4855.98572463401
-4856.08977387291
-4856.3221957897
-4856.67951915543
-4857.05599923679
-4857.36131440256
-4857.57787294901
-4857.72583383252
-4857.82830814086
-4857.90003804681
-4857.94709094162
-4857.96937814936
-4857.96457404663
-4857.9278871489
-4857.84553846858
-4857.68120790726
-4857.36567304306
-4856.83800621462
-4856.21766189293
-4855.75428477639
-4855.79143585761
-4856.21067701683
-4856.69109837712
-4857.01476199635
-4857.17390161188
-4857.24744391626
-4857.29011541492
-4857.31987235926
-4857.33388454146
-4857.32193703316
-4857.27718166902
-4857.21132628628
-4857.15987122714
-4857.15686128883
-4857.22962360903
-4857.27832729552
-4857.32074591123
-4857.36926347464
-4857.39549350346
-4857.45159145617
-4857.5045158469
-4857.55881439751
-4857.61759376347
-4857.6718586484
-4857.70597699224
-4857.71235671292
-4857.69188199218
-4857.6449076935
-4857.56049579644
-4857.40645324562
-4857.12907885203
-4856.69688937135
-4856.20584126253
-4855.89818860325
-4855.91838203024
-4856.14436147532
-4856.41064757921
-4856.57307727923
-4856.70061461906
-4856.82840686174
-4857.01469995321
-4857.22417243013
-4857.42743300308
-4857.58743590418
-4857.69379526661
-4857.76140712004
-4857.80786762013
-4857.84223084996
-4857.86529094034
-4857.87132215341
-4857.8467528236
-4857.75820529702
-4857.50744241347
-4856.83705638342
-4855.47604275222
-4854.10254826327
-4853.7402718983
-4854.098921716
-4854.65198575344
-4855.45101133053
-4856.34332680873
-4857.10051840765
-4857.55969282688
-4857.79108159583
-4857.89362365453
-4857.92852759876
-4857.92852655013
-4857.90983163545
-4857.87580143928
-4857.81469785176
-4857.6948596642
-4857.47227755242
-4857.17230971174
-4856.85907041699
-4856.66080028121
-4856.50565977303
-4856.36328145912
-4856.3031926391
-4856.46365007708
-4856.737858211
-4857.00588976932
-4857.23404486713
-4857.36653539166
-4857.43019649804
-4857.45278786684
-4857.44639812521
-4857.40871011536
-4857.32685799916
-4857.17092098995
-4856.8502990721
-4856.0868235506
-4854.41450804999
-4852.62720740498
-4853.06420553568
-4854.84863474046
-4855.81250871683
-4856.13840511223
-4856.27663193271
-4856.32434228268
-4856.36519664112
-4856.38152203422
-4856.40193195142
-4856.37091043361
-4856.27963893244
-4856.18266947225
-4856.08170921551
-4856.01912644731
-4856.02582968096
-4856.14131482198
-4856.2200835684
-4856.27759379131
-4856.31961879235
-4856.36735164985
-4856.41850464648
-4856.61952793035
-4856.88699071707
-4857.11389707815
-4857.24324292188
-4857.29559273643
-4857.31265940825
-4857.31861117242
-4857.31550530804
-4857.28397413534
-4857.17415756526
-4856.88263344184
-4856.26930532273
-4855.39369202691
-4854.82571327338
-4855.12741609625
-4855.99241932446
-4856.71259865501
-4857.06702827438
-4857.20168089173
-4857.26406494352
-4857.26852315033
-4857.24885303283
-4857.17809703215
-4857.09291325086
-4856.99473064437
-4856.90411175683
-4856.83273423499
-4856.78195508756
-4856.74891352965
-4856.73426395555
-4856.74883286846
-4856.8180556132
-4856.97367660538
-4857.20487631535
-4857.42448697494
-4857.59155198578
-4857.63323529946
-4857.65268780735
-4857.68225290092
-4857.67845840067
-4857.69575108516
-4857.6911397644
-4857.66128685832
-4857.60322804334
-4857.51319464485
-4857.38561876163
-4857.21152104772
-4856.97413150759
-4856.6782682163
-4856.3258940164
-4855.91389076799
-4855.31311787207
-4854.74290441445
-4854.90169404223
-4855.62872196531
-4856.26951427091
-4856.5965175013
-4856.72123048076
-4856.76046751751
-4856.76728887059
-4856.75637442614
-4856.7240671665
-4856.65929964927
-4856.5554941518
-4856.42647304986
-4856.31380818418
-4856.26377900165
-4856.28997637844
-4856.3709338394
-4856.48506897972
-4856.63841462117
-4856.86325701567
-4857.17321775103
-4857.49509091593
-4857.72272385123
-4857.83522240904
-4857.87959352428
-4857.89687242742
-4857.89678974814
-4857.85437058284
-4857.65125942226
-4856.96193869516
-4855.59129400277
-4854.35158472757
-4854.24082279985
-4855.02242686076
-4855.8230974351
-4856.29524861714
-4856.52781662939
-4856.64446036121
-4856.70860014912
-4856.74430582069
-4856.75644882111
-4856.74040561018
-4856.68899668886
-4856.60309786258
-4856.50940023224
-4856.47983711792
-4856.62580607408
-4857.01863085989
-4857.5545946108
-4857.99909273059
-4858.24701511017
-4858.35542170539
-4858.40051970334
-4858.41961314679
-4858.42135696119
-4858.39978405256
-4858.34295110859
-4858.23708842976
-4858.06523198352
-4857.80660537658
-4857.44842336942
-4857.02240645933
-4856.63296457467
-4856.38323694403
-4856.27074263583
-4856.22499787857
-4856.19447253398
-4856.15905396854
-4856.1117914403
-4856.0465639
-4855.9499977638
-4855.79543398092
-4855.54624020508
-4855.19452283639
-4854.85763055553
-4854.82340301698
-4855.3184020907
-4856.15739141437
-4856.88218143437
-4857.28572094359
-4857.46182994721
-4857.55720094818
-4857.54951081949
-4857.5389202442
-4857.50321898166
-4857.44064792221
-4857.34933219931
-4857.23351610228
-4857.10768140642
-4856.99758876101
-4856.93711327388
-4856.95787787344
-4857.07537384972
-4857.2767617651
-4857.51583382854
-4857.72887950243
-4857.87565465052
-4857.96079127578
-4858.00870486861
-4858.03803535673
-4858.05687905886
-4858.06553124388
-4858.05714665609
-4858.01243764457
-4857.88001155325
-4857.52769256304
-4856.7300493768
-4855.57510524033
-4854.91630569284
-4855.19409008571
-4855.70606369228
-4855.83639086731
-4855.93176370427
-4856.17443563746
-4856.51732425648
-4856.85733059517
-4857.12342020066
-4857.28160650221
-4857.35600088045
-4857.38043957327
-4857.37480605106
-4857.34766635533
-4857.30121411829
-4857.23271852508
-4857.13266314735
-4856.98255074134
-4856.75596842085
-4856.43531350343
-4856.05325734247
-4855.72391138739
-4855.58816919333
-4855.6920105665
-4855.94860940168
-4856.22951951362
-4856.45584806325
-4856.61006832614
-4856.70612291719
-4856.76481706281
-4856.80430336177
-4856.83760228723
-4856.86633011484
-4856.8855102776
-4856.89737792179
-4856.90606818673
-4856.9122008546
-4856.91216712516
-4856.89667304654
-4856.84551021364
-4856.71773927402
-4856.44783147227
-4855.99111940014
-4855.46591035056
-4855.24378086028
-4855.62276591005
-4856.365981948
-4856.77267575386
-4856.85338851821
-4856.95579916053
-4857.13980543781
-4857.33169880802
-4857.5166843427
-4857.65961910549
-4857.75832069587
-4857.8180853922
-4857.84484335458
-4857.84310611673
-4857.81671634583
-4857.76951211553
-4857.70355106144
-4857.61663473215
-4857.50773545419
-4857.4255973683
-4857.35217359527
-4857.30214019799
-4857.25029222215
-4857.1518386672
-4857.06907067697
-4856.96521864575
-4856.8325023685
-4856.65941278141
-4856.43123776899
-4856.13471581259
-4855.7766830549
-4855.41296722815
-4855.15694524642
-4855.11480224245
-4855.27566087851
-4855.50928863762
-4855.70149448926
-4855.82493409822
-4855.89642393039
-4855.93900218253
-4855.97012531951
-4855.99966988196
-4856.0283631539
-4856.05047511106
-4856.05693912631
-4856.03535662664
-4855.96357272633
-4855.79983259279
-4855.48404618023
-4854.99004076199
-4854.46436495496
-4854.28894801062
-4854.74398324782
-4855.576480283
-4856.28478536922
-4856.69023561746
-4856.91514172717
-4856.98872646122
-4857.01518590405
-4857.01415780463
-4856.95377677247
-4856.90099103643
-4856.83211023546
-4856.74873658407
-4856.64625225762
-4856.50240667725
-4856.25887707729
-4855.84940392044
-4855.38178751941
-4855.30812369336
-4856.01682781201
-4856.9846709076
-4857.4208788926
-4857.52911005892
-4857.56428914402
-4857.58365328325
-4857.58768608051
-4857.56336650836
-4857.49560045033
-4857.37319791919
-4857.19772813055
-4857.02120726866
-4856.86007810852
-4856.77297437153
-4856.79412587883
-4856.87149928645
-4857.03323181889
-4857.0798751198
-4857.06110336146
-4857.09531946446
-4857.12812623906
-4857.2437382873
-4857.41636288374
-4857.59814278476
-4857.74417465596
-4857.84232569039
-4857.90018043313
-4857.92884171787
-4857.93610214979
-4857.92391086289
-4857.88102449874
-4857.76015217533
-4857.44212548822
-4856.79785381192
-4856.02638300427
-4855.67713699216
-4855.7702136947
-4855.87725833141
-4855.99668211567
-4856.20487190534
-4856.56613722001
-4857.07372469097
-4857.52630709373
-4857.8155210785
-4857.96069993264
-4858.02571934639
-4858.05207258018
-4858.05483635909
-4858.03742083843
-4857.9994061935
-4857.93912498869
-4857.8577161559
-4857.76269888657
-4857.66182699374
-4857.55341541223
-4857.42174927846
-4857.24013793439
-4856.99205577323
-4856.73068590261
-4856.37977102278
-4855.97888774381
-4855.59514322012
-4855.67991791453
-4856.25193366498
-4856.93063838068
-4857.3282294666
-4857.45549104606
-4857.48020141629
-4857.48357120353
-4857.48357065241
-4857.47706733958
-4857.45224512701
-4857.39134985665
-4857.2753693689
-4857.09672583153
-4856.87593862011
-4856.66095675566
-4856.5512052417
-4856.53952342645
-4856.70194104244
-4857.04700649685
-4857.34706787001
-4857.55696102948
-4857.63650967941
-4857.65676863059
-4857.74955271753
-4857.91680726036
-4858.14826689966
-4858.35761328853
-4858.48790693599
-4858.55093661302
-4858.57487812551
-4858.57714812975
-4858.56561446245
-4858.54344368314
-4858.51263387532
-4858.4765229739
-4858.44007766189
-4858.40571529406
-4858.36753132292
-4858.30812170791
-4858.20567329003
-4858.05460514148
-4857.8803275019
-4857.71785532116
-4857.57931508194
-4857.45343044277
-4857.31804617576
-4857.1500160497
-4856.94074093232
-4856.71682632435
-4856.52923482654
-4856.40698506319
-4856.33961614892
-4856.30015400419
-4856.26301845583
-4856.20430423085
-4856.09927368048
-4855.93138285003
-4855.70854129652
-4855.4759060225
-4855.31328207585
-4855.31002249207
-4855.52330463222
-4855.92643537034
-4856.3993474079
-4856.80617119821
-4857.07909759016
-4857.22651705794
-4857.29291237329
-4857.3190819805
-4857.32452076125
-4857.30422039577
-4857.22825700853
-4857.04374207822
-4856.6955749996
-4856.18130366863
-4855.66256203925
-4855.37362726391
-4855.37024916921
-4855.65484639369
-4856.02386495744
-4856.38311445166
-4856.78443597969
-4857.15527146554
-4857.42422466296
-4857.5879974235
-4857.68515148214
-4857.74158862244
-4857.76967882265
-4857.7717095956
-4857.74333155785
-4857.6763665429
-4857.55980823733
-4857.37906805398
-4857.10983128502
-4856.70999937363
-4856.1344396716
-4855.29260378709
-4854.40562418609
-4854.17275962974
-4855.20252356591
-4856.53308039289
-4857.22089634779
-4857.46254705148
-4857.53637714652
-4857.55274808195
-4857.54315860605
-4857.52461920952
-4857.4926870459
-4857.43629612497
-4857.33076004718
-4857.14177642115
-4856.85714729757
-4856.53431190068
-4856.28173691838
-4856.15695367659
-4856.1256074702
-4856.13863703508
-4856.1654458446
-4856.20949180633
-4856.28272000656
-4856.39993063764
-4856.56647177878
-4856.77192805817
-4856.99470339252
-4857.20953758997
-4857.38230764219
-4857.49037730697
-4857.55160865122
-4857.59162314298
-4857.61952955079
-4857.63344276335
-4857.62584878398
-4857.58671140083
-4857.5095500826
-4857.39915026331
-4857.27521133308
-4857.16314694666
-4857.07779254661
-4857.01975526771
-4856.98521251802
-4856.97518139563
-4857.00208829232
-4857.10459591076
-4857.21545420944
-4857.31948446035
-4857.42214525727
-4857.50194674832
-4857.58213546219
-4857.62958296379
-4857.6456775987
-4857.63434300246
-4857.59320154763
-4857.50261909206
-4857.31452661661
-4856.96408472523
-4856.46509519478
-4856.04865300989
-4855.97480842474
-4856.12202734268
-4856.33293036509
-4856.39271103535
-4856.41187877629
-4856.40381439407
-4856.33753413925
-4856.22456535136
-4856.179192933
-4856.32486188716
-4856.61651743683
-4856.87036518248
-4857.00663984244
-4857.05587086091
-4857.06672183845
-4857.06769034806
-4857.06486709523
-4857.03831997638
-4856.91884611291
-4856.55750873775
-4855.84814016749
-4855.1769922182
-4855.24476350292
-4855.86715801291
-4856.42233655404
-4856.67954365228
-4856.82024613638
-4856.91463882943
-4856.93689600998
-4857.0175785145
-4857.14485933277
-4857.32064683937
-4857.4856289595
-4857.59481234207
-4857.64506891147
-4857.65340056372
-4857.63757712328
-4857.61041436958
-4857.57818056034
-4857.53910438742
-4857.47728398621
-4857.35722957103
-4857.14837973696
-4856.88704283813
-4856.68085011098
-4856.6348276873
-4856.77097293321
-4856.9843224986
-4857.14311086958
-4857.21113023831
-4857.22556661362
-4857.21616802595
-4857.15603526703
-4856.9765674772
-4856.64889117222
-4856.30040430902
-4856.25346223786
-4856.68377883174
-4857.2665813555
-4857.60404571945
-4857.70439803158
-4857.71909016278
-4857.72100570622
-4857.7240125688
-4857.71607339739
-4857.66915569611
-4857.5445519137
-4857.31101733986
-4856.9908150955
-4856.69848025321
-4856.578428628
-4856.66930253914
-4856.86866631188
-4857.01744408918
-4857.08527209699
-4857.14978888409
-4857.25821505529
-4857.41572664937
-4857.60655816001
-4857.79469159679
-4857.94368745323
-4858.04126369113
-4858.09590752393
-4858.1213460335
-4858.12541619073
-4858.10326342728
-4858.02712769176
-4857.82518504077
-4857.37358688102
-4856.63008011287
-4855.9102721796
-4855.49586965171
-4855.28622892512
-4855.15832470282
-4855.00100709272
-4855.14651793838
-4855.60339986624
-4856.31580715107
-4856.94401622931
-4857.33451830196
-4857.51570388299
-4857.57992839607
-4857.59104871028
-4857.57512384426
-4857.53892997154
-4857.48278600561
-4857.40624161664
-4857.30676913312
-4857.17343745357
-4856.98083106053
-4856.69169666751
-4856.29858932756
-4855.94289306887
-4855.92455189334
-4856.19284358492
-4856.49086392946
-4856.78092374064
-4857.05663444439
-4857.28116732728
-4857.41597469762
-4857.48408149479
-4857.50816648143
-4857.50282780042
-4857.47829967236
-4857.44204354204
-4857.39721739563
-4857.34356951962
-4857.27968642768
-4857.20509749701
-4857.12088083161
-4857.02834401371
-4856.92465352428
-4856.79882625885
-4856.62237290492
-4856.33045106358
-4855.82020929848
-4855.12124680664
-4854.81348247692
-4855.45537469065
-4856.54913570157
-4857.22351908163
-4857.47364658816
-4857.53968532068
-4857.54981736382
-4857.53230015169
-4857.4891510351
-4857.41649433815
-4857.311959262
-4857.17418229801
-4857.00377737083
-4856.8039231628
-4856.60058344901
-4856.36815631313
-4856.12149925519
-4855.81392209024
-4855.40302326878
-4855.03112199766
-4854.82299903006
-4854.81625347157
-4854.91291880077
-4855.01270090488
-4855.08165427428
-4855.12386896384
-4855.14870517837
-4855.1571322894
-4855.13670233495
-4855.06987192877
-4854.96246685043
-4854.87437903033
-4854.92510143943
-4855.20212524441
-4855.67568642837
-4856.18674975228
-4856.59721724156
-4856.87112882628
-4857.03552067929
-4857.12892039671
-4857.17960848052
-4857.20272521456
-4857.20035013908
-4857.16171836119
-4857.06492355386
-4856.8896485172
-4856.65638470747
-4856.4698597377
-4856.4681081131
-4856.65536998148
-4856.89039501342
-4857.08178315448
-4857.23333363791
-4857.36564521219
-4857.48517819363
-4857.60533127706
-4857.68484260283
-4857.75003583782
-4857.78181699997
-4857.81350907814
-4857.82427003402
-4857.80675356322
-4857.74619514985
-4857.62053169358
-4857.40656182645
-4857.08543787841
-4856.68204193647
-4856.14913843996
-4855.60363939037
-4855.20714065374
-4855.16316344556
-4855.52178761587
-4856.05337668502
-4856.4295953146
-4856.67797431662
-4856.83200336197
-4856.92007125806
-4856.97251293615
-4856.99892865003
-4856.99972310595
-4856.97268169642
-4856.9150481337
-4856.82221109855
-4856.68328116927
-4856.47041676452
-4856.15565852949
-4855.51574265909
-4854.07630689365
-4851.96222456622
-4852.39228508271
-4854.40636697222
-4855.59297468666
-4856.13621941749
-4856.39741217818
-4856.55458521666
-4856.67797453105
-4856.78507379382
-4856.87131002137
-4856.92873207208
-4856.95466575277
-4856.95167603993
-4856.92427559001
-4856.85552409246
-4856.72248578094
-4856.47743778886
-4856.0796405762
-4855.59720563855
-4855.31951562793
-4855.59812397752
-4856.39136543505
-4857.2194369008
-4857.74126704688
-4857.98442543118
-4858.0792479581
-4858.1078617091
-4858.10659419506
-4858.08546304576
-4858.036339682
-4857.93993232782
-4857.78235311098
-4857.58422038313
-4857.40709830004
-4857.30542914406
-4857.27390794661
-4857.26399184774
-4857.23977341077
-4857.17938966591
-4857.02056449324
-4856.55027623214
-4855.40164878565
-4853.95476193532
-4853.56045118155
-4854.28009666103
-4855.09098895618
-4855.5524858644
-4855.75981134729
-4855.84986657927
-4855.88829238766
-4855.89654453957
-4855.87577003799
-4855.81973083171
-4855.727130886
-4855.61800320648
-4855.54665771573
-4855.59587850081
-4855.8517602714
-4856.34781348267
-4856.93189028392
-4857.37686649759
-4857.58837338372
-4857.70273823
-4857.76248966803
-4857.80622677727
-4857.81949316134
-4857.8048045286
-4857.76053853746
-4857.67999171454
-4857.54993192919
-4857.34698114909
-4857.03688354276
-4856.60699526557
-4856.05308738226
-4855.53946363841
-4855.40261912199
-4855.96049855378
-4856.78776642625
-4857.30359289288
-4857.49319088511
-4857.55020407136
-4857.56685741107
-4857.56970881991
-4857.56252612868
-4857.53782392188
-4857.47614431867
-4857.3430683255
-4857.10012081454
-4856.75471563156
-4856.41878588717
-4856.23466461968
-4856.22161195435
-4856.29591440885
-4856.37735336124
-4856.48712222982
-4856.54403586129
-4856.58223692773
-4856.72657049528
-4856.8642816856
-4856.97264020286
-4857.04821241916
-4857.06974816526
-4857.09301351985
-4857.09804857953
-4857.0858330515
-4857.05527825788
-4857.00320426859
-4856.9241484096
-4856.81126174229
-4856.65816563171
-4856.45907543616
-4856.20392937648
-4855.8708995643
-4855.43013242256
-4854.94617822101
-4854.85681226329
-4855.69804323016
-4856.83717982019
-4857.41852001481
-4857.5962079843
-4857.64796165564
-4857.66804356829
-4857.67042509998
