# Fix print output for fix totenergy
-4854.15339411043
-4854.15075396769
-4854.13588608979
-4854.08148373794
-4853.93273566661
-4853.65214406197
-4853.32239809244
-4853.08874177035
-4853.02356162502
-4853.13600275233
-4853.40298453991
-4853.77285392377
-4854.1755657757
-4854.54675998092
-4854.84976962437
-4855.0787307006
-4855.245988403
-4855.36894237064
-4855.46312472222
-4855.54126671316
-4855.61713999041
-4855.71322786933
-4855.87344090359
-4856.17635152492
-4856.69301776209
-4857.29621914681
-4857.73382268169
-4857.98872961879
-4858.14650439211
-4858.25931686834
-4858.35740917497
-4858.47185334916
-4858.64033916394
-4858.89202765894
-4859.22264333646
-4859.58983071923
-4859.93864539875
-4860.23145424048
-4860.45621968981
-4860.61641116134
-4860.72042384627
-4860.77762796642
-4860.79865972804
-4860.79271626408
-4860.76223987915
-4860.68928626034
-4860.47792601942
-4859.76045410833
-4858.29369619231
-4857.36167917148
-4857.51421957884
-4858.13276365901
-4858.74859559007
-4859.22137342464
-4859.55888813346
-4859.79522515925
-4859.95644180323
-4860.06059547333
-4860.12294728372
-4860.15532593629
-4860.16229833712
-4860.13909905994
-4860.07531436948
-4859.96658816822
-4859.83498859605
-4859.74593152256
-4859.79085117859
-4860.01075076957
-4860.33037278935
-4860.61782482776
-4860.80207333012
-4860.89400126203
-4860.93188574514
-4860.94517610944
-4860.94792906157
-4860.94012102345
-4860.90496100215
-4860.79576912351
-4860.51647956621
-4859.97008500661
-4859.27444067571
-4858.79700571267
-4858.71770285563
-4858.87861189943
-4859.07279979589
-4859.21125894811
-4859.28869145925
-4859.3221194779
-4859.32451356939
-4859.30053353349
-4859.24922269566
-4859.16940390009
-4859.06816951098
-4858.97359337234
-4858.94897105376
-4859.1066937347
-4859.58392725714
-4860.24580847876
-4860.67282816225
-4860.85246698465
-4860.9313263792
-4860.97153101733
-4860.98939481824
-4860.98518498635
-4860.95125214625
-4860.87324096957
-4860.72966015644
-4860.49540515111
-4860.15917413008
-4859.75351347854
-4859.36755732507
-4859.10655409539
-4859.02469135881
-4859.10739947931
-4859.30178003206
-4859.54135412086
-4859.75322078123
-4859.89299789049
-4859.97265561429
-4860.02369163517
-4860.06359254163
-4860.09583343136
-4860.11637643178
-4860.11667709363
-4860.0814875132
-4859.98155999851
-4859.76085728662
-4859.33533543683
-4858.68409873184
-4858.09996306222
-4858.11686845234
-4858.73201522222
-4859.35259368842
-4859.67589874661
-4859.80123153149
-4859.85318791555
-4859.88113072532
-4859.89368723117
-4859.88256961126
-4859.83074286758
-4859.71623881742
-4859.52826306654
-4859.30898412564
-4859.20586926805
-4859.42523082458
-4859.95296032358
-4860.43047757767
-4860.65508315769
-4860.72525516421
-4860.74597754815
-4860.75585751261
-4860.75907549454
-4860.74232596967
-4860.67818648528
-4860.52860011018
-4860.26389747548
-4859.90323951372
-4859.53675523588
-4859.27753324577
-4859.19007713543
-4859.27833097007
-4859.49299684892
-4859.72943746576
-4859.89433479022
-4859.97563618236
-4860.00920610632
-4860.02594548821
-4860.0363653965
-4860.03291929443
-4859.99165439378
-4859.87223844626
-4859.62562850758
-4859.23541391115
-4858.80647238307
-4858.59815467612
-4858.82690764786
-4859.37311626018
-4859.87496174859
-4860.14423753396
-4860.2456614507
-4860.27994349315
-4860.29419681024
-4860.29833216755
-4860.28494636238
-4860.23681346184
-4860.12830702783
-4859.92684965358
-4859.61055814421
-4859.23144058412
-4858.98829477274
-4859.15657288419
-4859.80611362395
-4860.45623566626
-4860.70699992875
-4860.77324810137
-4860.80145259206
-4860.81820944244
-4860.82037386407
-4860.79913583465
-4860.74466222205
-4860.64430319775
-4860.47867237085
-4860.22407790505
-4859.87037018763
-4859.45653543238
-4859.08398690132
-4858.85922313233
-4858.80525402721
-4858.84248160142
-4858.87792808799
-4858.88197808136
-4858.85612793552
-4858.76317035423
-4858.44530489099
-4857.60206407305
-4856.34030892192
-4855.45342007512
-4855.20029361876
-4855.25371492052
-4855.35704189363
-4855.43835493477
-4855.5032349241
-4855.57948483739
-4855.73693007507
-4856.14729844458
-4857.02450408292
-4858.23051274028
-4859.23995814606
-4859.84752353647
-4860.1715263928
-4860.32573590428
-4860.37533247744
-4860.3792161901
-4860.37039622091
-4860.32381855038
-4860.17548177921
-4859.89883771324
-4859.54168916574
-4859.18330728612
-4858.89463800664
-4858.68985265436
-4858.53079389272
-4858.36760760763
-4858.15695139058
-4857.93275576198
-4858.03042075711
-4858.92326524935
-4859.97048523174
-4860.39555286865
-4860.49030487529
-4860.50798063984
-4860.54060667706
-4860.5374294431
-4860.51495314748
-4860.4462791681
-4860.29910999674
-4860.05894521648
-4859.74605208788
-4859.40694441081
-4859.09865522405
-4858.86361822653
-4858.68196495548
-4858.5895766238
-4858.53951621273
-4858.52520327971
-4858.54701411523
-4858.59113474873
-4858.63531487855
-4858.66449252612
-4858.67284619386
-4858.65050870528
-4858.58624855382
-4858.50607779303
-4858.52130584872
-4858.77427456899
-4859.24085183729
-4859.71008765182
-4860.03809633198
-4860.23868133448
-4860.36996726986
-4860.46288237274
-4860.52537973087
-4860.5582440761
-4860.56295465674
-4860.5421167213
-4860.49651514917
-4860.41796107375
-4860.2734503077
-4859.99277447585
-4859.55802904743
-4859.1291722446
-4858.86251338746
-4858.76835065996
-4858.78126707674
-4858.83006811797
-4858.87193703079
-4858.89170708483
-4858.88623103285
-4858.8510444006
-4858.76999388346
-4858.60752334256
-4858.33331437919
-4858.0146412792
-4857.83107729074
-4857.92022745188
-4858.29682865642
-4858.84597003421
-4859.37257750215
-4859.75169877272
-4859.98909280552
-4860.13425368915
-4860.22442034634
-4860.27869993254
-4860.3052576572
-4860.30657436471
-4860.28281683565
-4860.23452081908
-4860.16191541276
-4860.06074545191
-4859.91532119401
-4859.69357405709
-4859.3569576956
-4858.88868246266
-4858.33191929916
-4857.80488048758
-4857.44552179101
-4857.31791251484
-4857.38308719347
-4857.55290147047
-4857.75177116523
-4857.9372252042
-4858.09320951243
-4858.21977437569
-4858.32649629652
-4858.42636839361
-4858.53002502447
-4858.64678061614
-4858.78932323697
-4858.97185547473
-4859.19925340643
-4859.45372835627
-4859.6998524958
-4859.9095246889
-4860.07653415255
-4860.2083281368
-4860.31379672625
-4860.39909296442
-4860.46811161599
-4860.52483103061
-4860.57510360669
-4860.62898350263
-4860.70265937809
-4860.80946260583
-4860.93556123843
-4861.04796107084
-4861.1272907097
-4861.17320044699
-4861.19277456159
-4861.19217141098
-4861.17343906043
-4861.13315857637
-4861.06161218087
-4860.94409297166
-4860.77057329687
-4860.55254514966
-4860.3228220608
-4860.10915518608
-4859.91845766074
-4859.74440837727
-4859.57910632585
-4859.41722592682
-4859.25396082741
-4859.08104053267
-4858.88500489419
-4858.6513598274
-4858.38154165537
-4858.12410857372
-4857.9906043264
-4858.10785245866
-4858.52594554073
-4859.17255675423
-4859.87657155432
-4860.44203740267
-4860.77383841038
-4860.91510620727
-4860.95484389735
-4860.95368595038
-4860.93360998054
-4860.89551887136
-4860.82642553055
-4860.69988969915
-4860.4914433503
-4860.21049503218
-4859.90640393151
-4859.630356173
-4859.40160853206
-4859.20699673084
-4859.02059615004
-4858.81296051016
-4858.54515348669
-4858.16802837718
-4857.6729763597
-4857.21566505932
-4857.07370246111
-4857.2816520032
-4857.53748723898
-4857.66154937958
-4857.75270484204
-4857.91421386186
-4858.14575296544
-4858.40180027436
-4858.64211207776
-4858.84492487474
-4859.00480402572
-4859.13022504967
-4859.23798805963
-4859.34784869325
-4859.48581891339
-4859.68769382288
-4859.98047677375
-4860.33849780801
-4860.67006685214
-4860.89773233233
-4861.02877978829
-4861.10386720737
-4861.14653796391
-4861.16352185443
-4861.15614639112
-4861.12611073215
-4861.07629168506
-4861.00896009635
-4860.92433836505
-4860.82236252682
-4860.70708290331
-4860.58863725723
-4860.47789583777
-4860.38041665036
-4860.29493606713
-4860.21724358081
-4860.14205453624
-4860.06187287536
-4859.96731871558
-4859.85340502175
-4859.72884672414
-4859.61341916741
-4859.51896786359
-4859.43631762212
-4859.33522556138
-4859.18878684804
-4859.01301881813
-4858.86927811568
-4858.81710039877
-4858.86796419211
-4858.97979742513
-4859.09916569374
-4859.19656804983
-4859.26700831561
-4859.31695293447
-4859.35550197102
-4859.39463219289
-4859.45739390207
-4859.5798631668
-4859.77806186722
-4860.01554726106
-4860.23399390506
-4860.39811219931
-4860.50604517214
-4860.57695895106
-4860.62746487311
-4860.66078221194
-4860.67256060608
-4860.65778858379
-4860.61152048712
-4860.52411462473
-4860.37103448962
-4860.09812412558
-4859.63136580348
-4858.98693527542
-4858.44568844885
-4858.39044581272
-4858.81291684719
-4859.35189342097
-4859.75552271156
-4860.00340639521
-4860.15924874464
-4860.26722664559
-4860.34001880111
-4860.37758729676
-4860.38250726157
-4860.3627078921
-4860.32534694727
-4860.27217098238
-4860.20464419161
-4860.13619258275
-4860.09724109553
-4860.11736394614
-4860.19354219465
-4860.28473839871
-4860.3519359929
-4860.38673212637
-4860.39405872269
-4860.37088249979
-4860.298548287
-4860.13426283517
-4859.80418221532
-4859.22657495335
-4858.41785748201
-4857.61182189262
-4857.11244191152
-4856.99174985844
-4857.08984941445
-4857.22898426713
-4857.33228353439
-4857.40028599326
-4857.45599954117
-4857.5237971356
-4857.64388661314
-4857.87628631193
-4858.20459237826
-4858.48791278381
-4858.67018004748
-4858.81057543021
-4858.95607874897
-4859.12655554227
-4859.33078244944
-4859.55968314569
-4859.78276819541
-4859.97204571566
-4860.12265878866
-4860.24632168955
-4860.35835475785
-4860.47199070428
-4860.59602631761
-4860.72712158914
-4860.84091476142
-4860.91284340895
-4860.947628098
-4860.96450077253
-4860.97536516421
-4860.98285094611
-4860.98463478273
-4860.97561951721
-4860.94563197603
-4860.86685060838
-4860.66186227131
-4860.20283771924
-4859.56111960268
-4859.12489016727
-4859.0708289064
-4859.25661751928
-4859.50216635686
-4859.71853528893
-4859.88997981677
-4860.02761787927
-4860.14311287994
-4860.24095246016
-4860.32010690755
-4860.37897173238
-4860.41753087312
-4860.4363274132
-4860.43081968473
-4860.38461165232
-4860.2683789744
-4860.05848588297
-4859.78218085191
-4859.55345820237
-4859.50936474308
-4859.65373992654
-4859.85976434748
-4860.03975299596
-4860.17228986313
-4860.26039545231
-4860.3139652948
-4860.34200065754
-4860.34840855598
-4860.32875590687
-4860.26433743379
-4860.10601300818
-4859.75188626514
-4859.09561529951
-4858.28729148237
-4857.87622539659
-4858.19412624497
-4858.8464775528
-4859.32213855556
-4859.53197279291
-4859.59706511594
-4859.61067230702
-4859.61068808587
-4859.59930379782
-4859.55788950237
-4859.47297284963
-4859.36611743932
-4859.28071076484
-4859.24976332229
-4859.29192784329
-4859.41765315048
-4859.62172376823
-4859.87117878004
-4860.10961680636
-4860.29020351711
-4860.40194126007
-4860.46071364692
-4860.48545474824
-4860.48528500538
-4860.45034445789
-4860.31989606113
-4859.89413906615
-4858.83955354174
-4857.41876598096
-4856.96609660744
-4857.91010833062
-4859.12572891484
-4859.85932935857
-4860.18852583555
-4860.3259870339
-4860.38078111411
-4860.39482531909
-4860.38038512658
-4860.33547752451
-4860.2511018568
-4860.11704210837
-4859.92821571965
-4859.68948212557
-4859.42676166671
-4859.2118344132
-4859.17778921669
-4859.46407075152
-4860.01944926281
-4860.5095480267
-4860.73992653346
-4860.8082136551
-4860.82245254061
-4860.82506495487
-4860.8247093568
-4860.81604509949
-4860.78496344595
-4860.70905746546
-4860.55622902144
-4860.29576457746
-4859.94523600699
-4859.61870773996
-4859.46788831217
-4859.54734816169
-4859.76963846031
-4859.99794695785
-4860.15692800253
-4860.24382923265
-4860.28101781502
-4860.28519984546
-4860.26135296543
-4860.2073246624
-4860.11951052974
-4859.99031986148
-4859.79009704658
-4859.42037777568
-4858.69718168319
-4857.71048394477
-4857.31967972885
-4857.94834679409
-4858.8071386036
-4859.36359116782
-4859.66509783238
-4859.84679943074
-4859.98172098539
-4860.10063434516
-4860.20487596442
-4860.27980082985
-4860.3196051029
-4860.32880054016
-4860.33848050118
-4860.29123859797
-4860.20948848472
-4860.07046474061
-4859.78965230024
-4859.26722617989
-4858.63546504969
-4858.24416387084
-4858.15642747869
-4858.33336261932
-4858.57186770613
-4858.6900860816
-4858.73189183563
-4858.71589118009
-4858.7001123854
-4858.65463829893
-4858.60703339338
-4858.61832888346
-4858.74253164449
-4859.02749596369
-4859.45742926766
-4859.8599427677
-4860.12461872743
-4860.29447770437
-4860.41578228841
-4860.50532666078
-4860.56536376865
-4860.59404830168
-4860.59275034897
-4860.56672214497
-4860.51379975437
-4860.40151916831
-4860.14528468107
-4859.64607212603
-4858.97089281865
-4858.46575728062
-4858.444046607
-4858.77738700256
-4859.16033607723
-4859.51831997378
-4859.81199385249
-4860.08274091797
-4860.26996707944
-4860.41103822525
-4860.48438995307
-4860.51521727825
-4860.51858163188
-4860.50149723894
-4860.46667439883
-4860.41217649297
-4860.33157550662
-4860.21371080111
-4860.04471656043
-4859.81904257554
-4859.56386729356
-4859.33861711492
-4859.1746784075
-4859.04737672552
-4858.94969125459
-4858.80629817805
-4858.64034162669
-4858.36150820919
-4857.87383320671
-4857.04707901907
-4856.04462956661
-4855.63720514204
-4855.89795126047
-4856.30869388331
-4856.62638385147
-4856.83409586029
-4856.96289527218
-4857.03947678535
-4857.08137309594
-4857.10124336759
-4857.11382225222
-4857.14443845293
-4857.23215282528
-4857.41701261871
-4857.71474594654
-4858.10321612329
-4858.54020027532
-4858.99309364325
-4859.43677471918
-4859.82128335974
-4860.07088387781
-4860.17743293349
-4860.20987363663
-4860.21062761122
-4860.17676567953
-4860.11125664006
-4860.07026937174
-4860.10130144357
-4860.17168055568
-4860.22969851491
-4860.25735322938
-4860.26036037761
-4860.24169372222
-4860.16609606108
-4859.92116924531
-4859.38972782147
-4858.73174354014
-4858.27491841708
-4858.16207902065
-4858.16491103963
-4858.67283480618
-4859.49042837648
-4860.04071107538
-4860.27085087012
-4860.36015714046
-4860.40104169427
-4860.41570068399
-4860.40296476416
-4860.35917886059
-4860.29005496251
-4860.21822088019
-4860.16285856202
-4860.11447878407
-4860.05574600005
-4860.00335973834
-4859.8801416806
-4859.56520914947
-4858.76801451691
-4857.67859792194
-4857.30670931293
-4857.57445856382
-4857.88381919743
-4858.04883503971
-4858.12903063916
-4858.18588420186
-4858.2578869818
-4858.43266709099
-4858.86409019278
-4859.4990209889
-4859.98050873913
-4860.1803834901
-4860.23628700653
-4860.25460465777
-4860.26201620176
-4860.2421899313
-4860.18204064716
-4860.11484413031
-4860.09272008364
-4860.11172725122
-4860.13388989089
-4860.1368028778
-4860.10397838899
-4859.99658172255
-4859.7547764602
-4859.37697794807
-4858.99828503165
-4858.74628686051
-4858.61456680334
-4858.51052916669
-4858.3096510051
-4858.0311245996
-4858.09664344935
-4858.65954244401
-4859.29600548618
-4859.64642767482
-4859.78317839686
-4859.85034076513
-4859.90401632323
-4859.94942343673
-4859.98712145398
-4860.0243920011
-4860.05728717391
-4860.07059680422
-4860.05520927617
-4859.9824011992
-4859.73127542595
-4859.07182229828
-4858.10283722414
-4857.66322692626
-4858.02959183972
-4858.53698221222
-4858.83500896085
-4858.99712404744
-4859.13241783918
-4859.29040722347
-4859.49624874862
-4859.75241991249
-4859.9946265281
-4860.13819872338
-4860.18935130725
-4860.20862991779
-4860.22399488553
-4860.22580700715
-4860.2100298046
-4860.19945780717
-4860.20806221238
-4860.21916361681
-4860.2139591446
-4860.18258557343
-4860.11499455924
-4860.0138816854
-4859.92600046808
-4859.91220519713
-4859.95563719524
-4859.99078939787
-4859.99416390623
-4859.96831125841
-4859.88854352331
-4859.69859182277
-4859.37835346264
-4858.99615922768
-4858.63529776677
-4858.32715289889
-4858.05959426245
-4857.78915832321
-4857.45162762452
-4857.05538007463
-4856.77615558218
-4856.7627316452
-4856.95731517227
-4857.28272669528
-4857.61221459021
-4857.93761987532
-4858.31468774305
-4858.76527817368
-4859.17937681198
-4859.52935617229
-4859.76235556093
-4859.90515708638
-4859.98997977353
-4860.03657641606
-4860.05453422449
-4860.04673808384
-4860.0139552797
-4859.95367850068
-4859.84160273905
-4859.5892846643
-4859.0256551339
-4858.0990193747
-4857.20264226852
-4856.93714704529
-4857.29569145796
-4858.54545407038
-4859.86448614054
-4860.45442204576
-4860.61154673274
-4860.65044916364
-4860.65456778345
-4860.63482567189
-4860.58438865904
-4860.48716704063
-4860.31708441362
-4860.05533755532
-4859.74163668212
-4859.47188754595
-4859.29655107761
-4859.24282184125
-4859.24879686002
-4859.29208062308
-4859.32022711418
-4859.32178678071
-4859.2655853762
-4859.14964595183
-4858.85270981541
-4858.44257697994
-4858.14579232913
-4858.05124752151
-4858.09523684113
-4858.19171406003
-4858.29291639789
-4858.38485015965
-4858.46816624806
-4858.54564674712
-4858.62009951968
-4858.6956284947
-4858.7821565507
-4858.90215662511
-4859.09598306353
-4859.40217145451
-4859.78414156836
-4860.10951232122
-4860.30976803936
-4860.42246879115
-4860.48661366513
-4860.51927883532
-4860.52947994824
-4860.5214533736
-4860.48954603709
-4860.39902444613
-4860.12168093723
-4859.34636489779
-4858.11114214012
-4857.50764087994
-4857.72987350377
-4858.12061062878
-4858.33594945605
-4858.43322101794
-4858.47915767768
-4858.50371381155
-4858.50655504478
-4858.59276783761
-4858.80820067415
-4859.14037649591
-4859.4761476939
-4859.72456022589
-4859.87160848135
-4859.94860721579
-4859.98983314841
-4860.01675747513
-4860.03772187453
-4860.05346894391
-4860.06842081298
-4860.09120569303
-4860.11712315857
-4860.12847225435
-4860.11523384851
-4860.07769169143
-4860.03836569299
-4859.92592261635
-4859.77477215025
-4859.50780863895
-4859.02504755229
-4858.51067899221
-4858.26295035428
-4858.36650584415
-4858.57273901569
-4858.7285232755
-4858.95033609616
-4859.23118949381
-4859.57062305951
-4859.8977843098
-4860.16107259497
-4860.36100909651
-4860.5092438604
-4860.61038488125
-4860.67167356248
-4860.70505459324
-4860.71691769422
-4860.69866555682
-4860.61130919371
-4860.33388622404
-4859.64364842364
-4858.48422304858
-4857.4162947685
-4857.14261038427
-4857.59117642353
-4858.18069493411
-4858.57102341874
-4858.7733841888
-4858.88877696501
-4858.97929588203
-4859.06963805992
-4859.17551588224
-4859.30516150228
-4859.43163067616
-4859.52019450755
-4859.57948333666
-4859.63419350695
-4859.73091152226
-4859.83211552333
-4859.96842867402
-4860.11684784706
-4860.21769034963
-4860.31275360443
-4860.37585662478
-4860.41449565241
-4860.43266962552
-4860.42639903637
-4860.38297210164
-4860.2873592108
-4860.12772933487
-4859.89377196099
-4859.57401143014
-4859.16764782936
-4858.70364389216
-4858.25236071887
-4857.92515636771
-4857.82750849896
-4857.97608704779
-4858.27251919466
-4858.56967864192
-4858.76677904387
-4858.86354139091
-4858.90712870051
-4858.94947258263
-4858.94065268366
-4858.92235824924
-4858.91849587323
-4858.93692006032
-4858.97230715951
-4859.00357552205
-4859.11584887682
-4859.31155236349
-4859.57908009071
-4859.83210890085
-4859.99457524373
-4860.06961348173
-4860.09441192635
-4860.08935770731
-4860.04820596204
-4859.95857865459
-4859.83201589635
-4859.70669491312
-4859.60952862001
-4859.52974933637
-4859.45129106898
-4859.32865186944
-4858.92308284791
-4857.99546766616
-4857.2010933079
-4857.2881573576
-4857.74309975752
-4858.03330765499
-4858.15484831495
-4858.22711177595
-4858.31719893808
-4858.47553572948
-4858.81147741911
-4859.44446658375
-4860.14921431557
-4860.5319187655
-4860.65457611512
-4860.68769551597
-4860.69469383885
-4860.68359379843
-4860.6409198038
-4860.54963117644
-4860.40655251449
-4860.22476913497
-4860.01854684751
-4859.78835251774
-4859.52102467607
-4859.20614511498
-4858.8737695304
-4858.62425190482
-4858.56929333604
-4858.71606318213
-4858.97344697574
-4859.23804228963
-4859.44078102844
-4859.58258043902
-4859.69657151691
-4859.79812751327
-4859.88442155174
-4859.94785049504
-4859.98486675633
-4859.9956045523
-4859.97820084886
-4859.92375119636
-4859.81525064523
-4859.63450949098
-4859.38500907529
-4859.1375734868
-4859.04279200056
-4859.20257863518
-4859.53512693997
-4859.8673121826
-4860.10467610115
-4860.24697958459
-4860.32516126881
-4860.36649210476
-4860.38608860004
-4860.38646043373
-4860.35575193092
-4860.26292233075
-4860.05388184625
-4859.6668159618
-4859.08840441369
-4858.44627327045
-4858.07414864703
-4858.33595599998
-4859.15951151661
-4859.97211826942
-4860.39207593558
-4860.53460909488
-4860.57401710911
-4860.58268385733
-4860.57757361544
-4860.55367193423
-4860.49652040523
-4860.39182878784
-4860.23518535953
-4860.03639772078
-4859.8126990604
-4859.58601781679
-4859.3863530645
-4859.24958450081
-4859.20631979067
-4859.26235584415
-4859.38479663399
-4859.53139883844
-4859.69011256725
-4859.87350225807
-4860.07107625928
-4860.24811532707
-4860.39262231855
-4860.50950792854
-4860.60267301096
-4860.67258642348
-4860.71896461085
-4860.74238881171
-4860.74321213279
-4860.72031362409
-4860.66950961523
-4860.58081304614
-4860.43397684711
-4860.19232979291
-4859.79940323318
-4859.20693176161
-4858.4671315532
-4857.78989970554
-4857.3673614362
-4857.2036433977
-4857.19011230756
-4857.23123735408
-4857.27814110501
-4857.3103716925
-4857.31934066398
-4857.29980990555
-4857.22736871312
-4856.99208789067
-4856.29095598852
-4854.92210497603
-4854.14769305054
-4855.6535009795
-4857.81663431566
-4859.006648492
-4859.55387922917
-4859.8596910025
-4860.07321999118
-4860.24390373758
-4860.38694787002
-4860.50414098226
-4860.5938396185
-4860.65779531111
-4860.70006902208
-4860.72190917831
-4860.72059794077
-4860.69246124789
-4860.63717931267
-4860.55049207406
-4860.4003040695
-4860.10994641226
-4859.6217619132
-4859.04662745504
-4858.62740800795
-4858.49449259421
-4858.58950413702
-4858.77852617844
-4858.97390790843
-4859.15440261781
-4859.33369376207
-4859.53879710888
-4859.79579093754
-4860.09287191967
-4860.34962678902
-4860.50405683278
-4860.58356010957
-4860.63663755552
-4860.69497297672
-4860.78524353119
-4860.91536544384
-4861.04517581302
-4861.13651183008
-4861.18849808848
-4861.21313752468
-4861.21953196612
-4861.2104958723
-4861.18086212637
-4861.11447490951
-4860.98393629341
-4860.76404520338
-4860.46643191439
-4860.16057343647
-4859.92109366638
-4859.76264053576
-4859.65749357596
-4859.57797302497
-4859.50970974704
-4859.44694375803
-4859.38627728423
-4859.32290007418
-4859.24417945677
-4859.12143531828
-4858.91882687783
-4858.65476247398
-4858.48984178956
-4858.6298542507
-4859.02151267545
-4859.4067594202
-4859.66372602651
-4859.82447154397
-4859.94065589474
-4860.0373999604
-4860.12297207817
-4860.20421145363
-4860.28999937565
-4860.37965721658
-4860.46224231112
-4860.53558944418
-4860.59979177973
-4860.65202058114
-4860.68781981451
-4860.70225643102
-4860.68965552135
-4860.6414829371
-4860.5423185282
-4860.36663170179
-4860.08437456608
-4859.68938500279
-4859.23969570506
-4858.85781914672
-4858.65226744685
-4858.62679953101
-4858.69304716863
-4858.76288769729
-4858.80330952005
-4858.81606139557
-4858.80033713674
-4858.73663382888
-4858.59435050378
-4858.36399888557
-4858.10055446817
-4857.95601613625
-4858.13354107928
-4858.66267743574
-4859.30348827138
-4859.81406370361
-4860.13126848555
-4860.30003761511
-4860.3792079816
-4860.40899170701
-4860.41119841565
-4860.3913982936
-4860.33829427947
-4860.22484958493
-4860.02195151905
-4859.73434800203
-4859.42868523124
-4859.20153402492
-4859.11192902029
-4859.17554571596
-4859.40603957789
-4859.75575374999
-4860.04288431087
-4860.19519267505
-4860.26873664054
-4860.30950950299
-4860.33481708259
-4860.34689300822
-4860.33846429935
-4860.2920266001
-4860.17709676807
-4859.95711273244
-4859.62912309454
-4859.30144520152
-4859.20109107271
-4859.48380023601
-4860.02030238056
-4860.50316575064
-4860.77536716609
-4860.8900742845
-4860.93406256241
-4860.95085189537
-4860.95432425038
-4860.94772248942
-4860.9327040247
-4860.91298313187
-4860.89246210243
-4860.86974886453
-4860.83594497058
-4860.78301900917
-4860.70926073746
-4860.61375402251
-4860.49825752731
-4860.36773083015
-4860.22454410063
-4860.0641252844
-4859.8807212177
-4859.68528875192
-4859.53050293934
-4859.50121827426
-4859.62540659667
-4859.81513621842
-4859.97265656774
-4860.07372198834
-4860.13289949303
-4860.17183218666
-4860.20570434206
-4860.23899484569
-4860.26676272481
-4860.27845649291
-4860.26266052877
-4860.20713099466
-4860.08851781468
-4859.85657322696
-4859.44121503969
-4858.85305058446
-4858.36363798259
-4858.37973555036
-4858.8779854091
-4859.41488314743
-4859.7389057341
-4859.88449893036
-4859.94480609804
-4859.97414143786
-4859.98802059141
-4859.97864531
-4859.9295303788
-4859.82749388186
-4859.65734109235
-4859.37129665818
-4858.86424752466
-4858.14830183652
-4857.67876345522
-4857.88750537574
-4858.46046535004
-4858.88865817312
-4859.08242991808
-4859.15928102076
-4859.20283902288
-4859.23877319504
-4859.26569872138
-4859.28585360996
-4859.33063716037
-4859.45942288695
-4859.71672549022
-4860.08230733642
-4860.46774630846
-4860.77636109623
-4860.96807303171
-4861.06210283997
-4861.0975727683
-4861.10654890405
-4861.10651377792
-4861.10012284312
-4861.07320675441
-4860.98339958598
-4860.73930878837
-4860.24085713949
-4859.63922252145
-4859.30864903166
-4859.27581233014
-4859.35893116541
-4859.45444886566
-4859.5271543736
-4859.57187151177
-4859.59116432278
-4859.58545691705
-4859.55488849827
-4859.50306452419
-4859.41429209516
-4859.18830665947
-4858.65710891424
-4857.97193060735
-4857.83532345015
-4858.4587825604
-4859.20285246024
-4859.64657250129
-4859.8451529016
-4859.93652112868
-4859.98355576693
-4860.00055050004
-4859.99261351854
-4859.97145431472
-4859.94732423191
-4859.92111192456
-4859.88989686555
-4859.85294481823
-4859.81618158976
-4859.79773152132
-4859.81286402317
-4859.84799431388
-4859.8767753504
-4859.88418373732
-4859.86134471834
-4859.78958324931
-4859.62676072582
-4859.30442646116
-4858.79429811988
-4858.21664611898
-4857.76410696806
-4857.47780548351
-4857.34388947698
-4857.16905134964
-4857.29874423289
-4857.66301045671
-4857.99560828001
-4858.1879660594
-4858.28334697675
-4858.3449379597
-4858.40374615945
-4858.47254652752
-4858.57285389073
-4858.75134537698
-4859.05890987821
-4859.47546373715
-4859.88481582578
-4860.19714496204
-4860.41205479282
-4860.55933393463
-4860.65866458676
-4860.71919501493
-4860.74622788988
-4860.74403160019
-4860.71288045172
-4860.64518111652
-4860.52045507761
-4860.2964514014
-4859.89994332275
-4859.24353341702
-4858.33613105351
-4857.44686197789
-4857.09504321424
-4857.57847415781
-4858.52801185763
-4859.28596836128
-4859.66153659169
-4859.82158855532
-4859.89037356917
-4859.91638554794
-4859.91314313105
-4859.88005789066
-4859.8167844337
-4859.74087191092
-4859.70092386428
-4859.76254738075
-4859.95553914731
-4860.23390010446
-4860.51249195811
-4860.7361308326
-4860.89687996744
-4861.00631173089
-4861.07554540082
-4861.11529291471
-4861.13619595361
-4861.14671160374
-4861.14845031903
-4861.12928406403
-4861.04295078189
-4860.75853173056
-4860.07115423042
-4859.09906002039
-4858.40589600496
-4858.24770771106
-4858.41333504677
-4858.62739227743
-4858.7771279946
-4858.86736293198
-4858.92294023884
-4858.95248166229
-4858.95541681659
-4858.92943580635
-4858.85893758348
-4858.6645737527
-4858.10239612858
-4856.93822036035
-4856.07314854038
-4857.04552393304
-4858.81151686366
-4859.80564119974
-4860.17499779301
-4860.30868711488
-4860.35567460218
-4860.36228068496
-4860.34733586888
-4860.31609428473
-4860.24366879754
-4860.05643664462
-4859.68077481515
-4859.21095539889
-4858.96182386566
-4859.12295075482
-4859.53043313958
-4859.93044609527
-4860.21922822456
-4860.41155833223
-4860.54583722146
-4860.64349800485
-4860.70965888096
-4860.74596648721
-4860.75980196599
-4860.76172743741
-4860.75689797841
-4860.72152831602
-4860.55517069188
-4860.12587039621
-4859.49887848831
-4858.91827082809
-4858.55562756046
-4858.43403957785
-4858.48175641825
-4858.60689213758
-4858.74480897964
-4858.86832061574
-4858.97489305232
-4859.07120056259
-4859.16333881694
-4859.249794657
-4859.31960996531
-4859.36331679553
-4859.41317600418
-4859.40479602435
-4859.42076939054
-4859.21125201331
-4858.72791100221
-4857.97700994553
-4857.61598533934
-4858.24761544865
-4859.15681882571
-4859.68563138696
-4859.90122576027
-4859.99297272317
-4860.04251283134
-4860.06828552184
-4860.07369325501
-4860.07656047747
-4860.1034401891
-4860.14066542187
-4860.15453248709
-4860.16606154382
-4860.11826374354
-4860.00281020011
-4859.67402291314
-4858.6508037738
-4856.78007393448
-4856.0267940176
-4857.345392802
-4858.59732828859
-4859.07770479992
-4859.22289003683
-4859.27010023972
-4859.28128570829
-4859.26603226785
-4859.24152586191
-4859.28731658292
-4859.5310653911
-4859.95306926246
-4860.32792680492
-4860.53876309464
-4860.63444311962
-4860.67570440498
-4860.6942324103
-4860.69942228452
-4860.6767551359
-4860.57443282578
-4860.29307318489
-4859.68696459977
-4858.66986391053
-4857.52227743981
-4856.83769988756
-4856.84351501295
-4857.24320546695
-4857.67551607951
-4857.99200497696
-4858.20053523131
-4858.34681124061
-4858.46415828357
-4858.57218982341
-4858.69009912554
-4858.85295634331
-4859.12474695987
-4859.58348132162
-4860.19437351985
-4860.6655813291
-4860.84768944455
-4860.90177733442
-4860.92333868316
-4860.92411297677
-4860.89715153369
-4860.83887314454
-4860.75105744135
-4860.63417105595
-4860.48286135372
-4860.28536522781
-4860.02736664504
-4859.70588694619
-4859.3538094396
-4859.05134445218
-4858.88366622973
-4858.87406472151
-4858.98037434279
-4859.14916562317
-4859.34411245997
-4859.53420528575
-4859.69194290415
-4859.81049475221
-4859.90002803049
-4859.97264921619
-4860.03455095208
-4860.08646343631
-4860.12642217811
-4860.15262299235
-4860.16618324004
-4860.17373653594
-4860.18956547953
-4860.23467419916
-4860.32564298345
-4860.45688788271
-4860.5998102864
-4860.72365204102
-4860.81304443568
-4860.86782000371
-4860.89396993272
-4860.89620682032
-4860.87314731597
-4860.8131470624
-4860.68787162865
-4860.44401164787
-4860.02277885842
-4859.45317634834
-4858.94258369184
-4858.73646469103
-4858.85607513967
-4859.10530357126
-4859.30888404865
-4859.42225566157
-4859.47148066925
-4859.4868790732
-4859.47841667172
-4859.42226517062
-4859.20444501574
-4858.46196551722
-4856.7954795765
-4855.38951688336
-4856.20926078775
-4858.12464526499
-4859.34398631721
-4859.9177030234
-4860.20759772083
-4860.36519128558
-4860.44674299615
-4860.48083794352
-4860.48338602761
-4860.45688063908
-4860.38909576536
-4860.25709842331
-4860.04210763692
-4859.74367860192
-4859.36666665798
-4858.95606565598
-4858.55774543846
-4858.34100022153
-4858.40375949709
-4858.84361937973
-4859.42747983095
-4859.8622517743
-4860.05279829312
-4860.11139818792
-4860.12992948095
-4860.13699627748
-4860.13028845705
-4860.09589022413
-4860.02131340147
-4859.90902966869
-4859.78084617204
-4859.6590664919
-4859.55157514856
-4859.46505503765
-4859.42109901382
-4859.44688237678
-4859.54783310356
-4859.69588055361
-4859.85977735519
-4860.02432062902
-4860.16801133317
-4860.27550582703
-4860.35608948605
-4860.41897974028
-4860.4650571266
-4860.49300758761
-4860.50031254401
-4860.48125117134
-4860.42070315265
-4860.28635059501
-4860.0323994433
-4859.63736787898
-4859.17394704814
-4858.83017667636
-4858.79927647459
-4859.10920129188
-4859.54602628703
-4859.85419815723
-4860.00360489671
-4860.08498840398
-4860.15074254207
-4860.21041190886
-4860.25866427262
-4860.28976309455
-4860.30203816289
-4860.29660844727
-4860.27457375226
-4860.23709177682
-4860.18721110323
-4860.13062619698
-4860.07200921437
-4860.00834570673
-4859.93036427987
-4859.82769974102
-4859.68622486061
-4859.48062484728
-4859.18009709815
-4858.79087161949
-4858.41213024886
-4858.18994371403
-4858.17751124664
-4858.31322998091
-4858.50818904562
-4858.71511282867
-4858.9220021625
-4859.11416300177
-4859.276678623
-4859.41026346418
-4859.52892921315
-4859.64658981974
-4859.77145106248
-4859.90692775323
-4860.05296675394
-4860.20617015204
-4860.36062901264
-4860.50893471439
-4860.64407869084
-4860.7616109765
-4860.85994093631
-4860.93942693429
-4861.00152549987
-4861.04835720598
-4861.08143564966
-4861.10104041121
-4861.10322651166
-4861.06933145594
-4860.94124189452
-4860.59188310182
-4859.87984812916
-4858.94808396059
-4858.34544407135
-4858.42834878789
-4858.93939854248
-4859.43935258744
-4859.74710249102
-4859.89603936976
-4859.96020841805
-4859.98648756355
-4859.9919405748
-4859.97159510422
-4859.89999671461
-4859.72462740656
-4859.35453421717
-4858.68131819197
-4857.77953711774
-4857.30731650393
-4858.09362866325
-4859.530802571
-4860.39093101906
-4860.70613735838
-4860.81544307881
-4860.85240187908
-4860.85846019035
-4860.84757932613
-4860.82132354027
-4860.76949950505
-4860.66998594872
-4860.49928533207
-4860.2588123038
-4859.98909300939
-4859.73437582341
-4859.5475739283
-4859.37612060492
-4859.23006279056
-4859.10029328227
-4858.97392172329
-4858.92807115475
-4858.89317535015
-4858.85855999274
-4858.8177160067
-4858.76073824502
-4858.66773229962
-4858.49116198384
-4858.11082398512
-4857.30216075889
-4856.06102751216
-4855.33458034321
-4856.07372815104
-4857.43942148345
-4858.33794311734
-4858.75296687107
-4858.94302317813
-4859.03495284476
-4859.07297951671
-4859.07627478233
-4859.05087695835
-4858.97717950529
-4858.82863050446
-4858.67173168106
-4858.73897413107
-4859.19470618255
-4859.84410566634
-4860.36584241613
-4860.66936861556
-4860.83301842906
-4860.92529310129
-4860.97359931703
-4860.98762277704
-4860.97442510011
-4860.94303070109
-4860.90323815124
-4860.85907784739
-4860.80152496727
-4860.70631864438
-4860.55144724534
-4860.3628298893
-4860.200189535
-4860.08512963213
-4860.00176839469
-4859.93066528993
-4859.85679051631
-4859.76722905998
-4859.64883896493
-4859.48921241239
-4859.30721903104
-4859.17492555838
-4859.12717238316
-4859.12199839877
-4859.17038821783
-4859.2378240821
-4859.33690463851
-4859.44841221915
-4859.5765424604
-4859.68807653871
-4859.85337617429
-4860.04418633406
-4860.22884863632
-4860.38312905591
-4860.50766648642
-4860.60520070313
-4860.67352956873
-4860.71129566922
-4860.7207320259
-4860.7017389098
-4860.64393820098
-4860.52119095218
-4860.2713600858
-4859.75394470339
-4858.85273620149
-4857.97251080272
-4857.76961363683
-4858.15259543354
-4858.6337348402
-4858.9664503953
-4859.15287510405
-4859.26365350103
-4859.34958879735
-4859.43220956371
-4859.51878967083
-4859.61679279445
-4859.74795021931
-4859.93623740285
-4860.12623842794
-4860.24881707907
-4860.32085625117
-4860.36621517578
-4860.39185811525
-4860.3952227797
-4860.36859261645
-4860.30139836316
-4860.18462133653
-4860.02020460515
-4859.83203487124
-4859.65966569956
-4859.53057035533
-4859.44298829201
-4859.37619226613
-4859.30564354653
-4859.20924621828
-4859.06759000511
-4858.8647056927
-4858.58591134938
-4858.21369269901
-4857.74223512773
-4857.25582716456
-4857.01175192296
-4857.28485724621
-4858.0027681801
-4858.77363762536
-4859.32864580533
-4859.66296039852
-4859.85720868377
-4859.97093528527
-4860.03609000022
-4860.07061974672
-4860.08611863583
-4860.09404652694
-4860.11114793499
-4860.15893700697
-4860.25097832796
-4860.37954610195
-4860.52171040083
-4860.65684047576
-4860.77430468026
-4860.86935384173
-4860.93962419165
-4860.98926597006
-4861.0264119666
-4861.05709941543
-4861.08262122162
-4861.10111934874
-4861.10781068033
-4861.09302219573
-4861.03690108945
-4860.89630010423
-4860.58453685011
-4859.99230383788
-4859.17689257462
-4858.52107539647
-4858.37302757546
-4858.6686025668
-4859.10214373933
-4859.44965933185
-4859.65888918845
-4859.76408265664
-4859.80744672221
-4859.81399653489
-4859.79411987593
-4859.75290454253
-4859.69957370023
-4859.65468347881
-4859.65168666254
-4859.726983346
-4859.89582179608
-4860.12970039522
-4860.36530072579
-4860.54532822328
-4860.64906965259
-4860.69014902596
-4860.69331917243
-4860.67833900542
