# Time-averaged data for fix msdoutY
# TimeStep c_msdO[3]
100 15.1416
200 15.1841
300 15.2234
400 15.2569
500 15.2884
600 15.3232
700 15.3823
800 15.5238
900 15.7744
1000 16.1372
1100 16.5838
1200 17.0449
1300 17.4614
1400 17.7995
1500 18.0383
1600 18.1732
1700 18.2106
1800 18.1588
1900 18.0266
2000 17.8234
2100 17.5591
2200 17.2437
2300 16.8905
2400 16.5188
2500 16.153
2600 15.8176
2700 15.532
2800 15.3062
2900 15.1414
3000 15.0316
3100 14.9665
3200 14.935
3300 14.9252
3400 14.9218
3500 14.9066
3600 14.8618
3700 14.7686
3800 14.6038
3900 14.3489
4000 14.0077
4100 13.6098
4200 13.1961
4300 12.8031
4400 12.4504
4500 12.1342
4600 11.8374
4700 11.544
4800 11.2468
4900 10.9461
5000 10.6454
5100 10.3509
5200 10.0736
5300 9.82528
5400 9.6133
5500 9.44233
5600 9.3204
5700 9.25606
5800 9.24824
5900 9.28614
6000 9.35686
6100 9.44372
6200 9.52857
6300 9.59878
6400 9.6516
6500 9.69011
6600 9.72233
6700 9.76256
6800 9.83107
6900 9.94892
7000 10.1319
7100 10.387
7200 10.7143
7300 11.112
7400 11.5791
7500 12.1142
7600 12.7048
7700 13.3232
7800 13.9341
7900 14.5013
8000 14.9896
8100 15.3683
8200 15.617
8300 15.7381
8400 15.7595
8500 15.7162
8600 15.6359
8700 15.5411
8800 15.4504
8900 15.3768
9000 15.33
9100 15.3149
9200 15.3313
9300 15.3711
9400 15.4139
9500 15.4262
9600 15.39
9700 15.3245
9800 15.2636
9900 15.2268
10000 15.2175
10100 15.2323
10200 15.2682
10300 15.3251
10400 15.4042
10500 15.5049
10600 15.6217
10700 15.7376
10800 15.8297
10900 15.8761
11000 15.8618
11100 15.7842
11200 15.6521
11300 15.4829
11400 15.2981
11500 15.1183
11600 14.9592
11700 14.828
11800 14.7271
11900 14.6577
12000 14.6225
12100 14.6224
12200 14.6502
12300 14.6889
12400 14.7166
12500 14.7139
12600 14.6671
12700 14.5617
12800 14.3843
12900 14.1241
13000 13.7759
13100 13.3522
13200 12.9028
13300 12.5117
13400 12.247
13500 12.1315
13600 12.1553
13700 12.2981
13800 12.5428
13900 12.8678
14000 13.2432
14100 13.6359
14200 14.0241
14300 14.3972
14400 14.7491
14500 15.0717
14600 15.3526
14700 15.5787
14800 15.7535
14900 15.9143
15000 16.1062
15100 16.3137
15200 16.4706
15300 16.6244
15400 16.9853
15500 17.5397
15600 18.2505
15700 19.2774
15800 20.484
15900 21.5238
16000 22.2516
16100 22.717
16200 22.9911
16300 23.0987
16400 23.02
16500 22.7172
16600 22.1603
16700 21.3556
16800 20.3736
16900 19.3491
17000 18.4166
17100 17.6267
17200 16.9601
17300 16.3907
17400 15.9073
17500 15.5033
17600 15.1645
17700 14.876
17800 14.623
17900 14.389
18000 14.1545
18100 13.8989
18200 13.6005
18300 13.2413
18400 12.8155
18500 12.3362
18600 11.8359
18700 11.3528
18800 10.9165
18900 10.5553
19000 10.3119
19100 10.2364
19200 10.3506
19300 10.6497
19400 11.1359
19500 11.8062
19600 12.607
19700 13.4346
19800 14.19
19900 14.8155
20000 15.2931
20100 15.6288
20200 15.8402
20300 15.9477
20400 15.9724
20500 15.9365
20600 15.866
20700 15.7918
20800 15.7458
20900 15.7498
21000 15.8064
21100 15.9014
21200 16.021
21300 16.1578
21400 16.3033
21500 16.4361
21600 16.5236
21700 16.5363
21800 16.4539
21900 16.2542
22000 15.9128
22100 15.4272
22200 14.8353
22300 14.1948
22400 13.555
22500 12.9486
22600 12.3913
22700 11.8856
22800 11.4258
22900 11.0055
23000 10.6231
23100 10.2855
23200 10.0109
23300 9.82514
23400 9.74935
23500 9.78854
23600 9.93336
23700 10.1698
23800 10.483
23900 10.8563
24000 11.2698
24100 11.7012
24200 12.1315
24300 12.5464
24400 12.9348
24500 13.2895
24600 13.6052
24700 13.8796
24800 14.1146
24900 14.3195
25000 14.509
25100 14.7
25200 14.908
25300 15.145
25400 15.4196
25500 15.7379
25600 16.1041
25700 16.5217
25800 16.9895
25900 17.4979
26000 18.0196
26100 18.5152
26200 18.9453
26300 19.2787
26400 19.4978
26500 19.6029
26600 19.6145
26700 19.5672
26800 19.5048
26900 19.4681
27000 19.4795
27100 19.5341
27200 19.6006
27300 19.6372
27400 19.6095
27500 19.5037
27600 19.3257
27700 19.083
27800 18.7789
27900 18.4148
28000 17.9941
28100 17.5232
28200 17.009
28300 16.4563
28400 15.8715
28500 15.2537
28600 14.5932
28700 13.8703
28800 13.0604
28900 12.1578
29000 11.1999
29100 10.2677
29200 9.4448
29300 8.77599
29400 8.26378
29500 7.89022
29600 7.63714
29700 7.49481
29800 7.46362
29900 7.55287
30000 7.78301
30100 8.19094
30200 8.84059
30300 9.81817
30400 11.1548
30500 12.6877
30600 14.0739
30700 15.0691
30800 15.6863
30900 16.0366
31000 16.1958
31100 16.2097
31200 16.1261
31300 16.0029
31400 15.9052
31500 15.8892
31600 15.9974
31700 16.2641
31800 16.7111
31900 17.3268
32000 18.0455
32100 18.7581
32200 19.3582
32300 19.7753
32400 19.9762
32500 19.9458
32600 19.6668
32700 19.1254
32800 18.3638
32900 17.5234
33000 16.7836
33100 16.2602
33200 16.0039
33300 16.0267
33400 16.2534
33500 16.5728
33600 16.9273
33700 17.2974
33800 17.6606
33900 17.9816
34000 18.2092
34100 18.3043
34200 18.2631
34300 18.105
34400 17.8491
34500 17.508
34600 17.0994
34700 16.654
34800 16.2151
34900 15.8249
35000 15.5097
35100 15.2802
35200 15.1396
35300 15.0841
35400 15.0968
35500 15.1472
35600 15.201
35700 15.2312
35800 15.2177
35900 15.1476
36000 15.0107
36100 14.7861
36200 14.4239
36300 13.8723
36400 13.1644
36500 12.3716
36600 11.5575
36700 10.9198
36800 10.5738
36900 10.456
37000 10.5507
37100 10.8405
37200 11.2789
37300 11.8005
37400 12.3305
37500 12.8099
37600 13.2093
37700 13.5242
37800 13.7606
37900 13.9284
38000 14.0415
38100 14.1188
38200 14.1906
38300 14.3139
38400 14.5836
38500 15.0782
38600 15.7606
38700 16.5079
38800 17.2252
38900 17.8925
39000 18.5146
39100 19.0607
39200 19.4772
39300 19.7196
39400 19.7651
39500 19.6048
39600 19.2377
39700 18.6687
39800 17.9069
39900 16.9757
40000 15.9335
40100 14.8817
40200 13.9273
40300 13.129
40400 12.4836
40500 11.9642
40600 11.5471
40700 11.2171
40800 10.9598
40900 10.7527
41000 10.57
41100 10.3933
41200 10.2185
41300 10.0558
41400 9.92272
41500 9.83743
41600 9.82062
41700 9.91004
41800 10.1719
41900 10.6606
42000 11.348
42100 12.1486
42200 12.983
42300 13.7971
42400 14.5514
42500 15.2054
42600 15.7175
42700 16.0529
42800 16.1977
42900 16.1765
43000 16.0446
43100 15.8452
43200 15.6035
43300 15.3498
43400 15.1231
43500 14.9576
43600 14.8727
43700 14.8779
43800 14.9818
43900 15.1906
44000 15.5048
44100 15.8961
44200 16.2897
44300 16.5892
44400 16.7197
44500 16.6464
44600 16.3707
44700 15.9283
44800 15.3926
44900 14.8623
45000 14.4311
45100 14.149
45200 14.0139
45300 13.9966
45400 14.0664
45500 14.2005
45600 14.3687
45700 14.5452
45800 14.7181
45900 14.8772
46000 15.0096
46100 15.099
46200 15.1328
46300 15.1037
46400 15.0135
46500 14.8681
46600 14.6692
46700 14.4177
46800 14.1388
46900 13.8921
47000 13.7345
47100 13.6961
47200 13.7823
47300 13.9703
47400 14.2127
47500 14.4631
47600 14.694
47700 14.9024
47800 15.1069
47900 15.3302
48000 15.5716
48100 15.7889
48200 15.9348
48300 15.9887
48400 15.9518
48500 15.8308
48600 15.6267
48700 15.3344
48800 14.952
48900 14.5042
49000 14.0606
49100 13.7135
49200 13.5071
49300 13.4243
49400 13.4438
49500 13.5603
49600 13.7815
49700 14.1318
49800 14.6342
49900 15.2506
50000 15.8887
50100 16.467
50200 16.9314
50300 17.2454
50400 17.3908
50500 17.3739
50600 17.2191
50700 16.952
50800 16.591
50900 16.1575
51000 15.6877
51100 15.2351
51200 14.8448
51300 14.5335
51400 14.2988
51500 14.1338
51600 14.0361
51700 14.0049
51800 14.0325
51900 14.0963
52000 14.1847
52100 14.3194
52200 14.5331
52300 14.8248
52400 15.1421
52500 15.4198
52600 15.6113
52700 15.6894
52800 15.6368
52900 15.4433
53000 15.1114
53100 14.6706
53200 14.1892
53300 13.7623
53400 13.4627
53500 13.3123
53600 13.3071
53700 13.4343
53800 13.6701
53900 13.9764
54000 14.3059
54100 14.6156
54200 14.8735
54300 15.0596
54400 15.1637
54500 15.1825
54600 15.1154
54700 14.9632
54800 14.7284
54900 14.429
55000 14.1251
55100 13.9198
55200 13.9039
55300 14.106
55400 14.5148
55500 15.1025
55600 15.814
55700 16.5523
55800 17.2143
55900 17.7269
56000 18.0516
56100 18.1692
56200 18.068
56300 17.7351
56400 17.1652
56500 16.3987
56600 15.5668
56700 14.8592
56800 14.3984
56900 14.1932
57000 14.187
57100 14.3215
57200 14.555
57300 14.8539
57400 15.1746
57500 15.4613
57600 15.658
57700 15.7237
57800 15.6367
57900 15.3889
58000 14.9826
58100 14.4309
58200 13.7719
58300 13.1063
58400 12.5847
58500 12.3105
58600 12.3265
58700 12.6824
58800 13.2653
58900 13.848
59000 14.3281
59100 14.6933
59200 14.943
59300 15.0707
59400 15.0704
59500 14.9497
59600 14.7403
59700 14.499
59800 14.2867
59900 14.1434
60000 14.0818
60100 14.1015
60200 14.1971
60300 14.3578
60400 14.5656
60500 14.7948
60600 15.0184
60700 15.2138
60800 15.3633
60900 15.4507
61000 15.4434
61100 15.2971
61200 15.0129
61300 14.6657
61400 14.3375
61500 14.0389
61600 13.8829
61700 14.0293
61800 14.3254
61900 14.6833
62000 15.1676
62100 15.8175
62200 16.6187
62300 17.5131
62400 18.415
62500 19.2361
62600 19.897
62700 20.333
62800 20.4922
62900 20.3413
63000 19.8878
63100 19.2103
63200 18.4484
63300 17.7304
63400 17.1179
63500 16.6257
63600 16.255
63700 15.9952
63800 15.8214
63900 15.7047
64000 15.6247
64100 15.5687
64200 15.5207
64300 15.4419
64400 15.2781
64500 14.9952
64600 14.5997
64700 14.1358
64800 13.6733
64900 13.2774
65000 12.9747
65100 12.7609
65200 12.6271
65300 12.5698
65400 12.5893
65500 12.6894
65600 12.877
65700 13.1631
65800 13.5643
65900 14.0989
66000 14.7639
66100 15.5098
66200 16.2407
66300 16.8593
66400 17.3128
66500 17.5986
66600 17.7401
66700 17.7657
66800 17.701
66900 17.57
67000 17.3942
67100 17.1934
67200 16.9814
67300 16.7626
67400 16.5325
67500 16.2837
67600 16.0099
67700 15.7121
67800 15.4002
67900 15.0848
68000 14.7745
68100 14.4736
68200 14.1844
68300 13.9108
68400 13.6609
68500 13.4449
68600 13.2725
68700 13.1481
68800 13.071
68900 13.0345
69000 13.0284
69100 13.0486
69200 13.1031
69300 13.2013
69400 13.3328
69500 13.4782
69600 13.6266
69700 13.7754
69800 13.923
69900 14.0668
70000 14.2054
70100 14.3452
70200 14.5004
70300 14.6957
70400 14.9764
70500 15.4275
70600 16.127
70700 17.0139
70800 17.8987
70900 18.6185
71000 19.1178
71100 19.4153
71200 19.5486
71300 19.548
71400 19.4336
71500 19.2156
71600 18.897
71700 18.4782
71800 17.9623
71900 17.3675
72000 16.7335
72100 16.1448
72200 15.7087
72300 15.4446
72400 15.3002
72500 15.2373
72600 15.2453
72700 15.3221
72800 15.4533
72900 15.6059
73000 15.7384
73100 15.814
73200 15.8041
73300 15.6874
73400 15.4421
73500 15.0399
73600 14.4502
73700 13.6745
73800 12.7879
73900 11.9013
74000 11.0525
74100 10.3013
74200 9.95445
74300 9.88488
74400 9.90356
74500 10.0357
74600 10.2539
74700 10.5019
74800 10.75
74900 10.9909
75000 11.226
75100 11.4607
75200 11.7063
75300 11.9854
75400 12.3387
75500 12.8175
75600 13.4435
75700 14.1637
75800 14.8885
75900 15.5581
76000 16.1634
76100 16.7352
76200 17.3035
76300 17.8558
76400 18.343
76500 18.72
76600 18.9643
76700 19.0715
76800 19.0399
76900 18.8577
77000 18.4917
77100 17.8879
77200 17.0388
77300 16.0822
77400 15.2023
77500 14.49
77600 13.96
77700 13.5762
77800 13.3002
77900 13.1163
78000 13.0173
78100 12.9856
78200 12.9991
78300 13.0425
78400 13.1107
78500 13.2031
78600 13.3184
78700 13.4517
78800 13.5927
78900 13.7285
79000 13.8516
79100 13.9657
79200 14.0811
79300 14.2082
79400 14.3518
79500 14.5118
79600 14.688
79700 14.8748
79800 15.0557
79900 15.2053
80000 15.3005
80100 15.3302
80200 15.3031
80300 15.2477
80400 15.2036
80500 15.2025
80600 15.2551
80700 15.3655
80800 15.534
80900 15.7497
81000 15.9869
81100 16.2174
81200 16.419
81300 16.5748
81400 16.6668
81500 16.6643
81600 16.5208
81700 16.1924
81800 15.6783
81900 15.039
82000 14.3595
82100 13.7026
82200 13.1174
82300 12.6452
82400 12.3108
82500 12.1197
82600 12.0587
82700 12.0967
82800 12.1975
82900 12.3329
83000 12.4857
83100 12.6481
83200 12.817
83300 12.9903
83400 13.1647
83500 13.3371
83600 13.5068
83700 13.6748
83800 13.8477
83900 14.036
84000 14.2513
84100 14.5122
84200 14.8596
84300 15.377
84400 16.1559
84500 17.161
84600 18.207
84700 19.0907
84800 19.7001
84900 20.0187
85000 20.0689
85100 19.8847
85200 19.5104
85300 19.0103
85400 18.4648
85500 17.9474
85600 17.5049
85700 17.161
85800 16.9236
85900 16.7784
86000 16.6799
86100 16.5679
86200 16.4067
86300 16.1957
86400 15.9424
86500 15.6488
86600 15.3166
86700 14.951
86800 14.5657
86900 14.1805
87000 13.8164
87100 13.4898
87200 13.2054
87300 12.9625
87400 12.7621
87500 12.6036
87600 12.474
87700 12.353
87800 12.2272
87900 12.0912
88000 11.9437
88100 11.7848
88200 11.6194
88300 11.4632
88400 11.3451
88500 11.3029
88600 11.3671
88700 11.5513
88800 11.8593
88900 12.2909
89000 12.8402
89100 13.4905
89200 14.2083
89300 14.9323
89400 15.5767
89500 16.0702
89600 16.3838
89700 16.5243
89800 16.515
89900 16.3869
90000 16.174
90100 15.9164
90200 15.6619
90300 15.459
90400 15.3494
90500 15.3625
90600 15.5218
90700 15.8334
90800 16.2583
90900 16.7295
91000 17.1923
91100 17.5934
91200 17.8591
91300 17.9347
91400 17.8076
91500 17.4942
91600 17.0284
91700 16.4589
91800 15.8421
91900 15.2315
92000 14.6741
92100 14.2137
92200 13.8867
92300 13.7128
92400 13.6928
92500 13.8103
92600 14.0312
92700 14.3047
92800 14.5497
92900 14.6806
93000 14.6623
93100 14.5091
93200 14.251
93300 13.9148
93400 13.5219
93500 13.0945
93600 12.6608
93700 12.2566
93800 11.9174
93900 11.6685
94000 11.5236
94100 11.4898
94200 11.5758
94300 11.7996
94400 12.1791
94500 12.7076
94600 13.3499
94700 14.049
94800 14.742
94900 15.3745
95000 15.8962
95100 16.2624
95200 16.4495
95300 16.463
95400 16.3371
95500 16.1247
95600 15.8822
95700 15.6549
95800 15.4781
95900 15.3934
96000 15.4511
96100 15.6693
96200 15.9641
96300 16.2596
96400 16.7926
96500 17.504
96600 18.1897
96700 18.8101
96800 19.306
96900 19.6021
97000 19.6586
97100 19.4716
97200 19.052
97300 18.414
97400 17.5819
97500 16.6148
97600 15.6312
97700 14.7838
97800 14.1746
97900 13.8164
98000 13.6819
98100 13.7501
98200 14.0063
98300 14.4151
98400 14.8993
98500 15.3635
98600 15.7287
98700 15.9515
98800 16.0155
98900 15.9159
99000 15.6437
99100 15.1815
99200 14.5397
99300 13.813
99400 13.1587
99500 12.7165
99600 12.6033
99700 12.8184
99800 13.2225
99900 13.6639
100000 14.0491
100100 14.3451
100200 14.5495
100300 14.6602
100400 14.6712
100500 14.5817
100600 14.4059
100700 14.1804
100800 13.9581
100900 13.7893
101000 13.7072
101100 13.7406
101200 13.9189
101300 14.2464
101400 14.681
101500 15.1592
101600 15.6343
101700 16.0786
101800 16.4726
101900 16.799
102000 17.0389
102100 17.1658
102200 17.1516
102300 17.0311
102400 16.8913
102500 16.7558
102600 16.8376
102700 17.1976
102800 17.5251
102900 17.6943
103000 17.7104
103100 17.5548
103200 17.2018
103300 16.6748
103400 16.0622
103500 15.4672
103600 14.9092
103700 14.3464
103800 13.8638
103900 13.6329
104000 13.5556
104100 13.5387
104200 13.6395
104300 13.8865
104400 14.222
104500 14.57
104600 14.8794
104700 15.1146
104800 15.2462
104900 15.2478
105000 15.0943
105100 14.7609
105200 14.2342
105300 13.5578
105400 12.8563
105500 12.2021
105600 11.9519
105700 12.4605
105800 13.1764
105900 13.9844
106000 14.696
106100 15.212
106200 15.552
106300 15.7601
106400 15.8592
106500 15.8468
106600 15.7055
106700 15.4236
106800 15.0242
106900 14.5836
107000 14.1914
107100 13.8648
107200 13.5695
107300 13.3569
107400 13.3976
107500 13.6873
107600 14.1489
107700 14.8122
107800 15.5874
107900 16.3401
108000 17.0201
108100 17.606
108200 18.0662
108300 18.3675
108400 18.4769
108500 18.362
108600 17.9853
108700 17.3134
108800 16.3647
108900 15.2906
109000 14.3471
109100 13.6536
109200 13.2514
109300 13.2888
109400 13.5657
109500 13.8793
109600 14.2008
109700 14.5166
109800 14.787
109900 14.9678
110000 15.0345
110100 14.9882
110200 14.8499
110300 14.6518
110400 14.4295
110500 14.2182
110600 14.0552
110700 13.9797
110800 14.0192
110900 14.1775
111000 14.435
111100 14.7556
111200 15.1139
111300 15.5212
111400 15.9477
111500 16.3513
111600 16.727
111700 17.0576
111800 17.3144
111900 17.482
112000 17.5579
112100 17.5484
112200 17.4595
112300 17.2933
112400 17.048
112500 16.7186
112600 16.3051
112700 15.8233
112800 15.3187
112900 14.8653
113000 14.5345
113100 14.3564
113200 14.3235
113300 14.4157
113400 14.606
113500 14.854
113600 15.1053
113700 15.3145
113800 15.4544
113900 15.5147
114000 15.487
114100 15.3484
114200 15.0631
114300 14.6386
114400 14.1881
114500 13.8411
114600 13.6106
114700 13.4533
114800 13.3383
114900 13.2485
115000 13.1802
115100 13.1464
115200 13.1655
115300 13.2543
115400 13.4197
115500 13.6577
115600 13.9523
115700 14.282
115800 14.6286
115900 14.9801
116000 15.3346
116100 15.6964
116200 16.0591
116300 16.4008
116400 16.7149
116500 17.0187
116600 17.3254
116700 17.6126
116800 17.8306
116900 17.95
117000 17.9696
117100 17.9026
117200 17.7612
117300 17.5551
117400 17.2944
117500 16.9885
117600 16.6432
117700 16.2583
117800 15.8316
117900 15.3519
118000 14.7986
118100 14.1537
118200 13.4172
118300 12.6229
118400 11.8503
118500 11.1923
118600 10.6884
118700 10.3155
118800 10.0371
118900 9.83256
119000 9.69883
119100 9.64614
119200 9.69477
119300 9.87137
119400 10.2053
119500 10.7261
119600 11.4591
119700 12.4106
119800 13.5367
119900 14.7121
120000 15.7487
120100 16.5037
120200 16.9582
120300 17.1664
120400 17.188
120500 17.0735
120600 16.8682
120700 16.6189
120800 16.3695
120900 16.1581
121000 16.015
121100 15.9584
121200 15.9874
121300 16.078
121400 16.1858
121500 16.262
121600 16.2752
121700 16.2248
121800 16.1268
121900 15.9939
122000 15.8309
122100 15.6396
122200 15.4223
122300 15.1875
122400 14.9531
122500 14.7493
122600 14.6069
122700 14.5434
122800 14.556
122900 14.6251
123000 14.7232
123100 14.8294
123200 14.933
123300 15.0257
123400 15.0973
123500 15.1373
123600 15.1318
123700 15.0677
123800 14.9353
123900 14.7288
124000 14.455
124100 14.1411
124200 13.8333
124300 13.5853
124400 13.4405
124500 13.4219
124600 13.5314
124700 13.7617
124800 14.1006
124900 14.5288
125000 15.0159
125100 15.5163
125200 15.9724
125300 16.323
125400 16.5134
125500 16.5063
125600 16.2983
125700 15.9366
125800 15.5208
125900 15.1644
126000 14.9387
126100 14.858
126200 14.9122
126300 15.0926
126400 15.3991
126500 15.8269
126600 16.3376
126700 16.8458
126800 17.2494
126900 17.4668
127000 17.4452
127100 17.1571
127200 16.6068
127300 15.8427
127400 14.9586
127500 14.076
127600 13.3116
127700 12.7351
127800 12.3529
127900 12.1316
128000 12.0372
128100 12.0695
128200 12.2422
128300 12.5515
128400 12.9988
128500 13.6351
128600 14.4821
128700 15.4288
128800 16.2836
128900 16.8871
129000 17.1771
129100 17.1897
129200 17.0146
129300 16.73
129400 16.3767
129500 15.9791
129600 15.5645
129700 15.1757
129800 14.8714
129900 14.6984
130000 14.6389
130100 14.6057
130200 14.5795
130300 14.7738
130400 15.1935
130500 15.6574
130600 16.1726
130700 16.6904
130800 17.0711
130900 17.241
131000 17.2177
131100 17.0648
131200 16.8543
131300 16.645
131400 16.4759
131500 16.3553
131600 16.2714
131700 16.2084
131800 16.1528
131900 16.0882
132000 15.9873
132100 15.8103
132200 15.518
132300 15.1149
132400 14.6802
132500 14.2972
132600 13.9391
132700 13.6179
132800 13.5903
132900 13.8013
133000 14.0266
133100 14.3107
133200 14.7027
133300 15.1531
133400 15.594
133500 15.9919
133600 16.342
133700 16.6452
133800 16.8881
133900 17.0324
134000 17.0312
134100 16.8635
134200 16.5556
134300 16.1661
134400 15.744
134500 15.3013
134600 14.8393
134700 14.4135
134800 14.0843
134900 13.85
135000 13.7074
135100 13.6679
135200 13.7431
135300 13.934
135400 14.2271
135500 14.5755
135600 14.901
135700 15.1388
135800 15.2663
135900 15.2896
136000 15.2256
136100 15.0938
136200 14.9147
136300 14.7099
136400 14.5012
136500 14.3103
136600 14.1554
136700 14.0563
136800 14.0447
136900 14.1572
137000 14.3951
137100 14.7113
137200 15.0383
137300 15.3208
137400 15.5235
137500 15.6278
137600 15.6308
137700 15.5412
137800 15.3774
137900 15.1682
138000 14.9471
138100 14.7482
138200 14.6003
138300 14.5204
138400 14.5179
138500 14.5899
138600 14.7137
138700 14.8652
138800 15.03
138900 15.2004
139000 15.3667
139100 15.513
139200 15.6203
139300 15.674
139400 15.6651
139500 15.5848
139600 15.4196
139700 15.1636
139800 14.8361
139900 14.4687
140000 14.0929
140100 13.7463
140200 13.4708
140300 13.2937
140400 13.212
140500 13.1997
140600 13.227
140700 13.2716
140800 13.3196
140900 13.3528
141000 13.3318
141100 13.214
141200 12.9959
141300 12.7176
141400 12.4328
141500 12.1811
141600 11.9783
141700 11.8304
141800 11.747
141900 11.7436
142000 11.8399
142100 12.0566
142200 12.4133
142300 12.925
142400 13.5948
142500 14.4049
142600 15.3269
142700 16.3185
142800 17.3104
142900 18.1874
143000 18.8276
143100 19.1589
143200 19.1835
143300 18.9676
143400 18.6015
143500 18.1632
143600 17.7101
143700 17.2841
143800 16.9175
143900 16.6293
144000 16.4219
144100 16.2797
144200 16.1703
144300 16.0471
144400 15.8529
144500 15.5285
144600 15.0319
144700 14.3595
144800 13.5546
144900 12.7004
145000 11.8945
145100 11.2027
145200 10.6414
145300 10.2001
145400 9.86589
145500 9.63267
145600 9.50118
145700 9.47824
145800 9.5746
145900 9.79675
146000 10.1408
146100 10.5873
146200 11.1038
146300 11.6499
146400 12.1844
146500 12.6741
146600 13.1001
146700 13.4591
146800 13.7552
146900 13.9974
147000 14.1971
147100 14.3707
147200 14.5363
147300 14.7138
147400 14.9242
147500 15.1915
147600 15.5426
147700 16.0023
147800 16.5743
147900 17.2179
148000 17.8493
148100 18.3889
148200 18.7934
148300 19.0578
148400 19.1979
148500 19.2386
148600 19.2071
148700 19.1309
148800 19.0384
148900 18.9583
149000 18.9146
149100 18.9217
149200 18.9719
149300 19.0355
149400 19.0793
149500 19.0792
149600 19.0215
149700 18.898
149800 18.7008
149900 18.4213
150000 18.0513
150100 17.5851
150200 17.0209
150300 16.3651
150400 15.6336
150500 14.8538
150600 14.0653
150700 13.3109
150800 12.6322
150900 12.0673
151000 11.644
151100 11.3646
151200 11.2063
151300 11.1393
151400 11.1436
151500 11.2113
151600 11.3425
151700 11.5434
151800 11.8247
151900 12.2029
152000 12.7004
152100 13.3401
152200 14.1299
152300 15.0305
152400 15.9425
152500 16.7305
152600 17.3006
152700 17.6714
152800 17.9089
152900 18.0526
153000 18.1165
153100 18.1045
153200 18.0187
153300 17.8633
153400 17.6408
153500 17.3467
153600 16.9777
153700 16.532
153800 16.0116
153900 15.4223
154000 14.7739
154100 14.0828
154200 13.3711
154300 12.6621
154400 11.974
154500 11.3215
154600 10.7146
154700 10.1601
154800 9.66091
154900 9.21234
155000 8.79825
155100 8.39822
155200 8.01318
155300 7.67459
155400 7.40756
155500 7.20432
155600 7.04736
155700 6.94562
155800 6.92702
155900 7.00999
156000 7.19973
156100 7.49883
156200 7.91348
156300 8.45236
156400 9.1194
156500 9.89977
156600 10.743
156700 11.5573
156800 12.2432
156900 12.762
157000 13.1551
157100 13.4795
157200 13.771
157300 14.049
157400 14.3286
157500 14.6268
157600 14.963
157700 15.3554
157800 15.8168
157900 16.3526
158000 16.9558
158100 17.5994
158200 18.2389
158300 18.829
158400 19.3478
158500 19.7933
158600 20.17
158700 20.4781
158800 20.7149
158900 20.8826
159000 20.995
159100 21.0624
159200 21.0695
159300 20.9798
159400 20.7722
159500 20.4536
159600 20.0467
159700 19.5834
159800 19.0971
159900 18.6222
160000 18.1858
160100 17.8022
160200 17.4713
160300 17.1825
160400 16.9141
160500 16.6336
160600 16.3103
160700 15.9253
160800 15.4832
160900 15.0096
161000 14.5394
161100 14.0995
161200 13.7007
161300 13.3446
161400 13.0348
161500 12.7784
161600 12.5859
161700 12.4669
161800 12.4306
161900 12.4913
162000 12.6741
162100 13.0117
162200 13.5141
162300 14.134
162400 14.7934
162500 15.4304
162600 16.0071
162700 16.505
162800 16.9162
162900 17.2386
163000 17.4769
163100 17.6423
163200 17.7526
163300 17.8315
163400 17.9006
163500 17.9803
163600 18.1056
163700 18.3419
163800 18.7518
163900 19.333
164000 19.9939
164100 20.6074
164200 21.0793
164300 21.3641
164400 21.4467
164500 21.3245
164600 20.9986
164700 20.4732
164800 19.7597
164900 18.8827
165000 17.8953
165100 16.8809
165200 15.9449
165300 15.1786
165400 14.6173
165500 14.2308
165600 13.9609
165700 13.7567
165800 13.5837
165900 13.4203
166000 13.2544
166100 13.079
166200 12.8918
166300 12.6935
166400 12.4885
166500 12.2889
166600 12.1233
166700 12.037
166800 12.0685
166900 12.231
167000 12.5206
167100 12.923
167200 13.405
167300 13.9117
167400 14.3814
167500 14.7633
167600 15.0236
167700 15.1459
167800 15.1309
167900 15.0023
168000 14.8157
168100 14.6466
168200 14.5565
168300 14.5668
168400 14.6706
168500 14.8531
168600 15.0964
168700 15.374
168800 15.651
168900 15.8926
169000 16.0681
169100 16.1505
169200 16.1021
169300 15.8549
169400 15.3727
169500 14.7111
169600 13.9745
169700 13.2699
169800 12.6798
169900 12.2496
170000 11.9938
170100 11.905
170200 11.9566
170300 12.1012
170400 12.274
170500 12.4116
170600 12.4756
170700 12.4559
170800 12.3615
170900 12.2098
171000 12.0212
171100 11.8187
171200 11.6265
171300 11.468
171400 11.3675
171500 11.35
171600 11.4395
171700 11.6541
171800 12.0074
171900 12.5068
172000 13.1469
172100 13.8932
172200 14.6794
172300 15.4286
172400 16.0759
172500 16.5797
172600 16.9205
172700 17.1
172800 17.1405
172900 17.0861
173000 16.9943
173100 16.9318
173200 16.9702
173300 17.1812
173400 17.6414
173500 18.4378
173600 19.63
173700 21.134
173800 22.6983
173900 24.0584
174000 25.061
174100 25.6504
174200 25.8101
174300 25.5238
174400 24.7685
174500 23.5497
174600 21.9982
174700 20.4667
174800 19.3447
174900 18.6755
175000 18.2909
175100 18.0812
175200 17.993
175300 17.9894
175400 18.0285
175500 18.044
175600 17.959
175700 17.7221
175800 17.3206
175900 16.7729
176000 16.1146
176100 15.3933
176200 14.6647
176300 13.9881
176400 13.4178
176500 12.9893
176600 12.7124
176700 12.579
176800 12.5659
176900 12.6432
177000 12.7812
177100 12.9525
177200 13.1335
177300 13.304
177400 13.446
177500 13.5515
177600 13.6344
177700 13.732
177800 13.8727
177900 14.0606
178000 14.2855
178100 14.5348
178200 14.7971
178300 15.0617
178400 15.3164
178500 15.5484
178600 15.7435
178700 15.8859
178800 15.963
178900 15.9693
179000 15.9084
179100 15.7922
179200 15.6455
179300 15.5043
179400 15.4081
179500 15.3891
179600 15.4621
179700 15.622
179800 15.8451
179900 16.09
180000 16.3055
180100 16.4375
180200 16.4377
180300 16.2657
180400 15.8857
180500 15.2907
180600 14.5682
180700 13.8999
180800 13.414
180900 13.1175
181000 12.9733
181100 12.9549
181200 13.0513
181300 13.2597
181400 13.5768
181500 13.9899
181600 14.4735
181700 14.997
181800 15.5287
181900 16.0343
182000 16.4715
182100 16.7976
182200 16.9886
182300 17.053
182400 17.0195
182500 16.9006
182600 16.6974
182700 16.4656
182800 16.3599
182900 16.5221
183000 16.9145
183100 17.441
183200 18.054
183300 18.7234
183400 19.3863
183500 19.9339
183600 20.2569
183700 20.2847
183800 19.9905
183900 19.3816
184000 18.5039
184100 17.4518
184200 16.3512
184300 15.3135
184400 14.4105
184500 13.6791
184600 13.1416
184700 12.792
184800 12.5977
184900 12.5186
185000 12.5284
185100 12.6188
185200 12.79
185300 13.033
185400 13.3267
185500 13.632
185600 13.8962
185700 14.0708
185800 14.1273
185900 14.0685
186000 13.9295
186100 13.7636
186200 13.6173
186300 13.5229
186400 13.4989
186500 13.5563
186600 13.7006
186700 13.9333
186800 14.2492
186900 14.6322
187000 15.0492
187100 15.4516
187200 15.7772
187300 15.9698
187400 16.0095
187500 15.9221
187600 15.7558
187700 15.5557
187800 15.3574
187900 15.1881
188000 15.0672
188100 15.0106
188200 15.0283
188300 15.123
188400 15.287
188500 15.4984
188600 15.7149
188700 15.8881
188800 15.9814
188900 15.9832
189000 15.9066
189100 15.778
189200 15.6221
189300 15.4527
189400 15.2776
189500 15.1039
189600 14.9411
189700 14.7992
189800 14.6911
189900 14.6269
190000 14.6105
190100 14.6384
190200 14.6971
190300 14.7648
190400 14.8172
190500 14.8331
190600 14.7932
190700 14.6858
190800 14.508
190900 14.268
191000 13.9886
191100 13.71
191200 13.4766
191300 13.3168
191400 13.2338
191500 13.2237
191600 13.3095
191700 13.5243
191800 13.8507
191900 14.2517
192000 14.6891
192100 15.1144
192200 15.4789
192300 15.7503
192400 15.9143
192500 15.966
192600 15.9085
192700 15.7519
192800 15.5143
192900 15.2156
193000 14.8769
193100 14.5137
193200 14.1395
193300 13.8012
193400 13.6077
193500 13.6352
193600 13.8364
193700 14.127
193800 14.4631
193900 14.829
194000 15.1973
194100 15.5171
194200 15.7338
194300 15.8051
194400 15.7097
194500 15.447
194600 15.0446
194700 14.5683
194800 14.115
194900 13.7749
195000 13.5972
195100 13.5958
195200 13.7689
195300 14.1157
195400 14.6408
195500 15.3432
195600 16.1815
195700 17.0534
195800 17.8345
195900 18.4326
196000 18.7984
196100 18.9075
196200 18.7443
196300 18.3081
196400 17.6532
196500 16.9192
196600 16.2494
196700 15.6951
196800 15.2447
196900 14.8939
197000 14.6666
197100 14.5953
197200 14.6813
197300 14.8775
197400 15.1158
197500 15.341
197600 15.5284
197700 15.6764
197800 15.7844
197900 15.8341
198000 15.8068
198100 15.7075
198200 15.5585
198300 15.3855
198400 15.2096
198500 15.0473
198600 14.9142
198700 14.825
198800 14.7922
198900 14.8235
199000 14.9186
199100 15.0694
199200 15.2583
199300 15.4616
199400 15.6543
199500 15.812
199600 15.9098
199700 15.9271
199800 15.8577
199900 15.7093
200000 15.4988
