# Fix print output for fix totenergy
-4853.20121198728
-4853.17133614318
-4853.15816912616
-4853.11912549184
-4853.02206320766
-4852.84187139765
-4852.64991253641
-4852.46272877425
-4852.31557197996
-4852.21216372363
-4852.15822755629
-4852.25994536916
-4852.48583782397
-4852.7851942261
-4853.08904818375
-4853.35055403367
-4853.55489310683
-4853.70954004838
-4853.82726053663
-4853.92019066848
-4853.99697755967
-4854.06509658562
-4854.13227997384
-4854.20854069337
-4854.30218444615
-4854.41054592432
-4854.5180363017
-4854.6103603812
-4854.68191268472
-4854.73300208907
-4854.7640887011
-4854.77289919518
-4854.75243662763
-4854.68883923043
-4854.55913257202
-4854.33157424415
-4853.98306008602
-4853.54826633429
-4853.17641638896
-4853.08345166771
-4853.36455560369
-4853.87471294832
-4854.36084082187
-4854.68616605864
-4854.86871068552
-4854.96994643793
-4855.02786730944
-4855.05695291681
-4855.05967348464
-4855.03466073564
-4854.98136450992
-4854.90181706685
-4854.80003882909
-4854.67967500032
-4854.54474011614
-4854.41012098147
-4854.31902955143
-4854.3371258114
-4854.50486393369
-4854.81573944139
-4855.24450420797
-4855.75442550032
-4856.29476110902
-4856.82393628818
-4857.32261859695
-4857.78635356043
-4858.20780143084
-4858.56937403949
-4858.85886796152
-4859.08618389814
-4859.27567221936
-4859.44951472026
-4859.62181631872
-4859.79989964653
-4859.9844196291
-4860.16611233131
-4860.32929236542
-4860.4639613901
-4860.57237940248
-4860.66468157584
-4860.75236602348
-4860.83985381135
-4860.92133594801
-4860.98950278281
-4861.04123225169
-4861.07767568325
-4861.10074276981
-4861.11157777133
-4861.10816470488
-4861.08075276208
-4861.00155584041
-4860.80222948343
-4860.35389774969
-4859.58116674057
-4858.78572342176
-4858.4501532594
-4858.55690567107
-4858.76725465209
-4858.90411922715
-4858.96184643596
-4858.97293818431
-4858.95662099886
-4858.91743770855
-4858.85500534963
-4858.77573997936
-4858.70382885032
-4858.68446939772
-4858.76947055896
-4858.9887497176
-4859.32984706253
-4859.74245028283
-4860.15810846661
-4860.51011975523
-4860.75087711885
-4860.87302720678
-4860.91132642683
-4860.9106391215
-4860.89658499049
-4860.87438013081
-4860.83581743544
-4860.76221720691
-4860.6360007074
-4860.46114740616
-4860.26069660177
-4860.0536227407
-4859.84350679652
-4859.62224061332
-4859.37561918781
-4859.094647048
-4858.81167745089
-4858.65869523663
-4858.82068247005
-4859.29022788002
-4859.82865521401
-4860.22858676115
-4860.46810302013
-4860.62841103484
-4860.74762280506
-4860.81814459015
-4860.84203266318
-4860.83477770009
-4860.80861049806
-4860.76777799467
-4860.70618271062
-4860.60375409334
-4860.42904690991
-4860.16475703871
-4859.85609098431
-4859.60153746686
-4859.44028238439
-4859.35535998509
-4859.24830194875
-4859.13376454403
-4858.95956326729
-4858.44943069601
-4857.26040576762
-4855.65291077925
-4855.50983487664
-4856.5515013162
-4857.3034566474
-4857.61679694611
-4857.74206963822
-4857.79954642145
-4857.82281393264
-4857.8282161369
-4857.85663158124
-4858.00861156615
-4858.40187669097
-4858.969350081
-4859.44969996974
-4859.74612760496
-4859.92961281193
-4860.06257958296
-4860.17805863595
-4860.29808876723
-4860.4260785702
-4860.53565626799
-4860.60217978636
-4860.62618846894
-4860.61915796658
-4860.58691247184
-4860.52488403714
-4860.42138242299
-4860.27217779008
-4860.10234650292
-4859.95414413335
-4859.84448191465
-4859.79279915379
-4859.74055689036
-4859.71087468689
-4859.69527078287
-4859.65522630505
-4859.55525982735
-4859.31877864768
-4858.9955660068
-4858.8058418077
-4858.90645839754
-4859.13158517921
-4859.32000696557
-4859.44091360942
-4859.51881174625
-4859.57656961445
-4859.62531024805
-4859.67245240228
-4859.73680090082
-4859.86847981969
-4860.13567644418
-4860.49968607437
-4860.77286773391
-4860.88206578699
-4860.90655020536
-4860.91279339032
-4860.92132512756
-4860.92273303717
-4860.89262545689
-4860.80999114181
-4860.65813962751
-4860.40713756134
-4860.00045116787
-4859.41714469546
-4858.80568267281
-4858.38176675878
-4858.20340162911
-4858.20158882946
-4858.28789266813
-4858.40125380876
-4858.5132694885
-4858.61787094963
-4858.72248423965
-4858.84460561961
-4859.008065181
-4859.22017642736
-4859.4288340347
-4859.56454847665
-4859.63802876192
-4859.70492957291
-4859.80103918442
-4859.93658909909
-4860.10195253413
-4860.27149720652
-4860.41754761876
-4860.52767837885
-4860.60580498694
-4860.66380807907
-4860.71413731402
-4860.76928122447
-4860.84238842821
-4860.93723747302
-4861.03710065599
-4861.11861625102
-4861.17044290216
-4861.19504306458
-4861.19814472839
-4861.17917091877
-4861.12711165966
-4861.02325514256
-4860.85064875624
-4860.61009027842
-4860.32727849193
-4860.04076133571
-4859.77769246051
-4859.54408468769
-4859.33526384783
-4859.15047390924
-4859.00047268806
-4858.90232226274
-4858.86370758214
-4858.87481999208
-4858.91796613599
-4858.98565000103
-4859.09019022955
-4859.26059991099
-4859.51964757042
-4859.83223529423
-4860.10935447307
-4860.30472444896
-4860.43388635203
-4860.5224486122
-4860.58420569583
-4860.62316083877
-4860.63831321725
-4860.62634880496
-4860.58227388178
-4860.49783718437
-4860.35697849567
-4860.12785452388
-4859.76333742003
-4859.25039980943
-4858.72027250607
-4858.44163420358
-4858.54083700663
-4858.84654125415
-4859.12862149501
-4859.30573263808
-4859.40223407537
-4859.45536496372
-4859.48485294087
-4859.49696797366
-4859.4897492206
-4859.44484415176
-4859.2986548178
-4858.90127414268
-4858.11974956585
-4857.38545454655
-4857.69880146588
-4858.90392776752
-4859.83646715079
-4860.23650378121
-4860.39556862838
-4860.47262791554
-4860.51113633583
-4860.52260931965
-4860.51291735757
-4860.4846176894
-4860.43675115533
-4860.36184914754
-4860.23427240563
-4860.0048131954
-4859.642877008
-4859.21511498659
-4858.84788664647
-4858.5858058415
-4858.37824176248
-4858.1512913968
-4857.82739505687
-4857.30649711334
-4856.53568876174
-4855.74960209576
-4855.41827612326
-4855.62605199044
-4856.04125870303
-4856.32773118971
-4856.50689045419
-4856.64714120647
-4856.77450774927
-4856.85956568422
-4856.98579794921
-4857.13559654658
-4857.3355915591
-4857.60564343685
-4857.92611925471
-4858.23503467376
-4858.48968634072
-4858.68999674913
-4858.84762851867
-4858.9740669578
-4859.08431802388
-4859.19640903608
-4859.32591024152
-4859.48336225741
-4859.67263435288
-4859.88675208656
-4860.10678963245
-4860.30643410772
-4860.46250383059
-4860.56426082892
-4860.61762400026
-4860.63709861061
-4860.6351366271
-4860.61048780373
-4860.52144298433
-4860.22906332232
-4859.60619091696
-4858.86297874919
-4858.3454591068
-4858.27266956477
-4858.5952929801
-4858.93100649341
-4859.16341608274
-4859.20147084354
-4859.31273372796
-4859.50656122659
-4859.74653991907
-4859.96169657101
-4860.09513760982
-4860.15489186546
-4860.17750426579
-4860.18534555881
-4860.17367767114
-4860.10096450737
-4859.86214887695
-4859.29130128302
-4858.41583613068
-4857.80501301626
-4857.91551672608
-4858.50191017995
-4859.13896714631
-4859.59523965974
-4859.88248113274
-4860.07389393135
-4860.19515099047
-4860.25630629183
-4860.27402991777
-4860.26413769708
-4860.23244249782
-4860.17174959126
-4860.0631150627
-4859.88547370747
-4859.65324509193
-4859.47053658178
-4859.47981890543
-4859.67909538544
-4859.91901791065
-4860.08789710783
-4860.16957969126
-4860.19221554673
-4860.18350554569
-4860.1562557043
-4860.11358442113
-4860.05593887954
-4859.98333492113
-4859.89738309125
-4859.80211914725
-4859.69351696828
-4859.5265638571
-4859.20975025414
-4858.73113413745
-4858.32254125026
-4858.22520931119
-4858.39840939614
-4858.67969511261
-4858.96036783561
-4859.20576116477
-4859.41778665526
-4859.60465935675
-4859.77677166241
-4859.95478093561
-4860.16695957754
-4860.40592464488
-4860.60691735034
-4860.73466710796
-4860.79902532761
-4860.81984647281
-4860.8154107127
-4860.80135660627
-4860.78721020505
-4860.77006120725
-4860.72893733571
-4860.62490206723
-4860.41975558643
-4860.12803504717
-4859.84428096789
-4859.65001848257
-4859.54274073314
-4859.48764711631
-4859.46968234036
-4859.50349886842
-4859.61576709697
-4859.79843764105
-4859.98770525381
-4860.12911788407
-4860.22974115983
-4860.34754211395
-4860.42525571408
-4860.49109456126
-4860.55187285306
-4860.58314463547
-4860.64364886053
-4860.70109117365
-4860.74974505056
-4860.78271166422
-4860.7950270658
-4860.78145322118
-4860.72552027933
-4860.57243955558
-4860.175335655
-4859.33501761653
-4858.27698302409
-4857.73116741459
-4857.8940882021
-4858.3173308319
-4858.71694771437
-4859.01323825983
-4859.22444924548
-4859.37450871982
-4859.48158571044
-4859.53421067958
-4859.59985018121
-4859.67379852975
-4859.78609597763
-4859.93983164563
-4860.08832307051
-4860.18633241223
-4860.22885462955
-4860.23317101837
-4860.21582001221
-4860.18718829354
-4860.1629809786
-4860.17205165613
-4860.22083036082
-4860.26384391996
-4860.27252603087
-4860.27814788711
-4860.22444124628
-4860.09446578065
-4859.79746542668
-4859.35174132219
-4858.79684502876
-4858.37327316066
-4858.27651279264
-4858.45975613543
-4858.77949857861
-4859.12465491021
-4859.43027459228
-4859.67833688467
-4859.88781775823
-4860.07697414567
-4860.24839191299
-4860.39788685706
-4860.51680223121
-4860.58879363206
-4860.61093630624
-4860.60254502047
-4860.60354907684
-4860.55111633064
-4860.46252937088
-4860.33288058372
-4860.16974744814
-4860.00533048461
-4859.84921460799
-4859.76874465377
-4859.7354012302
-4859.75457212063
-4859.8087307982
-4859.85958609754
-4859.88739389938
-4859.89247081018
-4859.87943753873
-4859.85636769119
-4859.84768590319
-4859.90028815678
-4860.04574153843
-4860.24103791648
-4860.40924311626
-4860.52372478493
-4860.59891013975
-4860.6627965271
-4860.74979595224
-4860.87538782477
-4861.00596081909
-4861.09875139686
-4861.14525371872
-4861.1609298045
-4861.16279138495
-4861.15760098131
-4861.13628276473
-4861.06486183905
-4860.87289878488
-4860.49205577137
-4860.00766324479
-4859.64608389513
-4859.47544111499
-4859.41225004439
-4859.39389448529
-4859.40485344724
-4859.4527782654
-4859.5320789355
-4859.60688252486
-4859.64855159445
-4859.65653633754
-4859.63497080025
-4859.56021293345
-4859.35436511972
-4858.90863525922
-4858.31094789416
-4858.08538994457
-4858.54855886822
-4859.21108095526
-4859.60954153702
-4859.79119276453
-4859.90016318844
-4859.98875223517
-4860.06393513788
-4860.12356130524
-4860.1651809087
-4860.18542132765
-4860.18150390937
-4860.14790665953
-4860.06124330212
-4859.858780725
-4859.43654619122
-4858.79016843611
-4858.27929756792
-4858.2447521584
-4858.48964754557
-4858.73028990287
-4858.87709778925
-4859.06681268532
-4859.30894844082
-4859.4435818311
-4859.56822686375
-4859.67647349434
-4859.78634181618
-4859.91118882526
-4860.06879074034
-4860.27409903424
-4860.51530949615
-4860.74714907905
-4860.92768695351
-4861.04683107868
-4861.11759585765
-4861.1605446252
-4861.18984140453
-4861.21058947096
-4861.22201566053
-4861.22140684922
-4861.2023595542
-4861.14437876785
-4860.98473784437
-4860.61319170637
-4860.04805225556
-4859.51858633254
-4859.21323413908
-4859.11175522451
-4859.1830790101
-4859.21292915328
-4859.23776532788
-4859.218963307
-4859.18089661415
-4859.15798033408
-4859.08566422095
-4858.93574693524
-4858.71075804345
-4858.44984374431
-4858.18927858763
-4857.93926791579
-4857.6937658145
-4857.46108541308
-4857.31329393959
-4857.42056604507
-4857.92917690171
-4858.69395879149
-4859.3572933933
-4859.75257431263
-4859.93551331635
-4860.00445821362
-4860.0258974717
-4860.02537104429
-4859.99863048382
-4859.92565803109
-4859.77870231858
-4859.54144301061
-4859.26456841367
-4859.06646910094
-4859.02551517255
-4859.14785846672
-4859.41370000423
-4859.75072082605
-4860.02293717364
-4860.16891236916
-4860.22751724967
-4860.24717543569
-4860.25364077116
-4860.25474020004
-4860.24411292124
-4860.19816866667
-4860.06651349406
-4859.76646697138
-4859.23438446918
-4858.6065574448
-4858.28796534275
-4858.51345149492
-4859.02941234848
-4859.48431260894
-4859.76414186281
-4859.91460181197
-4859.99937264446
-4860.05312607823
-4860.08840676611
-4860.11114101227
-4860.12628573694
-4860.13505197292
-4860.11885385877
-4860.03624815963
-4859.85847955157
-4859.627260926
-4859.47100625046
-4859.4864109347
-4859.62795253431
-4859.78555343405
-4859.90032118267
-4859.9705019854
-4860.01015704465
-4860.02585686359
-4860.0155735096
-4859.9757708109
-4859.90258539861
-4859.78136837887
-4859.57758024767
-4859.28801274085
-4859.07543368303
-4859.20326781407
-4859.62900567491
-4860.04115215005
-4860.28384419544
-4860.39991909587
-4860.46322850919
-4860.50891061237
-4860.54223997395
-4860.55744259701
-4860.54805389541
-4860.50658245438
-4860.40641598119
-4860.13068355952
-4859.3747482929
-4858.16597205694
-4857.53858560172
-4857.94179335342
-4858.655653201
-4859.14149037665
-4859.37594068424
-4859.47254369941
-4859.50752016588
-4859.5129010491
-4859.4920536848
-4859.42680882524
-4859.28349883436
-4859.03054020614
-4858.67375532845
-4858.29415856811
-4858.03811487775
-4858.01913122619
-4858.39004578163
-4859.19218714297
-4859.95404505172
-4860.38931896903
-4860.61519157267
-4860.74461006347
-4860.81776030288
-4860.84939111002
-4860.85096451595
-4860.83321685953
-4860.8008855082
-4860.74224856877
-4860.61360622211
-4860.34215117418
-4859.92320605118
-4859.52094905212
-4859.27733712052
-4859.2011395989
-4859.1953719171
-4859.20307768458
-4859.23413658727
-4859.26500262225
-4859.36109651099
-4859.50174280027
-4859.63494399098
-4859.71991789174
-4859.76298438931
-4859.78110901865
-4859.77533848021
-4859.71188166854
-4859.50176104302
-4859.04982198107
-4858.45378052693
-4858.11098874338
-4858.36945996211
-4858.95399423677
-4859.46563919214
-4859.75271396495
-4859.94231872105
-4860.08603325447
-4860.20482562093
-4860.29029271976
-4860.33730611285
-4860.35105566036
-4860.33831844385
-4860.29145327666
-4860.15863405294
-4859.78149970127
-4858.89632547005
-4857.69097936989
-4857.24394667515
-4857.9348847946
-4858.91179846166
-4859.50790211473
-4859.75833530688
-4859.85914576173
-4859.90219078969
-4859.91256701068
-4859.90086797346
-4859.87523591176
-4859.83691076319
-4859.78188282557
-4859.70077683938
-4859.57608075812
-4859.38593934516
-4859.11959581474
-4858.80651957326
-4858.55491409996
-4858.55629320299
-4858.90946490767
-4859.38693739324
-4859.67727174513
-4859.78846049345
-4859.86000906993
-4859.94252897815
-4860.02760743878
-4860.10047526976
-4860.15713716885
-4860.20152675025
-4860.24034217687
-4860.27909862972
-4860.31988534731
-4860.36524004818
-4860.42341560703
-4860.50172866276
-4860.5902159546
-4860.6635980641
-4860.70589591806
-4860.71911152945
-4860.71208809386
-4860.68578054235
-4860.61887705529
-4860.46189948627
-4860.16022312018
-4859.71358938611
-4859.23103165428
-4858.8869699582
-4858.78158448428
-4858.8902938834
-4859.11519994168
-4859.34841216562
-4859.5318710811
-4859.66807336666
-4859.78623420205
-4859.90601719861
-4860.02767813205
-4860.14672921623
-4860.26568810105
-4860.3935528296
-4860.53398123995
-4860.67875814503
-4860.81299419444
-4860.92389267988
-4861.00482271617
-4861.05522618227
-4861.07788050077
-4861.0745526189
-4861.037547302
-4860.92778487989
-4860.60656097087
-4859.75395052138
-4858.37252673355
-4857.47968704436
-4857.62055202885
-4858.23004856713
-4858.75418863612
-4859.08064717324
-4859.27845290776
-4859.41187856809
-4859.5112973915
-4859.58571962758
-4859.63497788391
-4859.6584445416
-4859.65755737339
-4859.63028885053
-4859.57831273156
-4859.54896869716
-4859.68518147715
-4860.08547043509
-4860.5424487107
-4860.82302818058
-4860.94518047169
-4860.99811030724
-4861.02733788254
-4861.0437934532
-4861.04336388621
-4861.01729031015
-4860.95422269117
-4860.83182984968
-4860.59745867684
-4860.17486395154
-4859.57721664941
-4859.04474477362
-4858.84622390948
-4858.93936172014
-4859.1015933095
-4859.20979626489
-4859.25699117324
-4859.26579036261
-4859.24636178106
-4859.19664707308
-4859.11840604254
-4859.02648281402
-4858.9394196142
-4858.87599166226
-4858.85216895255
-4858.87071694542
-4858.93525649574
-4859.06243360847
-4859.27978555984
-4859.60635307606
-4859.99092916103
-4860.32064882192
-4860.53818287139
-4860.66610935196
-4860.74336779676
-4860.79221001437
-4860.818934242
-4860.82121761709
-4860.79219055689
-4860.7208819017
-4860.58749180372
-4860.33531438994
-4859.81920092532
-4858.96861467649
-4858.17875493236
-4857.92774762481
-4858.22376123256
-4858.78366103734
-4859.31780277355
-4859.69894217803
-4859.95313727131
-4860.13736685006
-4860.28372819539
-4860.40156329162
-4860.49075274647
-4860.55059776068
-4860.58163380126
-4860.58476525779
-4860.56007627256
-4860.49557580176
-4860.34183043683
-4859.96111656899
-4859.07036148327
-4857.54474694252
-4856.17219675183
-4855.80963888823
-4856.13228775701
-4856.54423949343
-4856.86244807809
-4857.13270137611
-4857.42501782113
-4857.77941303964
-4858.19359727504
-4858.61031995405
-4858.9497234117
-4859.17863604418
-4859.32353324413
-4859.43274530007
-4859.54562549182
-4859.66530757344
-4859.76511254202
-4859.83932434799
-4859.90560528582
-4859.97983438591
-4860.06795551512
-4860.16827175254
-4860.2741496911
-4860.37143959204
-4860.4502248961
-4860.51159322103
-4860.55831876691
-4860.58708833635
-4860.59282038306
-4860.57093546483
-4860.50597820495
-4860.35283295541
-4860.03209695337
-4859.49989904527
-4858.90729733861
-4858.53084678977
-4858.37382123061
-4858.29142469741
-4858.27736941982
-4858.36187230296
-4858.48423258236
-4858.58951067815
-4858.64979376088
-4858.68132988412
-4858.70974559266
-4858.74610100727
-4858.80549897091
-4858.9611066865
-4859.30824896283
-4859.76288712642
-4860.11304782598
-4860.30171235924
-4860.39529548886
-4860.45651013452
-4860.5133911945
-4860.57166029496
-4860.63249554081
-4860.68812595142
-4860.72218619573
-4860.72841064207
-4860.70601935303
-4860.63149264637
-4860.42037001728
-4859.92667207418
-4859.1456810748
-4858.42889689711
-4858.06859829532
-4858.00009616464
-4858.00585668901
-4858.13063571447
-4858.5000935149
-4858.9941231961
-4859.43263264019
-4859.72316497379
-4859.9193027359
-4860.06194237098
-4860.16484957789
-4860.23391351981
-4860.2736131799
-4860.28984778256
-4860.28857564429
-4860.27320734948
-4860.24522967747
-4860.20563645226
-4860.16196557577
-4860.14053225183
-4860.16319181515
-4860.2013730385
-4860.21803104069
-4860.20687379004
-4860.16918676528
-4860.08677959652
-4859.88003706387
-4859.32154191617
-4858.14993159432
-4856.95511178282
-4856.76977055679
-4857.31080112309
-4857.8141759345
-4858.19472244945
-4858.48552708938
-4858.64306706895
-4858.78605642948
-4858.93743480438
-4859.12902104696
-4859.36877533725
-4859.61728147431
-4859.80027512795
-4859.94027992569
-4860.01901915694
-4860.06336684691
-4860.08068965046
-4860.0873293199
-4860.06166871616
-4860.06337125814
-4860.08823494951
-4860.16066627699
-4860.25624021754
-4860.33434551099
-4860.37897933581
-4860.39257647431
-4860.38351881092
-4860.34503430065
-4860.22426237449
-4859.92975402248
-4859.48455622122
-4859.09956841055
-4858.8907154338
-4858.80984933896
-4858.69470358843
-4858.8340201717
-4859.43481001955
-4860.09448393921
-4860.42770779222
-4860.52679480344
-4860.5529950184
-4860.56637605382
-4860.56876855838
-4860.54293463288
-4860.47815854004
-4860.3923824441
-4860.31972838467
-4860.26364608609
-4860.23492938756
-4860.16440873213
-4860.08410573688
-4859.94818211393
-4859.61877008927
-4859.1898017301
-4858.9660088517
-4859.06590299035
-4859.24481878569
-4859.35260790786
-4859.40393552746
-4859.41748721008
-4859.4040444354
-4859.37114253523
-4859.30634880855
-4859.14957355541
-4858.81292503063
-4858.3977825824
-4858.3914103733
-4858.88868687326
-4859.42485203605
-4859.69169838477
-4859.78455068456
-4859.93621333014
-4860.03036870403
-4860.12827337473
-4860.21896606957
-4860.30345779819
-4860.37216108647
-4860.42111818406
-4860.45552443758
-4860.47853462138
-4860.48346305185
-4860.45474484632
-4860.36842959029
-4860.20000246742
-4859.96787849346
-4859.76281972418
-4859.64449373291
-4859.57347601351
-4859.52058516379
-4859.45884294891
-4859.2560745399
-4858.98906441438
-4858.77905606398
-4858.72215206816
-4858.86203430382
-4859.08328171671
-4859.26584830631
-4859.3825944599
-4859.45505962106
-4859.50805679198
-4859.55631124507
-4859.60654202966
-4859.66451455639
-4859.74768086079
-4859.89727927792
-4860.14779669664
-4860.43977643334
-4860.64713903323
-4860.74213177471
-4860.78909738311
-4860.83356120409
-4860.88123330713
-4860.92181073013
-4860.9441255418
-4860.94081458891
-4860.90800580332
-4860.83650167057
-4860.68187025771
-4860.31246126116
-4859.58995070928
-4858.78131161404
-4858.45742932089
-4858.67585519293
-4859.13667271812
-4859.54562195065
-4859.85320761278
-4860.06908364284
-4860.1921788169
-4860.30057457612
-4860.38275728105
-4860.45329574013
-4860.52120283186
-4860.58203925505
-4860.62382052918
-4860.6409119596
-4860.62989500152
-4860.56596380288
-4860.36692667441
-4859.87919417936
-4859.03781807694
-4858.18338836806
-4857.81506070225
-4858.04721967821
-4858.67233449686
-4859.41193065972
-4860.01340624105
-4860.38017357355
-4860.56398014158
-4860.64500676114
-4860.67633826909
-4860.68017305742
-4860.65579018673
-4860.58632545676
-4860.45031519311
-4860.23513338113
-4859.93410456839
-4859.52669736733
-4858.98248177719
-4858.3249496468
-4857.7583421179
-4857.66139755561
-4858.13459663737
-4858.72286280034
-4859.06379967636
-4859.21433792481
-4859.29760766886
-4859.360291588
-4859.40815816828
-4859.43581886737
-4859.43830475508
-4859.41239089623
-4859.34868804401
-4859.22300549015
-4859.01188080557
-4858.75822304686
-4858.6481593744
-4858.91050446356
-4859.46382660129
-4859.93862331983
-4860.19034282112
-4860.3086376455
-4860.37571720669
-4860.41957538371
-4860.44331643153
-4860.44307281489
-4860.41220476879
-4860.33517088767
-4860.17185871953
-4859.84069873789
-4859.26624585995
-4858.58333028099
-4858.24784835241
-4858.53279710535
-4859.07714766636
-4859.42223216525
-4859.53650779319
-4859.57109770016
-4859.60138894829
-4859.63629947006
-4859.66397194404
-4859.67584789511
-4859.68700095226
-4859.74594646471
-4859.91336247338
-4860.21705514184
-4860.60871636405
-4860.95420851671
-4861.14607447487
-4861.21763014511
-4861.23964944541
-4861.24575830157
-4861.24600586882
-4861.24181506818
-4861.2303769645
-4861.20407492249
-4861.14960166538
-4861.05229794088
-4860.90876116672
-4860.73924291421
-4860.57769150822
-4860.44541626192
-4860.34130706692
-4860.2540235459
-4860.17427303917
-4860.0940921462
-4860.00297412514
-4859.88972139465
-4859.75026029607
-4859.59247896056
-4859.42736450503
-4859.258716005
-4859.09523551921
-4858.98691058268
-4859.04243911785
-4859.34171809045
-4859.7742027865
-4860.10681760422
-4860.2558287642
-4860.29513537623
-4860.29818622636
-4860.28658099711
-4860.24240086833
-4860.13168086082
-4859.94766389049
-4859.73837343426
-4859.55627910206
-4859.41180762107
-4859.28800977415
-4859.1675487042
-4859.06537549945
-4859.04327380358
-4859.16704558845
-4859.42151869624
-4859.68106668484
-4859.8383587021
-4859.9021621096
-4859.95398812633
-4859.94823188833
-4859.9083564273
-4859.82872270117
-4859.69394339093
-4859.4247088853
-4858.92886802957
-4858.12677227374
-4857.4602962702
-4857.36695206337
-4857.78267552178
-4858.43416957316
-4859.08344308718
-4859.5721671075
-4859.87074440497
-4860.0322555466
-4860.11312410732
-4860.14908983617
-4860.1579041376
-4860.14734738019
-4860.11902987536
-4860.09662205187
-4860.01361343472
-4859.91446138545
-4859.83950339195
-4859.60628433128
-4859.14681038955
-4858.51336801851
-4858.02117940682
-4858.00275675098
-4858.27303139991
-4858.58229986667
-4858.83328555748
-4859.01270606046
-4859.12689581356
-4859.18608542214
-4859.21554223649
-4859.23926162999
-4859.26338023625
-4859.28111475808
-4859.27926156655
-4859.24820929527
-4859.20927102629
-4859.24532510911
-4859.44716892614
-4859.74982323876
-4859.98121685545
-4860.15006741276
-4860.22253777898
-4860.23678285182
-4860.23301015526
-4860.18075029974
-4860.1300195176
-4860.05090436923
-4859.95265333243
-4859.8271098275
-4859.65591262622
-4859.42270485569
-4859.10578547873
-4858.69938777965
-4858.27573750943
-4857.99507382595
-4857.98209179213
-4858.20835702796
-4858.52101161486
-4858.79034244657
-4859.04797370632
-4859.23019563616
-4859.3871139905
-4859.53389493927
-4859.66820774213
-4859.76092137935
-4859.78313419588
-4859.84037735063
-4859.91602344404
-4860.04842862702
-4860.28519163685
-4860.59603900682
-4860.86416986475
-4861.03015457011
-4861.11923964892
-4861.16822666103
-4861.19532769299
-4861.20552474042
-4861.19830151875
-4861.17142186638
-4861.11935045541
-4861.021938106
-4860.82382017765
-4860.46851426917
-4860.04785995725
-4859.74884265156
-4859.62993694203
-4859.63116632034
-4859.67504613902
-4859.71713996963
-4859.74289529328
-4859.75004765906
-4859.73772916364
-4859.70437450272
-4859.64987084582
-4859.58258463056
-4859.53962627883
-4859.61339938276
-4859.89059886398
-4860.2733079799
-4860.57676909342
-4860.76159782696
-4860.86811392777
-4860.93226939274
-4860.97341590321
-4860.99663267317
-4860.99862722064
-4860.97533970476
-4860.92386019786
-4860.83732056023
-4860.69431413335
-4860.46527964722
-4860.17630729536
-4859.91189359678
-4859.70306056143
-4859.53973554601
-4859.41528485259
-4859.32063088226
-4859.23869165999
-4859.15202821596
-4859.04610609719
-4858.90481850581
-4858.69884773669
-4858.37198917668
-4857.89424812414
-4857.448198985
-4857.38833339605
-4857.81289049694
-4858.50010887548
-4859.16628916767
-4859.63942380796
-4859.90831387061
-4860.0390180264
-4860.0914069808
-4860.10077554664
-4860.08396508709
-4860.04520816166
-4859.97669293809
-4859.86492699815
-4859.73994879436
-4859.5367264774
-4859.36405333834
-4859.21923162582
-4859.15173111068
-4859.22378738838
-4859.43606264908
-4859.72480274158
-4860.02254692304
-4860.28568000231
-4860.49286882549
-4860.63658500885
-4860.72196657564
-4860.76390619303
-4860.7782054203
-4860.77324023071
-4860.74114751589
-4860.65242813044
-4860.45874527241
-4860.10651491757
-4859.57357845091
-4858.93231347457
-4858.35505680614
-4857.99938806332
-4857.93283846869
-4858.13412359996
-4858.45247928438
-4858.72840211154
-4858.9264597719
-4859.07423045098
-4859.19604618826
-4859.30353187884
-4859.40187371335
-4859.49483417122
-4859.58746257143
-4859.68897585592
-4859.8128407595
-4859.97068840368
-4860.16025970178
-4860.35960462593
-4860.53719749426
-4860.67223167933
-4860.76512144611
-4860.82934093759
-4860.87831630719
-4860.9197079709
-4860.95546754805
-4860.98340995828
-4860.99817070496
-4860.98974559834
-4860.93937845508
-4860.81029503371
-4860.53918454086
-4860.06526329519
-4859.44436833178
-4858.92104498048
-4858.71634023442
-4858.78734354515
-4858.94700320712
-4859.07510823451
-4859.14987167209
-4859.18855831863
-4859.20675911994
-4859.20534973594
-4859.1658517688
-4859.04125501557
-4858.7383035622
-4858.14834384784
-4857.3977945606
-4857.11122598495
-4857.743168409
-4858.75660724557
-4859.45084759805
-4859.76772586514
-4859.89427461778
-4859.94498756576
-4859.96087021565
-4859.94912826864
-4859.90431906581
-4859.8221878975
-4859.71230913061
-4859.60485676882
-4859.54465122686
-4859.57530387403
-4859.72352108235
-4859.9792025462
-4860.26127685153
-4860.45698972983
-4860.54450142426
-4860.57438635646
-4860.58706557382
-4860.59655264118
-4860.60065982782
-4860.58574572862
-4860.52402112725
-4860.36442088519
-4860.02661769863
-4859.4422557682
-4858.7280192893
-4858.3618145178
-4858.81195158442
-4859.77518917379
-4860.45317692097
-4860.69391783666
-4860.75462149282
-4860.76801489288
-4860.76951281872
-4860.76537631483
-4860.75346685063
-4860.72871226526
-4860.68341846422
-4860.604412847
-4860.47267997568
-4860.27546405272
-4860.03414070724
-4859.81164444339
-4859.67424191874
-4859.6400675988
-4859.67267851652
-4859.72241418695
-4859.75906096754
-4859.77246013303
-4859.75999042333
-4859.71562271308
-4859.62109858261
-4859.43451965183
-4859.08146525596
-4858.50380784534
-4857.80630586514
-4857.2195730595
-4856.87160275079
-4856.87200962788
-4857.26286639216
-4857.78481260422
-4858.15982811893
-4858.35192411993
-4858.44060275797
-4858.48617311081
-4858.50949334905
-4858.51551466261
-4858.53035428425
-4858.64067411612
-4858.97499966943
-4859.55426193422
-4860.15463714114
-4860.53652548605
-4860.72181083546
-4860.81183460881
-4860.8553534232
-4860.86722794927
-4860.85155740578
-4860.81012737728
-4860.74319804591
-4860.64694014885
-4860.50979216173
-4860.31470313207
-4860.05460531507
-4859.75772658016
-4859.48678670081
-4859.29227710562
-4859.16808821268
-4859.06844118426
-4858.94350751536
-4858.75132023811
-4858.4649127757
-4858.09575250279
-4857.72043917943
-4857.44180516032
-4857.33093298765
-4857.45622010647
-4857.87568748389
-4858.52006801219
-4859.15664485844
-4859.60765965839
-4859.86801820081
-4860.00198957608
-4860.06803193217
-4860.09932160589
-4860.10507705738
-4860.0854312573
-4860.05345488502
-4860.04280232831
-4860.08677547245
-4860.19680755363
-4860.36471796617
-4860.56589267399
-4860.75755333126
-4860.90696811021
-4861.01201689163
-4861.08240512673
-4861.12540214028
-4861.14677893493
-4861.15254111406
-4861.14786701184
-4861.13022159948
-4861.07459427059
-4860.90372384177
-4860.50049870501
-4859.92222763339
-4859.47493088075
-4859.29095969102
-4859.26446849557
-4859.2823973066
-4859.29494436774
-4859.28908858087
-4859.26161138323
-4859.20781487814
-4859.1200756273
-4858.9896928139
-4858.80894646723
-4858.57556439823
-4858.31043070808
-4858.08225127669
-4857.98619987252
-4858.0688006453
-4858.31294313656
-4858.64596926026
-4858.95041233456
-4859.15293592301
-4859.26142456282
-4859.3165994151
-4859.3485099935
-4859.36608663934
-4859.36088593731
-4859.31706093263
-4859.23308408468
-4859.15872871569
-4859.21466459057
-4859.518714565
-4860.022599169
-4860.50809325775
-4860.82853473043
-4860.99890896903
-4861.08134816286
-4861.11794062263
-4861.12938341872
-4861.12347597361
-4861.09845667034
-4861.04182508013
-4860.92521321483
-4860.70246674599
-4860.34210271184
-4859.91482928017
-4859.58150088161
-4859.41307280175
-4859.36107632607
-4859.36919377887
-4859.41382588573
-4859.48985070735
-4859.58805305424
-4859.68851810796
-4859.77669688388
-4859.85404784436
-4859.93581849194
-4860.05081850167
-4860.23980864508
-4860.51540418504
-4860.80392857768
-4861.00110117912
-4861.09310415937
-4861.1337547947
-4861.16324276078
-4861.19099766009
-4861.21066258711
-4861.2142800795
-4861.19799483748
-4861.15966744141
-4861.08796483945
-4860.93132844711
-4860.61506471123
-4860.23220378429
-4859.9275267426
-4859.73061534994
-4859.61342595084
-4859.53304466973
-4859.46490727869
-4859.38530517039
-4859.22396407861
-4858.89193471403
-4858.42401487738
-4858.04623812171
-4857.96119378533
-4858.12614009899
-4858.38047868464
-4858.6360561486
-4858.88976095582
-4859.16773171545
-4859.48398507404
-4859.81780424285
-4860.11907955993
-4860.33814126007
-4860.46248561587
-4860.51823739966
-4860.53745879355
-4860.53215794858
-4860.49996235296
-4860.44454936508
-4860.38498593949
-4860.33920589838
-4860.30801774507
-4860.28198865527
-4860.2531394777
-4860.21865262464
-4860.18097848962
-4860.14503874076
-4860.11110609623
-4860.0706826628
-4860.00972688715
-4859.9096295332
-4859.74112375363
-4859.44307959383
-4858.90266269537
-4858.10072838062
-4857.36365213209
-4857.01439331158
-4856.95417024296
-4856.96747667668
-4856.96754638306
-4856.94205759597
-4856.8731761744
-4856.72838344422
-4856.57681582268
-4856.83037783892
-4857.84906229208
-4858.80963925635
-4859.17570216582
-4859.29724852746
-4859.36556208634
-4859.41545800222
-4859.45324048549
-4859.50079114004
-4859.59381967431
-4859.73775012664
-4859.89325883339
-4860.02535014276
-4860.13065905924
-4860.22186500266
-4860.31148089659
-4860.40717626246
-4860.50934538524
-4860.60833633841
-4860.69020265009
-4860.74836967047
-4860.78661074405
-4860.81013192658
-4860.81741959996
-4860.79899614885
-4860.73566259042
-4860.59396171687
-4860.32316466873
-4859.87820097642
-4859.30401536835
-4858.8191112568
-4858.68882422241
-4858.96537745659
-4859.4613329543
-4859.9519025767
-4860.32689861078
-4860.58083964952
-4860.74237074215
-4860.83691703991
-4860.88268665158
-4860.89293183127
-4860.87680708235
-4860.84015719308
-4860.78700482141
-4860.72164638139
-4860.65001886456
-4860.57855107345
-4860.5102213674
-4860.44116956593
-4860.3616513382
-4860.25633880616
-4860.10983818731
-4859.92002532421
-4859.70220089678
-4859.47452762826
-4859.23815672854
-4858.96616575331
-4858.61638472863
-4858.23474247161
-4858.18423767645
-4858.90499318424
-4859.9585735882
-4860.59116518639
-4860.81343036794
-4860.87208715692
-4860.88572554818
-4860.88817955999
-4860.87732826916
-4860.83386631238
-4860.73646371704
-4860.58229468938
-4860.39488079451
-4860.20900630767
-4860.04052774983
-4859.87186776352
-4859.67835960475
-4859.4731990951
-4859.3053158207
-4859.2086995885
-4859.19030330945
-4859.28543658141
-4859.41211870674
-4859.51594118491
-4859.56824185672
-4859.59413242083
-4859.56842014628
-4859.54116179417
-4859.47058912357
-4859.36459825568
-4859.26354604965
-4859.19156097913
-4859.13662478082
-4859.08031871202
-4859.01634735746
-4858.96403179697
-4858.97520597962
-4859.09702678939
-4859.31975021839
-4859.60437810171
-4859.7932080557
-4859.89862876669
-4859.95153597542
-4859.98250462352
-4859.99943754891
-4859.99433740028
-4859.91144292738
-4859.79240785999
-4859.56886935365
-4859.22343073954
-4858.79464356391
-4858.39443955477
-4858.16104170593
-4858.18874992406
-4858.46990946402
-4858.88487264974
-4859.2724482961
-4859.53577009832
-4859.672678954
-4859.73137455917
-4859.75737439283
-4859.77122257216
-4859.7658579143
-4859.71626369951
-4859.59930765729
-4859.42449028518
-4859.26875350382
-4859.28554917028
-4859.57688714245
-4860.01434480143
-4860.3801973784
-4860.59942494341
-4860.70810083996
-4860.75488833564
-4860.77183126622
-4860.77511698802
-4860.76363169595
-4860.71021537028
-4860.54916881196
-4860.1914614959
-4859.62972839973
-4859.08170297148
-4858.87745777352
-4859.1219787095
-4859.6129835374
-4860.07419245243
-4860.36118004041
-4860.49505057725
-4860.55181730127
-4860.57716102658
-4860.58666519396
-4860.58242996772
-4860.56123310098
-4860.51793584512
-4860.44813213828
-4860.35182452059
-4860.23683926504
-4860.11971048533
-4860.01840749062
-4859.94296982979
-4859.89134768168
-4859.85396459957
-4859.82040078619
-4859.78286759667
-4859.73573848363
-4859.67270368148
-4859.58060670001
-4859.4333479265
-4859.20003510769
-4858.91969738427
-4858.64250822819
-4858.57121205303
-4858.76464406541
-4859.11480958167
-4859.56758665915
-4860.00242515966
-4860.35377088415
-4860.58744660815
-4860.7174861715
-4860.78111563912
-4860.80859895042
-4860.81231233874
-4860.78780005409
-4860.71813491745
-4860.57381633762
-4860.30199169808
-4859.80076845003
-4858.96281805574
-4857.99052987545
-4857.51303405641
-4857.8084002303
-4858.54644022516
-4859.25696697866
-4859.72970372535
-4859.99140797318
-4860.12299463382
-4860.18695156923
-4860.21458779641
-4860.2183410167
-4860.2033435893
-4860.17777295861
-4860.16940103287
-4860.21370340729
-4860.29878156237
-4860.37125149293
-4860.40542695187
-4860.4088723369
-4860.38126343736
-4860.28120339994
-4860.01920843165
-4859.51795606488
-4858.86992774892
-4858.33036255366
-4858.0141998063
-4857.84267869101
-4857.7176233286
-4857.57799371939
-4857.39300495721
-4857.23883203861
-4857.40532559596
-4858.05577290034
-4858.82963084068
-4859.40137058622
-4859.69829780061
-4859.84576916976
-4859.91746616114
-4859.95411695985
-4859.9690800022
-4859.96589768361
-4859.96306426558
-4859.95285054322
-4859.99737511456
-4860.06595072549
-4860.16752196081
-4860.30908993669
-4860.45903599021
-4860.56589485038
-4860.61700754468
-4860.63698430497
-4860.65022178356
-4860.66246247429
-4860.66012672485
-4860.61669651402
-4860.50642708094
-4860.31925451147
-4860.06158791855
-4859.74719932166
-4859.41403455519
-4859.13560390934
-4858.9825246129
-4858.97638212115
-4859.08183159206
-4859.22585429989
-4859.34449750968
-4859.41865813914
-4859.46137618642
