# Fix print output for fix totenergy
-4856.32823035398
-4856.30225658994
-4856.16566211063
-4855.7928645872
-4855.26761438713
-4855.18224559956
-4855.89028481912
-4856.84992274732
-4857.68150835876
-4858.19519029102
-4858.54190361328
-4858.77258265573
-4858.93627075052
-4859.02084834599
-4859.09938128624
-4859.21609429679
-4859.36576875652
-4859.57573379575
-4859.84838867165
-4860.14634841656
-4860.41400994322
-4860.61528237729
-4860.74688535884
-4860.82633420851
-4860.87303222439
-4860.89895064458
-4860.9078174343
-4860.89300775898
-4860.82819598955
-4860.64202432612
-4860.19424309708
-4859.40844570123
-4858.57833384588
-4858.16112583065
-4858.23949149748
-4858.53848330085
-4858.80486841852
-4858.96561298633
-4859.0471089943
-4859.08538538245
-4859.09782270657
-4859.08741144424
-4859.04629948929
-4858.92800953182
-4858.54186703836
-4857.50512463209
-4856.20906064056
-4856.41582030132
-4857.93892490033
-4859.05699673703
-4859.53227675335
-4859.72763137858
-4859.82779987044
-4859.89066819304
-4859.9308553363
-4859.94677162529
-4859.93668072728
-4859.90788487052
-4859.86395752122
-4859.77355790522
-4859.51671902242
-4858.93213189495
-4858.26951608935
-4858.18826837302
-4858.6812403733
-4859.21023130987
-4859.53216280474
-4859.69164758609
-4859.76735617095
-4859.79873782928
-4859.79986193848
-4859.78055473149
-4859.75264927368
-4859.72030647263
-4859.67752602043
-4859.60739329789
-4859.51263884182
-4859.47843981751
-4859.6179732877
-4859.90235649181
-4860.17570366661
-4860.34554678059
-4860.42689562238
-4860.46451636168
-4860.48789185876
-4860.50824350587
-4860.52419628618
-4860.52384003368
-4860.4895008615
-4860.40207527005
-4860.23095515422
-4859.93022454345
-4859.47472883983
-4858.93297871439
-4858.55209300562
-4858.5735703224
-4858.87931995879
-4859.20003055066
-4859.41566313282
-4859.53595806621
-4859.59889629986
-4859.63140624444
-4859.64556180015
-4859.63852871837
-4859.58053580462
-4859.38070638975
-4858.87034354879
-4858.0432947545
-4857.54916866992
-4857.99008138377
-4858.79525881881
-4859.33481548125
-4859.56748243405
-4859.65361275147
-4859.69121665729
-4859.71051639413
-4859.7080433826
-4859.67501695989
-4859.62316110673
-4859.57166241389
-4859.52296808841
-4859.4673405212
-4859.39281153503
-4859.29373092493
-4859.20212282803
-4859.22398019239
-4859.45460222512
-4859.80082715188
-4860.06587059179
-4860.18850685243
-4860.2261040965
-4860.23572809087
-4860.23735485364
-4860.21435944689
-4860.12115072584
-4859.91789280811
-4859.61501712584
-4859.28145258858
-4859.02111090881
-4858.93688156368
-4859.07610072498
-4859.384383665
-4859.7286095559
-4859.99355031784
-4860.15191844847
-4860.23488841235
-4860.27696539491
-4860.29888555418
-4860.30870962843
-4860.30301871337
-4860.26038154219
-4860.12197299114
-4859.7454903477
-4858.88884584042
-4857.58687503323
-4856.7634574481
-4857.14826717745
-4857.98077992451
-4858.55455961959
-4858.82137653136
-4858.95214131501
-4859.02834976429
-4859.06594032694
-4859.07069841738
-4859.05304697038
-4859.02074330198
-4858.9601540373
-4858.8407858545
-4858.70973049961
-4858.70882981198
-4858.88986927099
-4859.28199588901
-4859.708667781
-4860.04817512011
-4860.26738473025
-4860.39613804103
-4860.47169275115
-4860.51548566057
-4860.53474992296
-4860.53108849964
-4860.50549199657
-4860.45539516167
-4860.36249566681
-4860.18793127453
-4859.95181166355
-4859.68263124155
-4859.3677852136
-4859.08510651328
-4859.04796363669
-4859.38057719622
-4859.87163404419
-4860.2628540819
-4860.49970962535
-4860.62919813093
-4860.69578415338
-4860.7245134815
-4860.73004283515
-4860.72188149561
-4860.7008847705
-4860.64897101582
-4860.5165052551
-4860.22791354908
-4859.76334803195
-4859.29370462615
-4859.0704957099
-4859.12221923292
-4859.28976019486
-4859.44332123338
-4859.54229917169
-4859.59198380088
-4859.60578326401
-4859.59174267695
-4859.54373105899
-4859.41779122906
-4859.06258922025
-4858.10202898986
-4856.39044826196
-4855.60055915688
-4857.14970049137
-4858.93593350621
-4859.69809565138
-4859.96413863392
-4860.07073575597
-4860.13072499041
-4860.17894604386
-4860.2281864551
-4860.27402412796
-4860.30428179944
-4860.31172316802
-4860.29275748323
-4860.23923151629
-4860.13423895337
-4859.95847073857
-4859.70899352678
-4859.42030965497
-4859.15692729462
-4858.97010021211
-4858.87909911021
-4858.90150937121
-4859.05407446638
-4859.30960721887
-4859.58775693978
-4859.81085421897
-4859.95599018657
-4860.0402721204
-4860.08988550811
-4860.12291131654
-4860.14484693377
-4860.1482600198
-4860.11633355523
-4860.02931272105
-4859.87767494313
-4859.68559672707
-4859.52766395815
-4859.49301553227
-4859.60510867179
-4859.7894759215
-4859.94480984755
-4860.02852721122
-4860.0573865316
-4860.06255941683
-4860.05800211616
-4860.02335317766
-4859.88290545394
-4859.50078927798
-4858.83728372071
-4858.27700009769
-4858.38084124671
-4859.0357763374
-4859.6550772195
-4859.98891854748
-4860.1269737219
-4860.1807862108
-4860.19862343826
-4860.19617860005
-4860.17990967766
-4860.15020942368
-4860.09915798275
-4860.0147564532
-4859.89541914504
-4859.76994762293
-4859.70289388832
-4859.75210771602
-4859.90271095985
-4860.07471020269
-4860.19880588368
-4860.26079063613
-4860.28053415094
-4860.27381340326
-4860.2351459176
-4860.12468228738
-4859.80799146376
-4858.97457678617
-4857.64298444922
-4856.90982849133
-4857.33793602967
-4858.16645102086
-4858.79702766373
-4859.19182668551
-4859.45881103575
-4859.67151461375
-4859.8567712511
-4860.00088209787
-4860.08081720342
-4860.1069871309
-4860.10329789708
-4860.07509489698
-4860.00082442483
-4859.80598114401
-4859.30660861901
-4858.3605678608
-4857.57777533967
-4857.91600442747
-4858.98990932751
-4859.76382021485
-4860.06541474876
-4860.17117226808
-4860.21532140124
-4860.22733869234
-4860.21195479081
-4860.17424345382
-4860.12066069587
-4860.05120850212
-4859.98597165941
-4859.8627627022
-4859.72567279445
-4859.45676848577
-4858.95622067374
-4858.43871581828
-4858.31978651395
-4858.68236994582
-4859.08391698304
-4859.29168976642
-4859.39369543275
-4859.41763516683
-4859.42769416024
-4859.41961154416
-4859.33636742744
-4858.97993138665
-4858.03658465308
-4856.87447056885
-4856.60260027586
-4857.33976424413
-4858.21282944718
-4858.88356555388
-4859.44254950838
-4859.73324074959
-4859.91953801268
-4860.02091018103
-4860.07660725734
-4860.10017694451
-4860.09606313525
-4860.05906382366
-4859.97310517726
-4859.81226348381
-4859.53945953774
-4859.13104325049
-4858.69849855001
-4858.52537832801
-4858.69156356093
-4859.02198475661
-4859.32152907724
-4859.55695852146
-4859.69458436328
-4859.76092906732
-4859.80142328908
-4859.8316195915
-4859.85093064921
-4859.8207606179
-4859.78159407577
-4859.69141745481
-4859.56876081906
-4859.52651058801
-4859.70686726514
-4860.02630861514
-4860.27749073429
-4860.40914131615
-4860.47388610095
-4860.51267117148
-4860.53783163219
-4860.54874238743
-4860.53736967549
-4860.4851051418
-4860.35418998772
-4860.07997903553
-4859.58742653869
-4858.91717010152
-4858.40114723616
-4858.39490310756
-4858.80911314026
-4859.27182675765
-4859.54745518313
-4859.65133706927
-4859.68680409204
-4859.7131236501
-4859.74084722552
-4859.76016753949
-4859.7572973738
-4859.71946441391
-4859.6310502115
-4859.45688933494
-4859.11366221224
-4858.56965323232
-4858.20475089756
-4858.49803275538
-4859.13593871965
-4859.58995648792
-4859.82348302336
-4859.88427854857
-4859.89895652347
-4859.90228805269
-4859.8983595161
-4859.86844794514
-4859.7644949295
-4859.50877765156
-4859.02603888925
-4858.48301158884
-4858.21741478397
-4858.59298057656
-4859.3271852453
-4859.87715138729
-4860.12697316177
-4860.21224930474
-4860.23761016489
-4860.24205790044
-4860.23231052058
-4860.20464932267
-4860.15501615948
-4860.08055595474
-4859.97805333986
-4859.85199441306
-4859.72886067039
-4859.65945105856
-4859.70066762052
-4859.86303408896
-4860.0716322687
-4860.2353750974
-4860.32597981015
-4860.3638210217
-4860.37742632695
-4860.38351335634
-4860.37955924982
-4860.33137627771
-4860.16045462359
-4859.77783298878
-4859.21869395294
-4858.71487023276
-4858.5729131352
-4858.83306552458
-4859.25782331326
-4859.53987354989
-4859.66400367728
-4859.70974538871
-4859.72704752319
-4859.7058462009
-4859.69170883249
-4859.61415974135
-4859.37795305688
-4858.88805967546
-4858.23282425292
-4857.77726093318
-4857.8539165721
-4858.31480767257
-4858.74006957605
-4858.9591030132
-4859.0430061586
-4859.10953323406
-4859.1344187751
-4859.1542465275
-4859.15726478618
-4859.13694000099
-4859.11829322938
-4859.30798206796
-4859.6866838819
-4860.0771385162
-4860.38269465279
-4860.52984339797
-4860.60442869893
-4860.65450745169
-4860.68553585673
-4860.69409333719
-4860.65128878221
-4860.6100035019
-4860.51838758589
-4860.31876999514
-4859.96092352622
-4859.46852716595
-4858.91335450924
-4858.36391568047
-4857.8735789065
-4857.46450669665
-4857.11268147056
-4856.738890406
-4856.14177326267
-4854.92552701061
-4853.45873728456
-4854.03676413161
-4856.41900849978
-4858.02886040031
-4858.76899059654
-4859.16874105011
-4859.43852973462
-4859.6433310696
-4859.80102100518
-4859.92162128882
-4860.0195318852
-4860.10739160556
-4860.19421581428
-4860.28787110054
-4860.39116781638
-4860.492734655
-4860.57152971386
-4860.61607899302
-4860.62975355899
-4860.61847337711
-4860.57559602094
-4860.47282347973
-4860.26260281249
-4859.90617582909
-4859.43316643341
-4858.99585373482
-4858.66631146129
-4858.46146037083
-4858.30812535078
-4858.36547553138
-4858.68202865457
-4859.07122703949
-4859.3644539334
-4859.50454092731
-4859.55092638695
-4859.56378270752
-4859.55456100213
-4859.49740013303
-4859.36734089433
-4859.18027646416
-4858.96639645671
-4858.71038479107
-4858.38232316416
-4858.06535480572
-4858.142846109
-4858.93392882131
-4859.85972629698
-4860.3498724214
-4860.5112593948
-4860.55074160002
-4860.56138936551
-4860.56373189014
-4860.54316686526
-4860.47315647744
-4860.34178732798
-4860.16435562028
-4859.94996338058
-4859.68085259938
-4859.22618508534
-4858.70512062651
-4858.4274045377
-4858.60465399461
-4859.04941824419
-4859.40718202023
-4859.64948217424
-4859.78931942752
-4859.8642378453
-4859.89390063993
-4859.89252925799
-4859.86997114394
-4859.8311811716
-4859.77804278803
-4859.70764635622
-4859.60515679196
-4859.44377047902
-4859.23037733962
-4859.08577927591
-4859.16313893599
-4859.44497719866
-4859.79223375449
-4860.1013871581
-4860.3563635401
-4860.58754307039
-4860.80843905948
-4860.99626711455
-4861.11916574427
-4861.17420095413
-4861.18961604891
-4861.19292436058
-4861.19470740698
-4861.19413746508
-4861.18774083956
-4861.17297455035
-4861.14711794666
-4861.10593499856
-4861.03964896267
-4860.92871449686
-4860.74351168708
-4860.46460388763
-4860.12054677099
-4859.7954742516
-4859.56381953427
-4859.43690913403
-4859.39160718659
-4859.41302155445
-4859.50734111805
-4859.69492021058
-4859.98249046185
-4860.32429981283
-4860.63078152895
-4860.84330591191
-4860.97167905366
-4861.04864786458
-4861.09408258383
-4861.11533433538
-4861.11561644046
-4861.09719657715
-4861.06016137351
-4860.9988839267
-4860.90354218451
-4860.77316900359
-4860.63406563204
-4860.52336785399
-4860.44800767124
-4860.39252322744
-4860.34362528673
-4860.29195400899
-4860.22241892021
-4860.10847299553
-4859.92248793755
-4859.6639243141
-4859.37013949692
-4859.08196244595
-4858.8657475104
-4858.71260301373
-4858.67856253111
-4858.79072839828
-4859.07841703829
-4859.43254654639
-4859.79212580434
-4860.06365914678
-4860.25239072573
-4860.38744547024
-4860.48836097148
-4860.56301844901
-4860.61148905121
-4860.63109448374
-4860.62287227267
-4860.59390216049
-4860.55387085664
-4860.50869087331
-4860.45945131191
-4860.40387084204
-4860.33756244729
-4860.25529122117
-4860.15378094373
-4860.03046093675
-4859.87870196477
-4859.67967903502
-4859.40091297709
-4859.01011608068
-4858.52573757258
-4858.05193576856
-4857.70692702661
-4857.5335896862
-4857.52307042283
-4857.68015697129
-4858.03643069286
-4858.51650562268
-4858.88506413968
-4859.09002039505
-4859.21822839692
-4859.31151064311
-4859.3780620096
-4859.41936939438
-4859.43810360742
-4859.43903011921
-4859.43433744169
-4859.45365548609
-4859.54371533993
-4859.73883112033
-4860.02627564857
-4860.34777784957
-4860.63464581004
-4860.84715173022
-4860.98503885681
-4861.06687425543
-4861.1104051329
-4861.1282556061
-4861.12825332513
-4861.1134269557
-4861.07852704963
-4861.0010872435
-4860.82294572186
-4860.45876377199
-4859.9611099078
-4859.60024888082
-4859.45623058159
-4859.42032169996
-4859.4263571287
-4859.45612299114
-4859.51297434803
-4859.60962605028
-4859.75538891916
-4859.94129521932
-4860.14004327591
-4860.32362282722
-4860.47764813277
-4860.60152793644
-4860.70114882679
-4860.7823817702
-4860.84825516405
-4860.89918853832
-4860.93413004154
-4860.95057132943
-4860.94277977426
-4860.89878521517
-4860.79657742312
-4860.60430534875
-4860.29479116194
-4859.88259955108
-4859.43394118052
-4859.02903192111
-4858.76267007101
-4858.57968181631
-4858.54507057437
-4858.43625955099
-4858.3919883834
-4858.33895903313
-4858.20550873042
-4858.08478166569
-4857.85072424137
-4857.32875506625
-4856.31972254525
-4855.26698399777
-4855.28246262845
-4856.41662430691
-4857.64053131672
-4858.41856918526
-4858.85396239944
-4859.13612615462
-4859.35555116626
-4859.52817151864
-4859.65732189913
-4859.75456039204
-4859.85740689329
-4859.91273432276
-4859.94892782786
-4859.96307557043
-4859.95119304729
-4859.90675719035
-4859.81322021775
-4859.63927216443
-4859.33431923695
-4858.80300307524
-4858.09190785506
-4857.48463477165
-4857.43287742952
-4857.78087355709
-4858.12904810691
-4858.34159377029
-4858.45604897433
-4858.52949745024
-4858.59675561872
-4858.68010162848
-4858.80307071577
-4858.99602429463
-4859.26830707361
-4859.56800320356
-4859.82163415871
-4859.99962000644
-4860.10891649543
-4860.16737558809
-4860.18992634456
-4860.18524107736
-4860.15978018169
-4860.12691605519
-4860.11148263088
-4860.13740639292
-4860.20743046469
-4860.30205785169
-4860.39940031323
-4860.49119749542
-4860.58147123544
-4860.67257346614
-4860.75276544017
-4860.80674716999
-4860.83306540218
-4860.84185472609
-4860.84355420749
-4860.84226391291
-4860.83017316052
-4860.77894521474
-4860.62839003747
-4860.30187864925
-4859.79853933501
-4859.29606379579
-4859.04502488036
-4859.13550521652
-4859.44596912166
-4859.79426111933
-4860.06231796569
-4860.21843209659
-4860.28631122428
-4860.30443931324
-4860.30326830387
-4860.29801216181
-4860.28378043784
-4860.20982473339
-4859.89867093594
-4859.21373132343
-4858.67248992106
-4858.50262002004
-4858.49261966072
-4858.57114311126
-4858.65818541117
-4858.7684342676
-4858.88915869241
-4858.982137266
-4859.09988860412
-4859.22595021346
-4859.38753818975
-4859.60327111701
-4859.83161071217
-4859.99898343292
-4860.090462356
-4860.14018345868
-4860.17306344293
-4860.19428887412
-4860.19603770202
-4860.15973435502
-4860.05092531339
-4859.80708072391
-4859.38139532456
-4858.90932392224
-4858.63627335633
-4858.64257488617
-4858.83414200278
-4859.06281887602
-4859.23104531173
-4859.32853381826
-4859.38947527725
-4859.44454980715
-4859.50917043785
-4859.59831316349
-4859.73762649475
-4859.9311525085
-4860.12358636211
-4860.25273864682
-4860.32063909015
-4860.37127016146
-4860.43672832921
-4860.52186532747
-4860.61440587408
-4860.69439264195
-4860.74770578592
-4860.77466023526
-4860.78128863777
-4860.76248622006
-4860.6857411791
-4860.48272080846
-4860.081655196
-4859.51282481007
-4858.95663245807
-4858.60478954823
-4858.58473943586
-4858.7954291592
-4859.07883644481
-4859.27283732432
-4859.3602994282
-4859.39088500891
-4859.37939278524
-4859.40272021219
-4859.44003721997
-4859.49333890488
-4859.56368538025
-4859.64679319792
-4859.73172511401
-4859.81003629127
-4859.88108059691
-4859.94945421508
-4860.02420041161
-4860.12030484866
-4860.25420334441
-4860.42594206409
-4860.60711145611
-4860.75957826532
-4860.86646280144
-4860.93488113477
-4860.97800614007
-4861.00213823347
-4861.00574611662
-4860.9839519896
-4860.93137125496
-4860.8400150322
-4860.69402988075
-4860.47646085749
-4860.20269710918
-4859.92416476369
-4859.68127174179
-4859.48649704703
-4859.33228201884
-4859.19814686083
-4859.10356822411
-4859.02217496909
-4858.88613272577
-4858.5633134071
-4858.15202649429
-4857.79994961061
-4857.53195577266
-4857.42692923433
-4857.48082620873
-4857.64537897196
-4857.8833775136
-4858.17803315382
-4858.50926170519
-4858.82897786237
-4859.10019387668
-4859.32389357604
-4859.51335334338
-4859.68499008246
-4859.86554681236
-4860.07332343902
-4860.26800968604
-4860.38693668529
-4860.43650944676
-4860.47656526929
-4860.45961954004
-4860.40717260412
-4860.30420994714
-4860.12430139663
-4859.81421371734
-4859.28322977586
-4858.52958735757
-4857.81880441814
-4857.48337972215
-4857.50597539254
-4857.7536222067
-4858.0368739819
-4858.24513468532
-4858.36306168023
-4858.41716486871
-4858.43515885226
-4858.42446392708
-4858.37626230468
-4858.30684913167
-4858.33237274067
-4858.64265325022
-4859.24757249951
-4859.87028845839
-4860.27776163277
-4860.49337629723
-4860.61017683772
-4860.67661772968
-4860.70848951104
-4860.71073751057
-4860.68606190044
-4860.63479057824
-4860.550368815
-4860.41419270021
-4860.19613255392
-4859.87694445644
-4859.49000309065
-4859.11999733219
-4858.83325810704
-4858.64898290856
-4858.57408468061
-4858.61383553937
-4858.75899182566
-4858.97922141216
-4859.22469225698
-4859.44035513286
-4859.5977510189
-4859.70188429283
-4859.77053224477
-4859.81690886315
-4859.8453618787
-4859.85408065271
-4859.84169092748
-4859.81581746789
-4859.79792811942
-4859.82100360856
-4859.91927073349
-4860.10489868412
-4860.34816365884
-4860.5885715459
-4860.77293613491
-4860.88532970646
-4860.94128026826
-4860.96402545898
-4860.97093183841
-4860.97001965903
-4860.95861457201
-4860.91499470031
-4860.77320619284
-4860.41556669682
-4859.84521381047
-4859.33153689498
-4859.07468379872
-4859.06111520777
-4859.21487302775
-4859.46909337308
-4859.74801069706
-4859.97375942534
-4860.1152658862
-4860.19021212011
-4860.22649461271
-4860.23813464023
-4860.22030875327
-4860.1483621782
-4859.97102355049
-4859.60106367898
-4858.94854206104
-4858.09943116355
-4857.61008819486
-4858.10427093544
-4859.12776354975
-4859.83215915012
-4860.14247089967
-4860.25662039271
-4860.29203429927
-4860.29826952789
-4860.29251795469
-4860.27083680331
-4860.20724301108
-4860.05335378595
-4859.76749945394
-4859.39038705232
-4859.06754256614
-4858.91884079074
-4858.93815638011
-4859.04476835852
-4859.171589587
-4859.29249668638
-4859.39825631179
-4859.47468277248
-4859.51123484494
-4859.51557724374
-4859.5002661532
-4859.43761842335
-4859.11259274594
-4858.16072445284
-4856.99799530588
-4856.86121198219
-4858.13386380499
-4859.50986023286
-4860.24952937485
-4860.56569266908
-4860.70111112685
-4860.76332463313
-4860.79237630638
-4860.79895643686
-4860.7802078995
-4860.72648926088
-4860.62559094483
-4860.45988033641
-4860.19710943832
-4859.80319055812
-4859.31998755389
-4858.92181852104
-4858.80468176019
-4858.96354935953
-4859.19599396023
-4859.35421825737
-4859.42740665833
-4859.45569585418
-4859.47000052591
-4859.47898176073
-4859.46683979381
-4859.39168118322
-4859.2059088652
-4858.90204249015
-4858.5417678961
-4858.2820953576
-4858.40645349734
-4858.90772740335
-4859.48425844103
-4859.85802289459
-4860.03110593248
-4860.07239103829
-4860.10390281202
-4860.11990385356
-4860.11344727464
-4860.07321128382
-4860.00374952064
-4859.90787321695
-4859.76633611046
-4859.52915157168
-4859.12348095012
-4858.55277525903
-4858.09715943439
-4858.22824203292
-4858.94240427072
-4859.63610581463
-4860.0179677451
-4860.20633882899
-4860.31552722457
-4860.38280740536
-4860.41615227444
-4860.41977928752
-4860.39923366502
-4860.35211455092
-4860.24784970862
-4859.99971981336
-4859.47419960724
-4858.70341607914
-4858.22312038959
-4858.55717446959
-4859.31404815671
-4859.86735281852
-4860.13522501385
-4860.27624004471
-4860.35920554725
-4860.39695481761
-4860.40041100962
-4860.37819096321
-4860.33365535743
-4860.26235964012
-4860.14702455261
-4859.96130417802
-4859.70794313058
-4859.47226887602
-4859.36643211425
-4859.38307530525
-4859.4276858328
-4859.4471628631
-4859.43783227875
-4859.38333107284
-4859.19121478674
-4858.70352957476
-4857.97083382599
-4857.47486505018
-4857.50949481572
-4857.83389926278
-4858.17514942925
-4858.47274298452
-4858.76957635581
-4859.10964605802
-4859.5016553311
-4859.90114490938
-4860.22299373318
-4860.41168280771
-4860.48722445392
-4860.50541368559
-4860.49771133203
-4860.46061586916
-4860.38534896311
-4860.29330179118
-4860.22426155347
-4860.19177234617
-4860.17949524436
-4860.16957855421
-4860.15471500188
-4860.13520983819
-4860.11411596047
-4860.09121778295
-4860.06088157258
-4860.01573571766
-4859.94620029619
-4859.8325166627
-4859.62715550174
-4859.22194644291
-4858.46572547106
-4857.56982894437
-4857.45662554877
-4858.36635665819
-4859.35030601644
-4859.92487768811
-4860.22423349643
-4860.39530380603
-4860.49604497598
-4860.54769154799
-4860.56440046053
-4860.55710110855
-4860.52408824566
-4860.4384088119
-4860.24618612089
-4859.89563915409
-4859.40154253346
-4858.89570954305
-4858.5698921099
-4858.5435197677
-4858.80198208605
-4859.24661751882
-4859.74856290127
-4860.17537130228
-4860.44555520548
-4860.57172409149
-4860.61719177406
-4860.63039514351
-4860.62750156847
-4860.60360766885
-4860.55021371322
-4860.46832384896
-4860.37150040305
-4860.27632682118
-4860.18981702531
-4860.10804051313
-4860.02094196867
-4859.91576778794
-4859.77475806067
-4859.56870578247
-4859.25026056051
-4858.75901114219
-4858.05211638983
-4857.26209458862
-4856.81071566904
-4857.1457440201
-4858.00914687219
-4858.7775935867
-4859.16659296091
-4859.37802520649
-4859.50447247876
-4859.58783711186
-4859.65145180505
-4859.71666967304
-4859.79373814713
-4859.88263877485
-4859.98255133331
-4860.09587345298
-4860.22630711733
-4860.37149589234
-4860.51441187971
-4860.62658095032
-4860.68800439072
-4860.70744395983
-4860.7106817564
-4860.71108484711
-4860.68778832088
-4860.58657102425
-4860.34235931227
-4859.92209666622
-4859.37202768809
-4858.84590146876
-4858.53639004087
-4858.5282362693
-4858.74320771578
-4859.03695884005
-4859.30275940931
-4859.49213675512
-4859.6007707863
-4859.6532498869
-4859.68199124718
-4859.70790894019
-4859.73842600057
-4859.77465527045
-4859.81753824909
-4859.87200927276
-4859.9452992865
-4860.03819820893
-4860.14136090855
-4860.24130210732
-4860.32592728412
-4860.38658793823
-4860.41883206015
-4860.42261575216
-4860.40060632143
-4860.35413450446
-4860.278251091
-4860.15783596479
-4860.01119537401
-4859.7391744603
-4859.4319350906
-4859.22085255246
-4859.00966629453
-4858.7956954409
-4858.66703550879
-4858.50107476633
-4858.36651297968
-4858.21066672662
-4858.0709560657
-4858.01957453177
-4858.12146635095
-4858.40969334832
-4858.86784623683
-4859.392749388
-4859.82792956766
-4860.10381874972
-4860.25399486787
-4860.32841873239
-4860.35812276516
-4860.35769342283
-4860.33026941992
-4860.27151353606
-4860.17764209241
-4860.05584970349
-4859.92659207578
-4859.81196511975
-4859.72184461102
-4859.65173845707
-4859.5898917414
-4859.52296314433
-4859.44164241463
-4859.35838161845
-4859.31493868851
-4859.33497809126
-4859.38489629714
-4859.41868057282
-4859.4224310169
-4859.39775327673
-4859.33783679399
-4859.22333106503
-4859.02939208468
-4858.73963145035
-4858.36337082687
-4857.94480082197
-4857.56566149354
-4857.33702770471
-4857.35962611115
-4857.65866284053
-4858.14696947807
-4858.66677284633
-4859.08831699142
-4859.37453371107
-4859.55423094771
-4859.66302139355
-4859.72239992529
-4859.74476352103
-4859.74044177681
-4859.71960642804
-4859.69190112037
-4859.66565998123
-4859.64473101905
-4859.62847222485
-4859.62038345119
-4859.63320004132
-4859.67733389924
-4859.74624056519
-4859.82177525031
-4859.88941523842
-4859.94622337993
-4859.99610025462
-4860.04245743868
-4860.08491736687
-4860.12092548582
-4860.14971867194
-4860.17291077625
-4860.19042832405
-4860.19874758797
-4860.19293822885
-4860.1681577927
-4860.11912151628
-4860.0399838318
-4859.92538419725
-4859.77189513126
-4859.57814854016
-4859.34365257429
-4859.06561894604
-4858.74157022781
-4858.38176034417
-4858.02694299703
-4857.74351285136
-4857.57419944249
-4857.49192967552
-4857.4400942638
-4857.39043065106
-4857.33042616319
-4857.24001214412
-4857.08413361956
-4856.8407016077
-4856.56040817086
-4856.32903144651
-4856.18309261814
-4856.11715567875
-4856.12787447153
-4856.23631791447
-4856.48924846539
-4856.94144525762
-4857.60306541988
-4858.37594452388
-4859.07910087214
-4859.57635580327
-4859.86380761774
-4860.0190684853
-4860.11162303138
-4860.17324793416
-4860.21129207898
-4860.22503940952
-4860.21259552414
-4860.17429265335
-4860.10955290159
-4859.99798314334
-4859.75169777373
-4859.20618365098
-4858.43066036043
-4857.90506901338
-4857.80344604152
-4857.90760195904
-4858.06216063769
-4858.26325197919
-4858.53978988597
-4858.83815151909
-4859.06829577944
-4859.20529541331
-4859.27321531896
-4859.29899523216
-4859.29513658423
-4859.25934267208
-4859.1792893483
-4859.04674418365
-4858.88790327745
-4858.79618962493
-4858.93754540179
-4859.39390538497
-4859.94138425746
-4860.36046280049
-4860.63813491508
-4860.82078620466
-4860.93690816382
-4861.00185749632
-4861.02873210293
-4861.03103584846
-4861.01976314762
-4860.9954653407
-4860.93630797297
-4860.79133324153
-4860.51808596381
-4860.17134427356
-4859.86874904272
-4859.65141844059
-4859.52261984193
-4859.39368844761
-4859.26786056764
-4859.12734727913
-4858.9683381683
-4858.78766716506
-4858.70453576922
-4858.78851066626
-4859.07951971143
-4859.43810135145
-4859.70542914654
-4859.86166779744
-4859.96297307069
-4860.05876966582
-4860.16743407366
-4860.28392341042
-4860.39400437864
-4860.48584468655
-4860.55488980626
-4860.60399563602
-4860.64076366766
-4860.67532517818
-4860.71772924118
-4860.76587994363
-4860.80507930121
-4860.82274649027
-4860.81334244592
-4860.77589552003
-4860.70974033221
-4860.60885380048
-4860.45571176711
-4860.22179744022
-4859.8893678814
-4859.49516572604
-4859.12069918206
-4858.81374645221
-4858.58526063373
-4858.46699670711
-4858.50699097444
-4858.729769721
-4859.10922058003
-4859.55473053563
-4859.94978688062
-4860.23988104918
-4860.43440731572
-4860.55633191961
-4860.62309216795
-4860.65064159693
-4860.65005798587
-4860.6232587515
-4860.5672274151
-4860.48666931943
-4860.40078795269
-4860.32975398614
-4860.27888123639
-4860.24235353965
-4860.21267396116
-4860.18247590292
-4860.144782628
-4860.09378431207
-4860.02491532185
-4859.93540841491
-4859.82324081678
-4859.68176147669
-4859.49085342185
-4859.20533011926
-4858.75382718162
-4858.10881682394
-4857.44544782795
-4857.13206963273
-4857.25334636431
-4857.5024665673
-4857.71347047375
-4857.89050811746
-4858.05578541273
-4858.21402003876
-4858.36363964233
-4858.5118330075
-4858.67819045873
-4858.88363612461
-4859.12481219545
-4859.36618214837
-4859.58417018945
-4859.79239096267
-4860.01750093193
-4860.26812357566
-4860.51939713299
-4860.72317004869
-4860.85312828756
-4860.92308767962
-4860.96089989799
-4860.98244673998
-4860.9907679636
-4860.98336922783
-4860.95935567291
-4860.92173531452
-4860.87334566861
-4860.81178864624
-4860.72809675785
-4860.60940187403
-4860.45066102967
-4860.26648366679
-4860.08606106318
-4859.92946102842
-4859.79390025979
-4859.66250797761
-4859.515773945
-4859.33393635943
-4859.09943872687
-4858.81790652919
-4858.56570128148
-4858.50562496356
-4858.77300483734
-4859.31259066141
-4859.89989274967
-4860.348188913
-4860.61681996774
-4860.75219408086
-4860.81115365014
-4860.83226971418
-4860.83295485036
-4860.81335736324
-4860.75660810151
-4860.62518776052
-4860.36819872415
-4859.95732287961
-4859.4453773148
-4858.97199950197
-4858.66558315217
-4858.54477497319
-4858.5410233318
-4858.57971936137
-4858.62017761721
-4858.6509986691
-4858.6756695472
-4858.70490515122
-4858.75199751171
-4858.81960996334
-4858.88323394259
-4858.91103755168
-4858.9057194388
-4858.86946337755
-4858.75647337994
-4858.56614057886
-4858.45392731473
-4858.58239305089
-4858.94678493106
-4859.39276199822
-4859.72713383636
-4859.91068343815
-4860.01824747287
-4860.09597736423
-4860.15438542328
-4860.19278608758
-4860.21290539192
-4860.22146949422
-4860.22130807296
-4860.20674641008
-4860.16974694364
-4860.09232288376
-4859.9044808392
-4859.43396156182
-4858.56528846335
-4857.72089857357
-4857.6088624343
-4858.18016883639
-4858.80615394807
-4859.17766751625
-4859.36703067585
-4859.48341823703
-4859.57292515629
-4859.64756148731
-4859.71182753071
-4859.77002796657
-4859.81739692464
-4859.84265677574
-4859.842773954
-4859.83868057839
-4859.75362118737
-4859.57053720435
-4859.08621902241
-4858.19123559852
-4857.47207431975
-4857.7961928855
-4858.92648627619
-4859.71653271413
-4860.01733337348
-4860.11621764571
-4860.15687344672
-4860.17542012614
-4860.17023969998
-4860.13295903483
-4860.06406417058
-4859.97029422247
-4859.83992273443
-4859.59524674721
-4859.07463242637
-4858.28846674352
-4857.95411698201
-4858.58304135691
-4859.44154809122
-4859.93046696623
-4860.12523544446
-4860.21095546788
-4860.25282081869
-4860.26157922068
-4860.24586866991
-4860.21546798278
-4860.17590454047
-4860.13071700478
-4860.08175312082
-4859.99939120951
-4859.81150659596
-4859.4675466506
-4859.02441531101
-4858.68001986573
-4858.623738325
-4858.76166530752
-4858.90714011036
-4859.00956166174
-4859.10171157347
-4859.24082724019
-4859.51056601602
-4859.94180708498
-4860.37566325465
-4860.65040451557
-4860.77569599229
-4860.82309238993
-4860.8394670993
-4860.83988178081
-4860.81703681973
-4860.75250228556
-4860.62429374851
-4860.41304446365
-4860.10966629168
-4859.72052255511
-4859.27438179159
-4858.84512348838
-4858.56720792056
-4858.58340138968
-4858.95253768853
-4859.58847686831
-4860.14662472435
-4860.36406588057
-4860.41273601369
-4860.42461501031
-4860.42772200994
-4860.41962457199
-4860.3873864104
-4860.31110554173
-4860.16607138908
-4859.92771997091
-4859.59300588084
-4859.2229076731
-4858.96290956237
-4858.96789382859
-4859.26321322821
-4859.70974900256
-4860.12441200521
-4860.40859924941
-4860.56729839169
-4860.64811839646
-4860.6895095007
-4860.7106102297
-4860.7171711149
-4860.7049051645
-4860.65016004391
-4860.43904567057
-4859.50024073954
-4856.97356164548
-4855.54317940663
-4856.73297824039
-4858.04184140667
-4858.63118161111
-4858.83951897042
-4858.91273303343
-4858.94023850537
-4858.94309896418
-4858.91408433985
-4858.8398293757
-4858.71605062339
-4858.54483720068
-4858.33829227795
-4858.22571271081
-4858.39807039838
-4858.97897266979
-4859.62887627302
-4860.04183041542
-4860.21551708239
-4860.25239995695
-4860.28868299434
-4860.31025117054
-4860.3095077055
-4860.28859558145
-4860.25385261959
-4860.20422100374
-4860.13181564735
-4860.0162150384
-4859.81150437926
-4859.42772012162
-4858.73088513289
-4857.75712040676
-4857.23237606949
-4857.73378084534
-4858.52258088263
-4858.96361178664
-4859.13855319733
-4859.20951819766
-4859.2496220767
-4859.27278229296
-4859.24855033748
-4859.21727402307
-4859.14233001516
-4859.07559496622
-4859.10127627179
-4859.22128696242
-4859.38295694956
-4859.54760923199
-4859.70451274711
-4859.85759097387
-4860.01249414144
-4860.16977475478
-4860.32237198519
-4860.45582397315
-4860.55537902062
-4860.6154684624
-4860.64275610667
-4860.64921093138
-4860.64052811016
-4860.59455790034
-4860.40445468791
-4859.81274464793
-4858.72448074099
-4857.8460996464
-4857.89924218791
-4858.5687418745
-4859.24495580786
-4859.72137819796
-4860.02325715763
-4860.20268669344
-4860.29734004536
-4860.33544804364
-4860.33750566664
-4860.31328625834
-4860.25911989136
-4860.1625985436
-4860.02182703276
-4859.87063175688
-4859.76084210901
-4859.71345133781
-4859.72250357666
-4859.7955165882
-4859.96263862795
-4860.21706481179
-4860.4638499397
-4860.62491872255
-4860.70407933691
-4860.73517344507
-4860.74485515056
-4860.74645271547
-4860.74101842737
-4860.71453028344
-4860.62955108628
-4860.421903908
-4860.0374386751
-4859.53527777483
-4859.09523284726
-4858.86611154591
-4858.86851133553
-4859.01656889587
-4859.2010763241
-4859.36041959225
-4859.48107678406
-4859.56513904701
-4859.6162567389
-4859.63946455489
-4859.63767321706
-4859.6067115187
-4859.52581963641
-4859.32482749472
-4858.86102877453
-4858.11210067048
-4857.50323408782
-4857.61774797408
-4858.42464125239
-4859.31919020492
-4859.91139213601
-4860.2305662356
-4860.3965083897
-4860.48348433217
-4860.5285810411
-4860.54693065701
-4860.53823170069
-4860.49394850807
-4860.40495408566
-4860.26655483757
-4860.07632681962
-4859.82744168107
-4859.50382963631
-4859.08268972506
-4858.56402943055
-4858.02943785747
-4857.65633164107
-4857.56025950014
-4857.65455750619
-4857.78282042125
-4857.86851309949
-4857.91479540992
-4857.94495239455
-4857.96690508152
-4857.97606636959
-4857.98778686775
-4858.06390119826
-4858.26549027922
-4858.57774588159
-4858.93925091639
-4859.30670131319
-4859.65589199418
-4859.96775209212
-4860.22392729084
-4860.4103428129
-4860.52631687297
-4860.58667045427
-4860.60914248493
-4860.60385577335
-4860.5657420251
-4860.4685038225
-4860.24896244051
-4859.76667967151
-4858.78752972849
-4857.3307058709
-4856.24334990351
-4856.51315496854
-4857.73182522994
-4858.92624877403
-4859.43158597909
-4859.58914779023
-4859.64347796036
-4859.65811814039
-4859.64496372787
-4859.60148500591
-4859.51884243658
-4859.38470025969
-4859.19186854115
-4858.96948969135
-4858.83995340591
-4859.00975590863
-4859.51263700576
-4860.04088978318
-4860.37461786298
-4860.5443516165
-4860.62657024194
-4860.66825779244
-4860.68844617296
-4860.68710296452
-4860.656184653
-4860.59626642215
-4860.51844784549
-4860.43362112635
-4860.34773215988
-4860.26389780906
-4860.18329417422
-4860.10474439884
-4860.02674503417
-4859.9520106276
-4859.88860897881
-4859.83780295597
-4859.79686140653
-4859.76915334297
-4859.72378907581
-4859.5436153243
-4859.08712854123
-4858.61597480636
-4858.6833393362
-4859.15693296277
-4859.57898653507
-4859.80590892499
-4859.9032989827
-4859.94359763705
-4859.95607659834
-4859.94078360464
-4859.89932385757
-4859.8612895516
-4859.84691930415
-4859.83482532709
-4859.84053865288
-4859.81256534065
-4859.793248112
-4859.75040287438
-4859.65184455165
-4859.45282084073
-4859.20208606589
-4859.08654466281
-4859.22045253651
-4859.44319157942
-4859.62028886229
-4859.72585906067
-4859.78105138662
-4859.81027923316
-4859.82809473587
-4859.83274983613
-4859.79970654019
-4859.70893828782
-4859.63332649781
-4859.68841336563
-4859.79411018547
-4859.87780791689
-4859.89795615697
-4859.89014419766
-4859.82986944724
-4859.69726939761
-4859.53001878827
-4859.4547781513
-4859.50202646678
-4859.63587094258
-4859.75477677558
-4859.81688374516
-4859.83687718413
-4859.83747963493
-4859.8171561473
-4859.72548866039
-4859.44537807719
-4858.86182376231
-4858.15902642838
-4857.83870159012
-4858.06992235068
-4858.33456571071
-4858.7015280103
-4859.20315222777
-4859.6584068165
-4859.98094319197
-4860.16069573139
-4860.23848932917
-4860.26334758819
-4860.26323731324
-4860.24502963984
-4860.20399231856
-4860.13630052794
-4860.07972910789
-4859.98415706718
-4859.8555672546
-4859.73787951966
-4859.59232829587
-4859.4651601964
-4859.43599812081
-4859.50135794335
-4859.60608554938
-4859.71390057295
-4859.81271628469
-4859.90669179678
-4860.01374199465
-4860.15866631055
-4860.33823549492
-4860.50430173924
-4860.6239455399
-4860.70275472765
-4860.75404701976
-4860.78575176041
-4860.80074642649
-4860.7970526224
-4860.76758695041
-4860.69860790826
-4860.56658994909
-4860.33376889968
-4859.9613650566
-4859.47879763065
-4859.03542112597
-4858.79139462883
-4858.77585449677
-4858.87823809548
-4858.97973838531
-4859.088272531
-4859.18071459242
-4859.21280219653
-4859.2325357637
-4859.21368251969
-4859.2074261366
-4859.27019570172
-4859.41124004643
-4859.68132267493
-4860.02053344379
-4860.28286083133
-4860.42670368226
-4860.50318724357
-4860.55387894897
