# Time-averaged data for fix msdoutY
# TimeStep c_msdO[3]
100 7.15151
200 7.15371
300 7.15768
400 7.16379
500 7.17273
600 7.18533
700 7.20307
800 7.23118
900 7.28513
1000 7.39523
1100 7.59776
1200 7.91839
1300 8.35752
1400 8.89016
1500 9.48663
1600 10.1266
1700 10.793
1800 11.463
1900 12.1107
2000 12.717
2100 13.2732
2200 13.7761
2300 14.227
2400 14.6349
2500 15.018
2600 15.4016
2700 15.8153
2800 16.2817
2900 16.7981
3000 17.3348
3100 17.8592
3200 18.3463
3300 18.7886
3400 19.2024
3500 19.6138
3600 20.0421
3700 20.4894
3800 20.9412
3900 21.3786
4000 21.7894
4100 22.1766
4200 22.5522
4300 22.9328
4400 23.342
4500 23.8151
4600 24.4018
4700 25.1559
4800 26.0645
4900 26.9592
5000 27.6166
5100 27.9575
5200 28.0484
5300 27.9564
5400 27.6974
5500 27.265
5600 26.6479
5700 25.8332
5800 24.811
5900 23.5892
6000 22.2138
6100 20.7835
6200 19.4359
6300 18.3017
6400 17.4508
6500 16.8888
6600 16.6144
6700 16.6253
6800 16.8845
6900 17.3349
7000 17.8951
7100 18.5311
7200 19.2403
7300 20.0662
7400 21.1071
7500 22.45
7600 24.0358
7700 25.6637
7800 27.1393
7900 28.3678
8000 29.3439
8100 30.1021
8200 30.6816
8300 31.1123
8400 31.413
8500 31.5922
8600 31.6497
8700 31.5753
8800 31.3492
8900 30.9441
9000 30.3332
9100 29.5088
9200 28.5051
9300 27.397
9400 26.2577
9500 25.1185
9600 23.9752
9700 22.8268
9800 21.6909
9900 20.5976
10000 19.5784
10100 18.6576
10200 17.8497
10300 17.1614
10400 16.5955
10500 16.1546
10600 15.8425
10700 15.6857
10800 15.7222
10900 15.9698
11000 16.4324
11100 17.1164
11200 18.0495
11300 19.1986
11400 20.4285
11500 21.5481
11600 22.4189
11700 23.0135
11800 23.3812
11900 23.5875
12000 23.6841
12100 23.7055
12200 23.6717
12300 23.5984
12400 23.502
12500 23.3991
12600 23.2968
12700 23.1901
12800 23.0676
12900 22.9131
13000 22.7146
13100 22.4818
13200 22.25
13300 22.0633
13400 21.9535
13500 21.9282
13600 21.979
13700 22.0903
13800 22.239
13900 22.3944
14000 22.5251
14100 22.6054
14200 22.622
14300 22.5694
14400 22.4447
14500 22.2607
14600 22.1009
14700 22.1556
14800 22.5342
14900 23.1597
15000 23.8184
15100 24.3143
15200 24.6305
15300 24.797
15400 24.8344
15500 24.7512
15600 24.5484
15700 24.2155
15800 23.7281
15900 23.0426
16000 22.0935
16100 20.8151
16200 19.2149
16300 17.4647
16400 15.8555
16500 14.7513
16600 14.4175
16700 14.7204
16800 15.2753
16900 15.8314
17000 16.3445
17100 16.812
17200 17.2279
17300 17.5895
17400 17.8942
17500 18.1383
17600 18.3184
17700 18.4274
17800 18.4482
17900 18.3529
18000 18.1203
18100 17.7512
18200 17.2749
18300 16.7506
18400 16.2419
18500 15.7823
18600 15.3718
18700 14.9954
18800 14.6415
18900 14.3095
19000 14.0097
19100 13.7592
19200 13.5748
19300 13.4714
19400 13.4601
19500 13.5518
19600 13.7606
19700 14.0966
19800 14.5583
19900 15.1244
20000 15.7534
20100 16.3941
20200 16.9987
20300 17.5308
20400 17.9694
20500 18.306
20600 18.5358
20700 18.6559
20800 18.6693
20900 18.5806
21000 18.3901
21100 18.108
21200 17.7737
21300 17.4496
21400 17.1939
21500 17.0378
21600 16.9774
21700 16.9895
21800 17.0537
21900 17.1601
22000 17.3108
22100 17.5124
22200 17.7662
22300 18.0678
22400 18.4129
22500 18.7997
22600 19.2307
22700 19.7135
22800 20.2515
22900 20.831
23000 21.422
23100 21.9832
23200 22.4727
23300 22.8622
23400 23.1376
23500 23.2928
23600 23.3281
23700 23.2427
23800 23.0303
23900 22.6857
24000 22.2114
24100 21.6181
24200 20.929
24300 20.1904
24400 19.4736
24500 18.8512
24600 18.3548
24700 17.9703
24800 17.6736
24900 17.4612
25000 17.3658
25100 17.4326
25200 17.7216
25300 18.3701
25400 19.6218
25500 21.4096
25600 23.169
25700 24.5096
25800 25.4528
25900 26.11
26000 26.5472
26100 26.7968
26200 26.8742
26300 26.785
26400 26.527
26500 26.0918
26600 25.4691
26700 24.6604
26800 23.7017
26900 22.6877
27000 21.7656
27100 21.0723
27200 20.674
27300 20.5613
27400 20.6891
27500 21.0055
27600 21.464
27700 22.0265
27800 22.657
27900 23.3112
28000 23.9415
28100 24.5073
28200 24.9791
28300 25.3434
28400 25.5979
28500 25.7438
28600 25.7736
28700 25.6618
28800 25.37
28900 24.877
29000 24.2076
29100 23.4328
29200 22.6437
29300 21.9243
29400 21.3242
29500 20.858
29600 20.512
29700 20.2626
29800 20.0857
29900 19.961
30000 19.8701
30100 19.7931
30200 19.7103
30300 19.6089
30400 19.5313
30500 19.4842
30600 19.4229
30700 19.2875
30800 19.0749
30900 18.8291
31000 18.6399
31100 18.5628
31200 18.5687
31300 18.6204
31400 18.6582
31500 18.6514
31600 18.5971
31700 18.4934
31800 18.3387
31900 18.1333
32000 17.8807
32100 17.5888
32200 17.2687
32300 16.9512
32400 16.7111
32500 16.6043
32600 16.6331
32700 16.7381
32800 16.9042
32900 17.1072
33000 17.329
33100 17.5485
33200 17.7429
33300 17.9093
33400 18.0426
33500 18.1366
33600 18.1908
33700 18.2613
33800 18.3837
33900 18.578
34000 18.8486
34100 19.1789
34200 19.5219
34300 19.806
34400 20.0131
34500 20.1304
34600 20.1494
34700 20.0715
34800 19.907
34900 19.6813
35000 19.4822
35100 19.3515
35200 19.2832
35300 19.2539
35400 19.2392
35500 19.1725
35600 19.0251
35700 18.796
35800 18.5694
35900 18.4191
36000 18.382
36100 18.5159
36200 18.8194
36300 19.2414
36400 19.7573
36500 20.279
36600 20.7216
36700 21.0659
36800 21.3027
36900 21.4283
37000 21.4438
37100 21.3558
37200 21.1734
37300 20.9083
37400 20.5753
37500 20.1976
37600 19.8069
37700 19.4437
37800 19.1513
37900 18.9658
38000 18.9107
38100 18.9967
38200 19.2288
38300 19.6157
38400 20.1727
38500 20.9147
38600 21.8413
38700 22.9155
38800 24.0565
38900 25.1598
39000 26.1338
39100 26.9279
39200 27.5269
39300 27.9339
39400 28.1635
39500 28.2357
39600 28.1669
39700 27.9662
39800 27.6379
39900 27.1799
40000 26.5746
40100 25.7855
40200 24.766
40300 23.4932
40400 22.0224
40500 20.5169
40600 19.1913
40700 18.1951
40800 17.5596
40900 17.2407
41000 17.1836
41100 17.3512
41200 17.7095
41300 18.2091
41400 18.7872
41500 19.3842
41600 19.9548
41700 20.4708
41800 20.9201
41900 21.3045
42000 21.6358
42100 21.9352
42200 22.2266
42300 22.5143
42400 22.7725
42500 22.9636
42600 23.0562
42700 23.0413
42800 22.9259
42900 22.7155
43000 22.4155
43100 22.0336
43200 21.5707
43300 21.0172
43400 20.3618
43500 19.5959
43600 18.7113
43700 17.7087
43800 16.625
43900 15.5534
44000 14.6208
44100 13.9123
44200 13.4271
44300 13.1276
44400 12.9859
44500 12.9824
44600 13.0944
44700 13.2934
44800 13.5533
44900 13.8605
45000 14.2199
45100 14.6549
45200 15.2001
45300 15.8923
45400 16.7607
45500 17.7963
45600 18.9058
45700 19.9217
45800 20.6882
45900 21.1565
46000 21.394
46100 21.4813
46200 21.4563
46300 21.3291
46400 21.0968
46500 20.7492
46600 20.2713
46700 19.6477
46800 18.878
46900 18.1325
47000 17.6888
47100 17.668
47200 17.915
47300 18.1611
47400 18.327
47500 18.4066
47600 18.4264
47700 18.441
47800 18.492
47900 18.59
48000 18.7258
48100 18.8518
48200 18.9361
48300 18.966
48400 18.9305
48500 18.8298
48600 18.7297
48700 18.7725
48800 19.0803
48900 19.7032
49000 20.59
49100 21.6359
49200 22.7586
49300 23.8295
49400 24.706
49500 25.2939
49600 25.5998
49700 25.6864
49800 25.6059
49900 25.3863
50000 25.0394
50100 24.5703
50200 23.9835
50300 23.2876
50400 22.4961
50500 21.6268
50600 20.7056
50700 19.7875
50800 18.9856
50900 18.4052
51000 18.3908
51100 19.6156
51200 21.2302
51300 22.7601
51400 23.8425
51500 24.4712
51600 24.8269
51700 25.0056
51800 25.0373
51900 24.9284
52000 24.6739
52100 24.2596
52200 23.6655
52300 22.8794
52400 21.9195
52500 20.8559
52600 19.8034
52700 18.9054
52800 18.3039
52900 18.0975
53000 18.3151
53100 18.9298
53200 19.8801
53300 21.0368
53400 22.167
53500 23.0411
53600 23.5774
53700 23.8371
53800 23.9033
53900 23.8141
54000 23.5749
54100 23.1773
54200 22.6095
54300 21.8625
54400 20.9405
54500 19.8805
54600 18.7655
54700 17.7093
54800 16.8981
54900 16.535
55000 16.763
55100 17.6401
55200 18.9472
55300 20.3964
55400 21.6967
55500 22.639
55600 23.1779
55700 23.4178
55800 23.4642
55900 23.3577
56000 23.101
56100 22.6818
56200 22.0807
56300 21.2763
56400 20.2567
56500 19.042
56600 17.7123
56700 16.4485
56800 15.5405
56900 15.1948
57000 15.4731
57100 16.2903
57200 17.4104
57300 18.5442
57400 19.493
57500 20.1854
57600 20.6341
57700 20.8843
57800 20.9735
57900 20.9223
58000 20.7358
58100 20.4056
58200 19.9092
58300 19.2076
58400 18.2568
58500 17.0617
58600 15.7653
58700 14.7052
58800 14.2316
58900 14.4482
59000 15.2982
59100 16.5884
59200 17.9815
59300 19.082
59400 19.7785
59500 20.1907
59600 20.4173
59700 20.4997
59800 20.4513
59900 20.2705
60000 19.9427
60100 19.44
60200 18.7293
60300 17.8021
60400 16.728
60500 15.6845
60600 14.902
60700 14.5495
60800 14.6694
60900 15.2324
61000 16.1694
61100 17.3509
61200 18.527
61300 19.4379
61400 19.9988
61500 20.3046
61600 20.451
61700 20.4751
61800 20.3834
61900 20.1693
62000 19.8174
62100 19.3051
62200 18.6107
62300 17.7315
62400 16.7166
62500 15.6854
62600 14.8066
62700 14.3324
62800 14.4704
62900 15.1677
63000 16.139
63100 17.1118
63200 17.9046
63300 18.4355
63400 18.7394
63500 18.8826
63600 18.9047
63700 18.821
63800 18.633
63900 18.3339
64000 17.9106
64100 17.3473
64200 16.6382
64300 15.8128
64400 14.9596
64500 14.2678
64600 13.9849
64700 14.2685
64800 15.0964
64900 16.2349
65000 17.404
65100 18.4591
65200 19.3528
65300 20.086
65400 20.6733
65500 21.13
65600 21.4672
65700 21.6893
65800 21.7937
65900 21.7689
66000 21.5897
66100 21.2238
66200 20.6615
66300 19.9481
66400 19.1807
66500 18.4617
66600 17.8496
66700 17.3529
66800 16.9629
66900 16.6846
67000 16.5433
67100 16.5632
67200 16.7481
67300 17.073
67400 17.4956
67500 17.9754
67600 18.4796
67700 18.9833
67800 19.4688
67900 19.9192
68000 20.3181
68100 20.6501
68200 20.9011
68300 21.0573
68400 21.1044
68500 21.0271
68600 20.8111
68700 20.4498
68800 19.9553
68900 19.3661
69000 18.7404
69100 18.1359
69200 17.6238
69300 17.2756
69400 17.0961
69500 17.0579
69600 17.1117
69700 17.1828
69800 17.344
69900 17.685
70000 18.2277
70100 18.9101
70200 19.7526
70300 20.8502
70400 22.1926
70500 23.6106
70600 24.9029
70700 25.9543
70800 26.7437
70900 27.2949
71000 27.6383
71100 27.7955
71200 27.7779
71300 27.5891
71400 27.2277
71500 26.6927
71600 25.9891
71700 25.1382
71800 24.1885
71900 23.2278
72000 22.377
72100 21.7328
72200 21.303
72300 21.0375
72400 20.8946
72500 20.8559
72600 20.912
72700 21.0594
72800 21.2974
72900 21.6287
73000 22.0626
73100 22.6132
73200 23.2866
73300 24.0574
73400 24.8692
73500 25.6604
73600 26.3875
73700 27.0279
73800 27.5724
73900 28.0181
74000 28.3621
74100 28.5977
74200 28.7108
74300 28.6793
74400 28.4755
74500 28.0738
74600 27.463
74700 26.6559
74800 25.6924
74900 24.6396
75000 23.5793
75100 22.5797
75200 21.6788
75300 20.8877
75400 20.1983
75500 19.596
75600 19.0651
75700 18.5917
75800 18.1639
75900 17.7715
76000 17.4083
76100 17.0761
76200 16.7898
76300 16.5679
76400 16.4214
76500 16.3565
76600 16.373
76700 16.4479
76800 16.5303
76900 16.575
77000 16.5663
77100 16.5094
77200 16.417
77300 16.3033
77400 16.1785
77500 16.0488
77600 15.9171
77700 15.7835
77800 15.6457
77900 15.4993
78000 15.3365
78100 15.1461
78200 14.9116
78300 14.6095
78400 14.2079
78500 13.6798
78600 13.037
78700 12.3638
78800 11.804
78900 11.4597
79000 11.3412
79100 11.4405
79200 11.7261
79300 12.1558
79400 12.6969
79500 13.2901
79600 13.861
79700 14.3597
79800 14.7623
79900 15.0624
80000 15.274
80100 15.4225
80200 15.5289
80300 15.6034
80400 15.6476
80500 15.6591
80600 15.6328
80700 15.5604
80800 15.4312
80900 15.2445
81000 15.0367
81100 14.888
81200 14.8576
81300 15.1191
81400 15.9397
81500 17.0668
81600 18.2936
81700 19.5505
81800 20.7301
81900 21.7748
82000 22.6794
82100 23.461
82200 24.1431
82300 24.747
82400 25.2905
82500 25.7901
82600 26.2652
82700 26.7377
82800 27.2302
82900 27.7563
83000 28.3027
83100 28.8192
83200 29.239
83300 29.515
83400 29.6334
83500 29.6022
83600 29.4337
83700 29.137
83800 28.7173
83900 28.1769
84000 27.5188
84100 26.751
84200 25.8891
84300 24.957
84400 23.9865
84500 23.0129
84600 22.0736
84700 21.2031
84800 20.4279
84900 19.7802
85000 19.3681
85100 19.2547
85200 19.3525
85300 19.5798
85400 19.8709
85500 20.1816
85600 20.4482
85700 20.6552
85800 20.8106
85900 20.9732
86000 21.1408
86100 21.2484
86200 21.2759
86300 21.2054
86400 21.0202
86500 20.727
86600 20.387
86700 20.0184
86800 19.674
86900 19.4135
87000 19.3213
87100 19.4817
87200 19.9486
87300 20.6334
87400 21.4612
87500 22.3245
87600 23.0625
87700 23.6103
87800 23.9565
87900 24.1248
88000 24.1528
88100 24.0724
88200 23.9026
88300 23.6523
88400 23.3244
88500 22.9176
88600 22.4257
88700 21.862
88800 21.2472
88900 20.5144
89000 19.7159
89100 19.0422
89200 18.9724
89300 19.5601
89400 20.4579
89500 21.4578
89600 22.3943
89700 23.2036
89800 23.8914
89900 24.4753
90000 24.9666
90100 25.3672
90200 25.6741
90300 25.8807
90400 25.9737
90500 25.9284
90600 25.705
90700 25.2601
90800 24.5849
90900 23.7402
91000 22.8436
91100 22.0211
91200 21.3501
91300 20.8473
91400 20.5074
91500 20.3306
91600 20.3161
91700 20.4369
91800 20.6462
91900 20.9066
92000 21.1974
92100 21.51
92200 21.8557
92300 22.1677
92400 22.4185
92500 22.5924
92600 22.6756
92700 22.6481
92800 22.483
92900 22.1612
93000 21.6961
93100 21.1433
93200 20.5739
93300 20.0399
93400 19.561
93500 19.1335
93600 18.7658
93700 18.4293
93800 18.104
93900 17.7799
94000 17.3992
94100 16.9582
94200 16.4712
94300 16.0322
94400 15.7332
94500 15.6438
94600 15.7984
94700 16.2083
94800 16.8109
94900 17.4429
95000 17.926
95100 18.2382
95200 18.4161
95300 18.4858
95400 18.4626
95500 18.3536
95600 18.1601
95700 17.8806
95800 17.5118
95900 17.0516
96000 16.502
96100 15.8752
96200 15.2021
96300 14.5374
96400 13.9544
96500 13.5196
96600 13.2607
96700 13.1671
96800 13.2133
96900 13.3714
97000 13.6131
97100 13.9113
97200 14.2434
97300 14.5954
97400 14.9625
97500 15.3567
97600 15.8165
97700 16.4054
97800 17.1646
97900 18.0357
98000 18.8716
98100 19.5453
98200 20.014
98300 20.2939
98400 20.4165
98500 20.4051
98600 20.2712
98700 20.0199
98800 19.6536
98900 19.1762
99000 18.598
99100 17.9427
99200 17.2539
99300 16.5965
99400 16.0491
99500 15.6759
99600 15.4912
99700 15.4598
99800 15.5297
99900 15.6553
100000 15.8029
100100 15.9491
100200 16.0782
100300 16.1992
100400 16.3579
100500 16.5763
100600 16.8695
100700 17.2386
100800 17.6467
100900 18.0573
101000 18.4611
101100 18.8429
101200 19.1852
101300 19.4673
101400 19.6675
101500 19.7645
101600 19.7422
101700 19.6003
101800 19.364
101900 19.0832
102000 18.822
102100 18.6667
102200 18.6435
102300 18.7195
102400 18.8139
102500 18.8938
102600 18.9538
102700 18.9992
102800 19.0398
102900 19.0816
103000 19.1247
103100 19.166
103200 19.1993
103300 19.2157
103400 19.2035
103500 19.1515
103600 19.0528
103700 18.9104
103800 18.7428
103900 18.5901
104000 18.5364
104100 18.5711
104200 18.6654
104300 18.8016
104400 18.9452
104500 19.0561
104600 19.1013
104700 19.07
104800 18.9754
104900 18.8396
105000 18.708
105100 18.619
105200 18.5696
105300 18.5358
105400 18.4636
105500 18.3422
105600 18.1781
105700 17.9774
105800 17.7466
105900 17.4931
106000 17.226
106100 16.9547
106200 16.6868
106300 16.4232
106400 16.1551
106500 15.8682
106600 15.6125
106700 15.4676
106800 15.4887
106900 15.6779
107000 15.9679
107100 16.2553
107200 16.4955
107300 16.6635
107400 16.7503
107500 16.7584
107600 16.6943
107700 16.5626
107800 16.3664
107900 16.107
108000 15.78
108100 15.3692
108200 14.9152
108300 14.4776
108400 14.0867
108500 13.8233
108600 13.7274
108700 13.7896
108800 13.9704
108900 14.2222
109000 14.507
109100 14.8015
109200 15.0913
109300 15.364
109400 15.6097
109500 15.8217
109600 15.9945
109700 16.1235
109800 16.2035
109900 16.2269
110000 16.1822
110100 16.0521
110200 15.8196
110300 15.4885
110400 15.1144
110500 14.8045
110600 14.6442
110700 14.6268
110800 14.7118
110900 14.875
111000 15.0972
111100 15.3569
111200 15.636
111300 15.9239
111400 16.2163
111500 16.5148
111600 16.8234
111700 17.1453
111800 17.4802
111900 17.8191
112000 18.142
112100 18.4207
112200 18.6211
112300 18.7164
112400 18.6985
112500 18.578
112600 18.377
112700 18.1193
112800 17.8219
112900 17.5068
113000 17.2466
113100 17.1448
113200 17.1788
113300 17.3027
113400 17.4929
113500 17.7661
113600 18.1287
113700 18.5743
113800 19.0786
113900 19.6013
114000 20.0948
114100 20.5135
114200 20.8221
114300 21.0008
114400 21.0462
114500 20.9723
114600 20.8089
114700 20.5944
114800 20.3625
114900 20.1341
115000 19.9177
115100 19.7132
115200 19.5159
115300 19.318
115400 19.1095
115500 18.8797
115600 18.6193
115700 18.3784
115800 18.2506
115900 18.3337
116000 18.6971
116100 19.2917
116200 19.9578
116300 20.5384
116400 20.9383
116500 21.1613
116600 21.2471
116700 21.227
116800 21.1178
116900 20.9285
117000 20.6649
117100 20.3328
117200 19.9406
117300 19.5045
117400 19.0519
117500 18.623
117600 18.2688
117700 18.0376
117800 17.9606
117900 18.0408
118000 18.2517
118100 18.5549
118200 18.9142
118300 19.2952
118400 19.6622
118500 19.9816
118600 20.2284
118700 20.3877
118800 20.4521
118900 20.4178
119000 20.2815
119100 20.0375
119200 19.6768
119300 19.1866
119400 18.5533
119500 17.7727
119600 16.8808
119700 16.035
119800 15.4365
119900 15.1832
120000 15.2648
120100 15.6573
120200 16.2838
120300 16.9814
120400 17.5602
120500 17.9928
120600 18.3049
120700 18.5156
120800 18.6364
120900 18.67
121000 18.6113
121100 18.4459
121200 18.1466
121300 17.6808
121400 17.0502
121500 16.3372
121600 15.673
121700 15.1614
121800 14.87
121900 14.8614
122000 15.1249
122100 15.5991
122200 16.1666
122300 16.7409
122400 17.2655
122500 17.7031
122600 18.0364
122700 18.2621
122800 18.3826
122900 18.401
123000 18.3172
123100 18.122
123200 17.7885
123300 17.2673
123400 16.5173
123500 15.5958
123600 14.7136
123700 14.1227
123800 13.9632
123900 14.1992
124000 14.6697
124100 15.2236
124200 15.7676
124300 16.265
124400 16.7059
124500 17.088
124600 17.4075
124700 17.6583
124800 17.8319
124900 17.9198
125000 17.9124
125100 17.7993
125200 17.5726
125300 17.2359
125400 16.8177
125500 16.3801
125600 16.0034
125700 15.7534
125800 15.6647
125900 15.7417
126000 15.9584
126100 16.2599
126200 16.592
126300 16.9403
126400 17.2687
126500 17.5276
126600 17.7147
126700 17.8499
126800 17.9398
126900 17.9833
127000 17.9763
127100 17.916
127200 17.8026
127300 17.6437
127400 17.4561
127500 17.2694
127600 17.1211
127700 17.0417
127800 17.0395
127900 17.0873
128000 17.1393
128100 17.1681
128200 17.1733
128300 17.1709
128400 17.1992
128500 17.3153
128600 17.4917
128700 17.6734
128800 17.8454
128900 17.9922
129000 18.0986
129100 18.1513
129200 18.1337
129300 18.0302
129400 17.9528
129500 18.0645
129600 18.3254
129700 18.552
129800 18.664
129900 18.6784
130000 18.6122
130100 18.4734
130200 18.2931
130300 18.1807
130400 18.1786
130500 18.2844
130600 18.4279
130700 18.5375
130800 18.6311
130900 18.7932
131000 19.0828
131100 19.5025
131200 19.9846
131300 20.3918
131400 20.6415
131500 20.7337
131600 20.7112
131700 20.6044
131800 20.4242
131900 20.1761
132000 19.8672
132100 19.5095
132200 19.1216
132300 18.7842
132400 18.5791
132500 18.5816
132600 18.8526
132700 19.4876
132800 20.5166
132900 21.8385
133000 23.2287
133100 24.5295
133200 25.6642
133300 26.6068
133400 27.3596
133500 27.9334
133600 28.3377
133700 28.5772
133800 28.6495
133900 28.5448
134000 28.249
134100 27.7507
134200 27.0528
134300 26.1872
134400 25.2226
134500 24.2503
134600 23.3497
134700 22.568
134800 21.9215
134900 21.4148
135000 21.0499
135100 20.821
135200 20.7105
135300 20.6932
135400 20.7408
135500 20.8252
135600 20.9154
135700 20.9781
135800 20.9807
135900 20.8952
136000 20.7027
136100 20.3907
136200 19.9474
136300 19.358
136400 18.6074
136500 17.6897
136600 16.6242
136700 15.476
136800 14.3569
136900 13.3888
137000 12.6472
137100 12.1369
137200 11.8213
137300 11.6595
137400 11.6179
137500 11.6638
137600 11.7656
137700 11.896
137800 12.0387
137900 12.1875
138000 12.3654
138100 12.6076
138200 12.9127
138300 13.2619
138400 13.6063
138500 13.8972
138600 14.1131
138700 14.2608
138800 14.3585
138900 14.4232
139000 14.4646
139100 14.4874
139200 14.4954
139300 14.493
139400 14.4838
139500 14.4687
139600 14.4476
139700 14.42
139800 14.3806
139900 14.3179
140000 14.221
140100 14.0882
140200 13.9296
140300 13.7688
140400 13.6303
140500 13.5141
140600 13.4062
140700 13.2988
140800 13.1934
140900 13.0975
141000 13.0223
141100 12.9833
141200 12.9999
141300 13.0965
141400 13.3012
141500 13.6387
141600 14.118
141700 14.72
141800 15.393
141900 16.0656
142000 16.6721
142100 17.1738
142200 17.5586
142300 17.8301
142400 17.9954
142500 18.0598
142600 18.0254
142700 17.8926
142800 17.6632
142900 17.3467
143000 16.962
143100 16.5387
143200 16.112
143300 15.7162
143400 15.4017
143500 15.2598
143600 15.3205
143700 15.538
143800 15.8163
143900 16.1284
144000 16.4579
144100 16.785
144200 17.0902
144300 17.3595
144400 17.585
144500 17.7628
144600 17.8885
144700 17.9531
144800 17.9416
144900 17.8364
145000 17.6294
145100 17.335
145200 16.9865
145300 16.6406
145400 16.4173
145500 16.3574
145600 16.4343
145700 16.5867
145800 16.772
145900 17.001
146000 17.2817
146100 17.5991
146200 17.8825
146300 18.1278
146400 18.3483
146500 18.5568
146600 18.7452
146700 18.8694
146800 18.896
146900 18.8287
147000 18.6846
147100 18.4778
147200 18.218
147300 17.9132
147400 17.5685
147500 17.2219
147600 16.955
147700 16.7729
147800 16.6236
147900 16.5074
148000 16.4029
148100 16.2936
148200 16.1997
148300 16.1227
148400 16.0528
148500 15.9674
148600 15.8352
148700 15.6757
148800 15.5319
148900 15.4289
149000 15.3627
149100 15.3174
149200 15.279
149300 15.2376
149400 15.1861
149500 15.1197
149600 15.0338
149700 14.925
149800 14.8141
149900 14.7398
150000 14.7257
150100 14.7891
150200 14.9302
150300 15.1141
150400 15.2819
150500 15.4099
150600 15.4813
150700 15.4922
150800 15.4499
150900 15.3661
151000 15.264
151100 15.1917
151200 15.163
151300 15.1737
151400 15.1846
151500 15.1708
151600 15.1362
151700 15.0862
151800 15.0254
151900 14.955
152000 14.8732
152100 14.7773
152200 14.6634
152300 14.5253
152400 14.3665
152500 14.2548
152600 14.262
152700 14.4217
152800 14.6924
152900 15.0012
153000 15.3528
153100 15.7212
153200 16.0601
153300 16.3191
153400 16.4938
153500 16.5879
153600 16.6065
153700 16.5528
153800 16.4308
153900 16.2419
154000 15.9834
154100 15.6704
154200 15.356
154300 15.0606
154400 14.8079
154500 14.7111
154600 14.8966
154700 15.5281
154800 16.4893
154900 17.28
155000 17.7625
155100 18.0359
155200 18.1706
155300 18.1939
155400 18.1144
155500 17.9354
155600 17.6573
155700 17.2789
155800 16.8001
155900 16.3043
156000 15.8887
156100 15.6957
156200 15.8628
156300 16.3743
156400 17.1552
156500 18.0785
156600 18.9377
156700 19.6301
156800 20.1287
156900 20.4439
157000 20.6047
157100 20.6382
157200 20.5622
157300 20.3854
157400 20.1089
157500 19.7567
157600 19.3769
157700 18.976
157800 18.5418
157900 18.0607
158000 17.7338
158100 17.9574
158200 18.766
158300 19.8076
158400 20.7219
158500 21.3767
158600 21.8416
158700 22.1682
158800 22.376
158900 22.5261
159000 22.6612
159100 22.7975
159200 22.94
159300 23.078
159400 23.1416
159500 23.0982
159600 22.9563
159700 22.7444
159800 22.5115
159900 22.3107
160000 22.1813
160100 22.1341
160200 22.1597
160300 22.2437
160400 22.375
160500 22.5454
160600 22.7491
160700 22.9788
160800 23.2273
160900 23.4887
161000 23.758
161100 24.027
161200 24.2784
161300 24.4821
161400 24.6046
161500 24.6216
161600 24.5171
161700 24.2799
161800 23.9022
161900 23.3834
162000 22.7375
162100 22.0005
162200 21.2283
162300 20.4856
162400 19.8293
162500 19.2963
162600 18.9038
162700 18.6502
162800 18.5197
162900 18.4925
163000 18.5515
163100 18.6798
163200 18.8629
163300 19.0885
163400 19.3455
163500 19.6226
163600 19.92
163700 20.2571
163800 20.6643
163900 21.1495
164000 21.682
164100 22.2176
164200 22.7171
164300 23.1517
164400 23.5047
164500 23.7682
164600 23.9345
164700 23.9985
164800 23.9581
164900 23.812
165000 23.5613
165100 23.2116
165200 22.7766
165300 22.2811
165400 21.7639
165500 21.2654
165600 20.8109
165700 20.3975
165800 20.0072
165900 19.6317
166000 19.2751
166100 19.001
166200 18.8978
166300 19.0111
166400 19.3102
166500 19.7358
166600 20.2275
166700 20.735
166800 21.2234
166900 21.6656
167000 22.0434
167100 22.3436
167200 22.5572
167300 22.6771
167400 22.6957
167500 22.6041
167600 22.3935
167700 22.0573
167800 21.5966
167900 21.0299
168000 20.3956
168100 19.7417
168200 19.1109
168300 18.5311
168400 18.0163
168500 17.5715
168600 17.1967
168700 16.888
168800 16.6366
168900 16.4288
169000 16.2472
169100 16.0734
169200 15.8911
169300 15.6876
169400 15.4536
169500 15.1821
169600 14.8653
169700 14.4924
169800 14.0507
169900 13.5365
170000 12.9699
170100 12.3989
170200 11.8839
170300 11.5092
170400 11.3287
170500 11.3228
170600 11.4292
170700 11.5737
170800 11.6952
170900 11.7894
171000 11.856
171100 11.8937
171200 11.9005
171300 11.87
171400 11.7862
171500 11.6254
171600 11.3782
171700 11.0612
171800 10.695
171900 10.3487
172000 10.162
172100 10.2089
172200 10.4734
172300 10.8448
172400 11.1946
172500 11.4878
172600 11.7171
172700 11.883
172800 11.9893
172900 12.0406
173000 12.0427
173100 12.0015
173200 11.9226
173300 11.8121
173400 11.7149
173500 11.6737
173600 11.6989
173700 11.7555
173800 11.8386
173900 11.9681
174000 12.163
174100 12.43
174200 12.7546
174300 13.1079
174400 13.4686
174500 13.8321
174600 14.2074
174700 14.6018
174800 15.0166
174900 15.4454
175000 15.875
175100 16.2912
175200 16.6842
175300 17.0491
175400 17.3868
175500 17.7052
175600 18.0213
175700 18.3623
175800 18.7633
175900 19.2492
176000 19.8104
176100 20.4014
176200 20.9668
176300 21.4653
176400 21.8697
176500 22.1697
176600 22.3754
176700 22.5175
176800 22.634
176900 22.756
177000 22.9017
177100 23.0752
177200 23.2663
177300 23.4558
177400 23.6247
177500 23.7689
177600 23.908
177700 24.076
177800 24.2934
177900 24.5561
178000 24.8513
178100 25.1603
178200 25.4585
178300 25.7166
178400 25.907
178500 26.0101
178600 26.0147
178700 25.914
178800 25.7029
178900 25.3773
179000 24.9361
179100 24.3834
179200 23.7313
179300 22.9879
179400 22.1186
179500 21.009
179600 19.8187
179700 19.4634
179800 19.7085
179900 20.2874
180000 21.1309
180100 22.1346
180200 23.2027
180300 24.1947
180400 25.0474
180500 25.7362
180600 26.2558
180700 26.6064
180800 26.7882
180900 26.7953
181000 26.6105
181100 26.1984
181200 25.5045
181300 24.4859
181400 23.1942
181500 21.8279
181600 20.6349
181700 19.8567
181800 19.5874
181900 19.738
182000 20.097
182100 20.4459
182200 20.7079
182300 20.8891
182400 21.0065
182500 21.1137
182600 21.2463
182700 21.4191
182800 21.6295
182900 21.8349
183000 21.9868
183100 22.0665
183200 22.0557
183300 21.9476
183400 21.75
183500 21.5132
183600 21.3751
183700 21.4136
183800 21.6009
183900 21.841
184000 22.0339
184100 22.1297
184200 22.1383
184300 22.0708
184400 21.9408
184500 21.7623
184600 21.5514
184700 21.321
184800 21.0689
184900 20.7774
185000 20.4366
185100 20.092
185200 19.8466
185300 19.7718
185400 19.8393
185500 19.9886
185600 20.1954
185700 20.4626
185800 20.8182
185900 21.2798
186000 21.8514
186100 22.5
186200 23.1716
186300 23.8172
186400 24.4067
186500 24.928
186600 25.3847
186700 25.7969
186800 26.1958
186900 26.5912
187000 26.9363
187100 27.1602
187200 27.2246
187300 27.1325
187400 26.9071
187500 26.5671
187600 26.1216
187700 25.5784
187800 24.951
187900 24.2619
188000 23.5405
188100 22.8193
188200 22.1346
188300 21.5285
188400 21.0517
188500 20.7506
188600 20.6577
188700 20.866
188800 21.4791
188900 22.5217
189000 23.7869
189100 24.9731
189200 25.8543
189300 26.3844
189400 26.6361
189500 26.6801
189600 26.5501
189700 26.2544
189800 25.7889
189900 25.1433
190000 24.3078
190100 23.2836
190200 22.0955
190300 20.8183
190400 19.6581
190500 18.8162
190600 18.4203
190700 18.5269
190800 19.0379
190900 19.7417
191000 20.4633
191100 21.0858
191200 21.5855
191300 21.9685
191400 22.2409
191500 22.4048
191600 22.4585
191700 22.3938
191800 22.1914
191900 21.8875
192000 21.564
192100 21.3478
192200 21.3653
192300 21.6255
192400 22.0205
192500 22.4141
192600 22.7699
192700 23.0779
192800 23.3484
192900 23.6034
193000 23.8689
193100 24.164
193200 24.4984
193300 24.8732
193400 25.2798
193500 25.697
193600 26.089
193700 26.4182
193800 26.6559
193900 26.7844
194000 26.8036
194100 26.7397
194200 26.6306
194300 26.5014
194400 26.3575
194500 26.1928
194600 25.9958
194700 25.7494
194800 25.4311
194900 25.0188
195000 24.495
195100 23.862
195200 23.1614
195300 22.4717
195400 21.841
195500 21.2396
195600 20.7185
195700 20.4092
195800 20.1879
195900 19.9988
196000 19.9632
196100 20.0396
196200 20.1328
196300 20.2831
196400 20.5013
196500 20.752
196600 21.0309
196700 21.339
196800 21.6667
196900 21.9812
197000 22.2389
197100 22.404
197200 22.4546
197300 22.38
197400 22.1799
197500 21.8675
197600 21.4748
197700 21.0491
197800 20.633
197900 20.2513
198000 19.9275
198100 19.6977
198200 19.5798
198300 19.5232
198400 19.4627
198500 19.3773
198600 19.2747
198700 19.1703
198800 19.0801
198900 19.0158
199000 18.9849
199100 18.9861
199200 19.0051
199300 19.015
199400 18.9895
199500 18.9224
199600 18.845
199700 18.8035
199800 18.8208
199900 18.8936
200000 19.015
