# Fix print output for fix totenergy
-4852.04455543234
-4852.03763235521
-4852.0018015506
-4851.87192239367
-4851.52796772533
-4850.93109968353
-4850.45205976868
-4850.59862360381
-4851.22655213321
-4851.79144868799
-4852.11798576907
-4852.32858309799
-4852.51593660474
-4852.69441489719
-4852.84700117699
-4852.97600795025
-4853.09453049413
-4853.20822383689
-4853.31053065531
-4853.39178559319
-4853.44692189297
-4853.4771585662
-4853.48365279232
-4853.46008423063
-4853.37976239386
-4853.1698082697
-4852.69868162811
-4851.9124062952
-4851.19657710962
-4851.20012006412
-4851.89782176545
-4852.66909208831
-4853.18181487234
-4853.47190443367
-4853.63866243806
-4853.74185224962
-4853.80590514413
-4853.8408024543
-4853.85114660217
-4853.83912890871
-4853.80500285291
-4853.74612996611
-4853.65299592839
-4853.49488005424
-4853.18543371983
-4852.50434234233
-4851.1857519109
-4849.82005705352
-4849.97959921964
-4851.42330607908
-4852.53842146496
-4852.97072647915
-4853.09567563139
-4853.12760070243
-4853.12433247133
-4853.09256310924
-4853.02567200423
-4852.92164167719
-4852.80962522843
-4852.77502663178
-4852.93150871463
-4853.29995756911
-4853.73275449608
-4854.05629656444
-4854.26110829791
-4854.32446678759
-4854.34617364565
-4854.36024902449
-4854.32202562414
-4854.2835259651
-4854.18795203382
-4853.98612449056
-4853.56107201989
-4852.7368742933
-4851.61681766143
-4850.83098975745
-4850.74138511158
-4851.05961171416
-4851.40909846062
-4851.64521539786
-4851.77246481728
-4851.82956483209
-4851.84483005816
-4851.83270841349
-4851.79658846345
-4851.73043386222
-4851.61933539859
-4851.43785600021
-4851.16498108405
-4850.81987242755
-4850.5124931297
-4850.40383272206
-4850.55884788029
-4850.86089775988
-4851.14606825711
-4851.37866866471
-4851.61559593046
-4851.90332077416
-4852.24813497538
-4852.6212478088
-4852.97274999577
-4853.26073856557
-4853.46537498827
-4853.59142448907
-4853.65600190267
-4853.71208091032
-4853.71351717521
-4853.69816644245
-4853.63462284923
-4853.40779270484
-4852.96530372624
-4852.26156984458
-4851.61884943511
-4851.52982792067
-4852.05475454447
-4852.77519255579
-4853.31847888463
-4853.61585841427
-4853.75085290192
-4853.80203865493
-4853.81103492234
-4853.79724119
-4853.76720809254
-4853.71913529844
-4853.64504287531
-4853.5288002968
-4853.34953095565
-4853.10159545148
-4852.8496764124
-4852.75735215043
-4852.96909721747
-4853.41482747767
-4853.84755745228
-4854.11130798146
-4854.23328150761
-4854.29468215153
-4854.3404276694
-4854.38029939
-4854.40903240959
-4854.41931820665
-4854.39856327423
-4854.30689530373
-4854.05038865687
-4853.50332724269
-4852.66731851416
-4851.88793712121
-4851.46691772202
-4851.49442831528
-4851.95482999568
-4852.58436046899
-4853.0823621814
-4853.34550931767
-4853.46335233744
-4853.51142486495
-4853.52693632788
-4853.5234480167
-4853.49906374923
-4853.43432539178
-4853.27859257788
-4852.93012644839
-4852.29427041591
-4851.57142270066
-4851.42117063474
-4852.20347435289
-4853.00943735205
-4853.2088464203
-4853.39214419728
-4853.63560265259
-4853.76861259959
-4853.81546845738
-4853.82339042791
-4853.80722911002
-4853.76969431406
-4853.70825781699
-4853.61492290699
-4853.47305709492
-4853.2571327032
-4852.94204970599
-4852.54106196114
-4852.16174881507
-4852.01014016739
-4852.24903076456
-4852.81901748059
-4853.464857482
-4853.9627294772
-4854.26364378122
-4854.42113222356
-4854.49279497654
-4854.51459635456
-4854.50761590901
-4854.48156400719
-4854.43847864356
-4854.37527436953
-4854.28691284404
-4854.17236705312
-4854.03105391427
-4853.85755833183
-4853.65417223108
-4853.44882450948
-4853.28836132768
-4853.20054085026
-4853.17658632108
-4853.18679852669
-4853.20604831952
-4853.22057778759
-4853.22393601682
-4853.20849118412
-4853.15315385942
-4853.02615960276
-4852.82404716236
-4852.60900312071
-4852.4963346096
-4852.57197728284
-4852.827537036
-4853.19045854405
-4853.5685496119
-4853.87984794261
-4854.08330538529
-4854.18687676082
-4854.22716664497
-4854.2385374995
-4854.23496906657
-4854.20636895967
-4854.12214145437
-4853.93475088998
-4853.58711363487
-4853.05855385502
-4852.46282678535
-4852.03455143812
-4851.91949452444
-4852.05812040684
-4852.29776171071
-4852.52327917934
-4852.68955308314
-4852.79579839346
-4852.85548520692
-4852.88334562184
-4852.88909725125
-4852.88378980372
-4852.88060198255
-4852.89909602435
-4852.96259109586
-4853.08266640926
-4853.23478360342
-4853.36690724951
-4853.45169440856
-4853.49542394366
-4853.54979677223
-4853.53380004055
-4853.48746622075
-4853.38674681563
-4853.09446070377
-4852.01052688086
-4849.81617025524
-4849.1434338617
-4850.92279383737
-4852.4338015467
-4853.0928734731
-4853.36157052553
-4853.48133052159
-4853.53633956551
-4853.55547145653
-4853.54608888715
-4853.50240013165
-4853.40876482802
-4853.24827838153
-4853.02684210662
-4852.81602137259
-4852.7483657232
-4852.89496326161
-4853.16672282109
-4853.42376868725
-4853.61143007425
-4853.74616017741
-4853.85695037672
-4853.95712506896
-4854.05009175295
-4854.13479688039
-4854.20793460953
-4854.26517110893
-4854.30420699539
-4854.3243451373
-4854.3261613692
-4854.30908036523
-4854.26598384469
-4854.17107529562
-4853.965899681
-4853.59279347274
-4853.08861560288
-4852.62243637234
-4852.40180750041
-4852.53648605982
-4852.95297255065
-4853.45744305814
-4853.88791301185
-4854.18601779926
-4854.36915108845
-4854.47408709952
-4854.53013307659
-4854.5528538879
-4854.54763679129
-4854.51149553469
-4854.45606396331
-4854.29725931673
-4853.95397341052
-4853.13551267897
-4851.61265072165
-4850.17793536472
-4850.51816576552
-4852.04938619324
-4853.08537651394
-4853.4972309958
-4853.61315054055
-4853.65623082785
-4853.65887175675
-4853.63557290484
-4853.58668963965
-4853.5061262063
-4853.38147469445
-4853.19579920563
-4852.93043593651
-4852.5787616058
-4852.20793992713
-4851.89168911976
-4851.86255815129
-4852.20718957651
-4852.8286757174
-4853.30584221989
-4853.59273880622
-4853.7537934729
-4853.81719875949
-4853.85968378642
-4853.86965602778
-4853.85504723796
-4853.82153591447
-4853.79488617092
-4853.73912887647
-4853.67458272358
-4853.59381049997
-4853.4851591703
-4853.34048889121
-4853.14900679043
-4852.9809818665
-4852.84199347076
-4852.7652872371
-4852.78253166991
-4852.9148656086
-4853.16575998953
-4853.5312166273
-4853.84827503498
-4854.05816302208
-4854.17378543329
-4854.23909383183
-4854.24945095931
-4854.26600553635
-4854.26471340288
-4854.26391955956
-4854.22455804211
-4854.1670814721
-4854.07568115428
-4853.82718961391
-4853.45905770642
-4853.1546580265
-4853.01298565364
-4853.01830780136
-4853.14355661778
-4853.30264246478
-4853.46654385128
-4853.62223520934
-4853.76490545554
-4853.89442492155
-4854.01295365168
-4854.12336443917
-4854.22823281892
-4854.32827462434
-4854.42063548694
-4854.49829472402
-4854.55333064255
-4854.5838260498
-4854.59485386062
-4854.58839230141
-4854.54908767684
-4854.43578333589
-4854.18858491038
-4853.76883480245
-4853.22544013734
-4852.71754775506
-4852.41566158398
-4852.37081699077
-4852.50226850408
-4852.6900484307
-4852.85835858719
-4852.98080540164
-4853.06189553978
-4853.11427574282
-4853.14890071716
-4853.17169826652
-4853.18231487754
-4853.17108850473
-4853.11293600145
-4852.95824974908
-4852.63739442266
-4852.1339773358
-4851.63761023999
-4851.5271063865
-4851.99255734247
-4852.77173665378
-4853.42420688794
-4853.76675569877
-4853.89247008879
-4853.9366002744
-4853.95718157616
-4853.95437868312
-4853.92427202815
-4853.87374816742
-4853.80882085709
-4853.72706623094
-4853.61980524472
-4853.4656862426
-4853.2059243256
-4852.69211502143
-4851.75192032804
-4850.74829409192
-4850.43005326468
-4850.74283161785
-4851.2075569062
-4851.58267163572
-4851.83334746918
-4851.98813914114
-4852.07995270652
-4852.13088933024
-4852.1525991918
-4852.14787916744
-4852.11258534703
-4852.03908113502
-4851.92918277188
-4851.83123995777
-4851.89890802432
-4852.34395028669
-4853.09866921914
-4853.72521911345
-4854.0201996797
-4854.11812302441
-4854.15437443241
-4854.17447243861
-4854.1747589387
-4854.14419106741
-4854.08049249509
-4853.98617600177
-4853.85418363479
-4853.65841853514
-4853.33625835374
-4852.7889619495
-4851.98290797689
-4851.19428495094
-4850.97871694356
-4851.54626938789
-4852.41542356612
-4852.97058788363
-4853.16940773912
-4853.22752757201
-4853.24563725056
-4853.24744672108
-4853.23188134855
-4853.18619983533
-4853.08854379138
-4852.91544933677
-4852.69669151485
-4852.51212313444
-4852.35424003553
-4852.21025421516
-4852.29293931205
-4852.90514198239
-4853.69218486432
-4854.21691418103
-4854.44873874903
-4854.50304085393
-4854.51202040241
-4854.51103302289
-4854.47245120043
-4854.42619706735
-4854.34033088876
-4854.2036371125
-4854.01747646822
-4853.82413680702
-4853.63293501772
-4853.49239892568
-4853.36584330289
-4853.18370315996
-4852.89147251881
-4852.61934112412
-4852.47704608407
-4852.62469903862
-4853.06434479242
-4853.52652727167
-4853.80762656232
-4853.94330291051
-4854.01287333123
-4854.05426430008
-4854.07818507603
-4854.08259965634
-4854.0583750875
-4853.99119730553
-4853.86135199468
-4853.63942581534
-4853.27987553062
-4852.75263536032
-4852.14871773497
-4851.68500225852
-4851.47439417018
-4851.24397102799
-4851.48538796564
-4852.73577657512
-4853.84414167169
-4854.21306320047
-4854.29262914398
-4854.30814714591
-4854.30922933346
-4854.30351431811
-4854.28469632382
-4854.23430127168
-4854.12036498985
-4853.91007474817
-4853.60289641896
-4853.2542135324
-4852.94588246992
-4852.73838796734
-4852.62402780622
-4852.58793105586
-4852.50929570422
-4852.37687180968
-4852.32692055888
-4852.52678124446
-4853.12681872007
-4853.8210633614
-4854.22255222534
-4854.35567149807
-4854.38909210663
-4854.39755155555
-4854.39669817563
-4854.38178822422
-4854.33832888261
-4854.2466594296
-4854.09378009972
-4853.89511909581
-4853.69730251194
-4853.56385157196
-4853.48000407168
-4853.40816023096
-4853.28388373474
-4852.71282697803
-4852.03851574591
-4852.02663136858
-4852.7037458143
-4853.45506057157
-4853.82334581567
-4853.91228904342
-4853.926175223
-4853.92893434653
-4853.92671518743
-4853.90879170509
-4853.85250525929
-4853.72577584178
-4853.50825017053
-4853.24511755247
-4853.09716638858
-4853.15787431739
-4853.26189609439
-4853.29041100771
-4853.28903891056
-4853.22740706925
-4853.28071276392
-4853.56425470442
-4853.95379693188
-4854.21714330393
-4854.33131484452
-4854.36729307954
-4854.37686388774
-4854.38026371837
-4854.37863948164
-4854.3569863692
-4854.27364654908
-4854.03857849461
-4853.52955130268
-4852.79555312137
-4852.27854830367
-4852.1762663297
-4852.15726905996
-4852.09200733091
-4851.79219011514
-4851.71789846184
-4852.59059706058
-4853.7294947766
-4854.2230981487
-4854.34722793136
-4854.37200483929
-4854.37563432548
-4854.3754471126
-4854.36797769762
-4854.33160251717
-4854.217386116
-4853.95233700528
-4853.51514068891
-4853.06313189833
-4852.80854997315
-4852.74705047277
-4852.7046488275
-4852.57943947327
-4852.2128949665
-4851.89767051372
-4852.03583875757
-4852.78239273886
-4853.61502890392
-4854.00559687343
-4854.0983817236
-4854.11282195347
-4854.11426819588
-4854.11279697699
-4854.10207773262
-4854.06258082416
-4853.95769844784
-4853.74102168701
-4853.40428758517
-4853.05603693964
-4852.8897540605
-4852.9813378442
-4853.06822151299
-4853.06876294637
-4853.01212224665
-4853.09042483407
-4853.51280848027
-4854.03616681039
-4854.344722946
-4854.44324535529
-4854.46286579586
-4854.46568975194
-4854.46664004161
-4854.46319971022
-4854.44207226542
-4854.37646708374
-4854.22490413165
-4853.95272115034
-4853.5901219217
-4853.28467785704
-4853.10683210201
-4853.04684132872
-4852.9849996542
-4852.78864473798
-4852.76242569561
-4853.04981973017
-4853.35357746001
-4853.54229481565
-4853.63288028999
-4853.66330612974
-4853.65962496914
-4853.63405336154
-4853.58651557001
-4853.50205893881
-4853.34534238689
-4853.06392609718
-4852.63895932058
-4852.19414538173
-4852.00910217808
-4852.27845830111
-4852.88985878524
-4853.53533929962
-4853.99085212042
-4854.21940234237
-4854.29573972151
-4854.30498965761
-4854.29048883206
-4854.24568377342
-4854.14606348564
-4853.99959595291
-4853.84739758971
-4853.72280203497
-4853.63550048766
-4853.57823962773
-4853.5385799593
-4853.50456394453
-4853.46573603362
-4853.41205399603
-4853.33324771816
-4853.2206313287
-4853.07328550552
-4852.91435450461
-4852.8031940998
-4852.8266297146
-4853.04810116472
-4853.43106688139
-4853.8473614166
-4854.1863819298
-4854.36267928468
-4854.45869432742
-4854.52434052587
-4854.54680446195
-4854.59021528547
-4854.61213607462
-4854.58568811725
-4854.46317339576
-4854.19034756293
-4853.64550757766
-4852.71708427438
-4851.83833350954
-4851.58455472441
-4851.86394803203
-4852.26596507161
-4852.57237475329
-4852.76071626595
-4852.86697082203
-4852.92280919092
-4852.94583081484
-4852.94364971661
-4852.92058108567
-4852.88027247573
-4852.8407784564
-4852.84037440991
-4852.94343601737
-4853.22116999321
-4853.65095562477
-4854.034779936
-4854.24681233052
-4854.34218983313
-4854.38624722218
-4854.40614468364
-4854.41059946379
-4854.40140905964
-4854.37648644095
-4854.32821818528
-4854.24037416665
-4854.09200011147
-4853.88267800426
-4853.6600045133
-4853.4800890448
-4853.35304390367
-4853.25867150095
-4853.17815130833
-4853.10084129554
-4853.02057499297
-4852.93149459169
-4852.82506928697
-4852.68856467134
-4852.50800833256
-4852.27806196423
-4852.01684531081
-4851.7763335979
-4851.63684257564
-4851.67258123004
-4851.89905937566
-4852.25000280334
-4852.61861170717
-4852.92506497369
-4853.14473346271
-4853.29039727466
-4853.38367657472
-4853.44129450705
-4853.47391138874
-4853.49130706117
-4853.50549740751
-4853.52357328682
-4853.53733807603
-4853.53413856579
-4853.51584079369
-4853.49028153288
-4853.44918914317
-4853.35450346842
-4853.17063144281
-4852.9493157411
-4852.79504609694
-4852.75053911774
-4852.78984977642
-4852.86966271366
-4852.95830705944
-4853.0413628763
-4853.11446350737
-4853.17536368382
-4853.22111358064
-4853.24970680972
-4853.26011301641
-4853.24848769081
-4853.20205850459
-4853.08998348303
-4852.85464198202
-4852.43392722589
-4851.8823538312
-4851.53901557328
-4851.79792793885
-4852.40163951164
-4852.76685365999
-4852.90261471306
-4852.93920498383
-4852.95871264634
-4853.02446062424
-4853.11868766226
-4853.2684830004
-4853.46280088268
-4853.66304779048
-4853.82592818156
-4853.91888257989
-4853.95466500776
-4853.96690037416
-4853.97345413543
-4853.97837629514
-4853.97931076592
-4853.96870778214
-4853.92980546819
-4853.8280110304
-4853.60379693806
-4853.2049488629
-4852.70563644019
-4852.31101292971
-4852.14865053607
-4852.08726628817
-4852.04853128888
-4852.09140490067
-4852.35774409721
-4852.73050479668
-4853.08183482442
-4853.33876023968
-4853.49931326001
-4853.58752711195
-4853.62700569743
-4853.63338046498
-4853.6135947807
-4853.56565035189
-4853.47510295448
-4853.30633805311
-4852.99707137408
-4852.50240565113
-4851.92635519936
-4851.54697125054
-4851.55392102406
-4851.85683171637
-4852.23569058277
-4852.54872502736
-4852.76486674011
-4852.90363918966
-4852.99097416705
-4853.0463113463
-4853.08313652232
-4853.11240840759
-4853.14511764097
-4853.19292419753
-4853.2665361507
-4853.37375786824
-4853.5185044317
-4853.70156056569
-4853.9234470353
-4854.19885536568
-4854.42896419065
-4854.51507074208
-4854.57415616953
-4854.63860756189
-4854.69627791666
-4854.70859443991
-4854.71678284164
-4854.71163617612
-4854.72096031572
-4854.70781602781
-4854.67181927967
-4854.65312843408
-4854.62759783501
-4854.58842833111
-4854.52752663256
-4854.45788704592
-4854.33434257845
-4854.17357096563
-4853.9974634785
-4853.84103145032
-4853.70087954444
-4853.57660321796
-4853.39574159334
-4853.31565714701
-4853.37221120158
-4853.55179879091
-4853.8454859841
-4854.13193550318
-4854.34437811214
-4854.47007885888
-4854.53578303418
-4854.5712225157
-4854.59270078053
-4854.60531720479
-4854.60717759146
-4854.58927561439
-4854.52725599508
-4854.37684030843
-4853.85771267496
-4852.79483060915
-4851.73410001793
-4851.3405651602
-4851.36154778836
-4851.51518978557
-4852.01982325581
-4852.85741010651
-4853.53375020005
-4853.90546056413
-4854.07771284924
-4854.15038957489
-4854.17447843291
-4854.17221227511
-4854.15166644261
-4854.11084894006
-4854.03381196453
-4853.88016502246
-4853.58557566807
-4853.13743740964
-4852.70936493941
-4852.56033385578
-4852.71433601947
-4852.96355744342
-4853.1586008221
-4853.28988520207
-4853.38937613936
-4853.48622190381
-4853.60634488148
-4853.75784802356
-4853.91192725421
-4854.03287525147
-4854.11360443617
-4854.19276700385
-4854.19667268269
-4854.21079496026
-4854.19770113416
-4854.13545372323
-4853.98638106609
-4853.69349675027
-4853.20441626677
-4852.57766265164
-4852.09194444206
-4852.08143086573
-4852.55141977599
-4853.16797601289
-4853.65170932912
-4853.97270553948
-4854.14180044213
-4854.24241613767
-4854.29843798471
-4854.30889772723
-4854.30992669328
-4854.28180377952
-4854.24320292115
-4854.15676406025
-4854.05239952805
-4853.8488136006
-4853.06451631683
-4851.48488193989
-4850.77098573528
-4851.44118134739
-4852.3577551141
-4852.92021881855
-4853.20908304988
-4853.3580181123
-4853.43675555311
-4853.47536031864
-4853.48517326926
-4853.4676696417
-4853.41872782713
-4853.3340219221
-4853.21667834746
-4853.1021203112
-4853.07869525798
-4853.26533475927
-4853.6718045765
-4854.08556288249
-4854.30941498883
-4854.38059179152
-4854.40934512994
-4854.43934138401
-4854.46449133943
-4854.4710246733
-4854.44824362271
-4854.38646155928
-4854.26569413234
-4854.03305366992
-4853.56543119441
-4852.72198178881
-4851.72412824262
-4851.20728719384
-4851.3756081283
-4851.85155280895
-4852.27833740449
-4852.55783940788
-4852.72160260381
-4852.81508620315
-4852.86745462135
-4852.89438676379
-4852.90654533709
-4852.91882167421
-4852.9596164764
-4853.07325419584
-4853.30029533495
-4853.62998931826
-4853.96351443471
-4854.18463906785
-4854.29427738651
-4854.37765809666
-4854.46740764399
-4854.54300039732
-4854.58557407583
-4854.59525642267
-4854.58017330246
-4854.57545194375
-4854.53999243596
-4854.50389701034
-4854.46164682881
-4854.40120266165
-4854.29464152349
-4854.19975029195
-4854.08740563856
-4853.95650888158
-4853.80640341268
-4853.6393350104
-4853.46423373288
-4853.30368572036
-4853.19718497021
-4853.18618224119
-4853.27806763381
-4853.43120244126
-4853.62065408426
-4853.75690705593
-4853.89957433945
-4854.06729336353
-4854.32878298938
-4854.58585038019
-4854.74512411146
-4854.80681668945
-4854.82425155447
-4854.82869152701
-4854.82968831757
-4854.82723678878
-4854.81662531667
-4854.78982207272
-4854.73604247027
-4854.64656519666
-4854.52611728061
-4854.39878265868
-4854.28902108704
-4854.22635497016
-4854.11785618075
-4854.01077094468
-4853.863129669
-4853.68433831267
-4853.52412510691
-4853.44541523394
-4853.47722060913
-4853.59629179935
-4853.75343678356
-4853.94016726795
-4854.07715454784
-4854.19550679138
-4854.30973253598
-4854.39446681447
-4854.49710604513
-4854.57992252004
-4854.64393017782
-4854.69347764828
-4854.72972042037
-4854.75297046569
-4854.7622552825
-4854.75662010924
-4854.73165149838
-4854.67790338538
-4854.5533436517
-4854.28396538106
-4853.83051897129
-4853.39115003039
-4853.09895467401
-4853.01501417702
-4853.14611908926
-4853.45612569111
-4853.79108526025
-4854.06382096693
-4854.25081083312
-4854.36671110615
-4854.43331941499
-4854.4686662664
-4854.47973714342
-4854.46359035485
-4854.39821762108
-4854.23300268181
-4853.79660642933
-4852.77230978361
-4851.48824454657
-4851.10395157467
-4851.79228853736
-4852.64307773616
-4853.2944756328
-4853.7398494049
-4854.01907799942
-4854.18131218674
-4854.2688002853
-4854.30792979762
-4854.31291887352
-4854.29190009152
-4854.24522355412
-4854.16634840822
-4854.0375272071
-4853.82445515892
-4853.47818430814
-4852.97656019155
-4852.43984919657
-4852.21415316595
-4852.63175146999
-4853.52722725714
-4854.22089658321
-4854.48659850084
-4854.57851547206
-4854.61929395174
-4854.63275553691
-4854.62160914195
-4854.58546928927
-4854.52174406412
-4854.42588659185
-4854.2854986224
-4854.08186400405
-4853.79765357865
-4853.44130605464
-4853.07869648096
-4852.8230721427
-4852.77036199128
-4852.9271913352
-4853.21438821001
-4853.53089959651
-4853.80675452101
-4854.01308952578
-4854.14935104294
-4854.22788142949
-4854.29242744203
-4854.31841709299
-4854.27241045443
-4854.23399051667
-4854.16198942023
-4854.11699738374
-4854.06507238389
-4853.99855042018
-4853.9074623247
-4853.78443799468
-4853.63436307237
-4853.47571677012
-4853.33475504059
-4853.23470703693
-4853.19908730988
-4853.25519895791
-4853.42286751658
-4853.67707157187
-4853.94021337434
-4854.14620621437
-4854.28334736558
-4854.37093568251
-4854.42876858743
-4854.46804917444
-4854.48855514275
-4854.48563372514
-4854.44698586911
-4854.37578317771
-4854.20800617538
-4853.96055535321
-4853.5302162683
-4852.69931232633
-4851.81825957946
-4851.78802164607
-4852.51672769707
-4853.28082669562
-4853.74477092345
-4853.9696678383
-4854.07033858607
-4854.11023257856
-4854.11560315451
-4854.0951417216
-4854.05090168328
-4853.9854946234
-4853.90860575693
-4853.8400367802
-4853.80017768049
-4853.78963516843
-4853.78701586597
-4853.77067815244
-4853.72258052741
-4853.63556748397
-4853.54964508031
-4853.53197174791
-4853.61011814208
-4853.75188527642
-4853.90653108545
-4854.0387940817
-4854.13613276066
-4854.2001210968
-4854.23715833557
-4854.24827593734
-4854.23026200475
-4854.1676893045
-4854.03264285825
-4853.78614605763
-4853.41867442062
-4853.04976273407
-4852.827338504
-4852.80676292362
-4852.95776169076
-4853.21890041069
-4853.54168804959
-4853.91267102989
-4854.25022360939
-4854.50318322116
-4854.61889446087
-4854.66233625374
-4854.67460820597
-4854.67503823664
-4854.67009599932
-4854.65668759009
-4854.6169332238
-4854.50458394421
-4854.257097769
-4853.91770876214
-4853.66504360981
-4853.54825951315
-4853.49052589062
-4853.46829012613
-4853.41872957929
-4853.39121307331
-4853.41398536572
-4853.55428118801
-4853.7466539806
-4853.93321416154
-4854.07573990665
-4854.1661570299
-4854.21560658371
-4854.23867024508
-4854.24434593215
-4854.2300343477
-4854.16910204641
-4853.97811422565
-4853.48487999624
-4852.61571884655
-4851.84705026701
-4851.69399016404
-4851.90265211133
-4852.15848199276
-4852.5806113447
-4853.18550215971
-4853.70874376111
-4854.04593454296
-4854.22624326444
-4854.30635014125
-4854.32936704241
-4854.32261120908
-4854.30047903329
-4854.26803734072
-4854.2231068384
-4854.15726656904
-4854.05357776588
-4853.89667648356
-4853.6869849949
-4853.4602452161
-4853.27211103853
-4853.14706828699
-4853.07244657255
-4853.04493974789
-4853.1031819531
-4853.30440708488
-4853.63989850673
-4854.04740716978
-4854.36211499666
-4854.55323102221
-4854.67742345168
-4854.73260205278
-4854.75522183199
-4854.76011705975
-4854.75249600987
-4854.73026790269
-4854.68963880029
-4854.62477692124
-4854.53190182874
-4854.41485354625
-4854.28529316818
-4854.14838315331
-4853.98285995599
-4853.75958550002
-4853.5166333696
-4853.37465423264
-4853.40752096025
-4853.5663993584
-4853.75010068448
-4853.91836461095
-4854.01011397292
-4854.0388559945
-4854.0681656536
-4854.07318203829
-4854.05024309537
-4853.98054861179
-4853.79900569605
-4853.33560482978
-4852.38878927602
-4851.23713840459
-4850.71825198096
-4851.41769160012
-4852.62518668424
-4853.44132350379
-4853.82508477248
-4853.99921035209
-4854.08346007426
-4854.14080287017
-4854.14403187744
-4854.12134142534
-4854.05253215457
-4853.89538656538
-4853.67996642313
-4853.39418617135
-4853.00671638548
-4852.58540745542
-4852.23086868528
-4852.17602975368
-4852.70406040884
-4853.56881599688
-4854.1982440826
-4854.47375735872
-4854.58280859552
-4854.62974102647
-4854.64627837852
-4854.63903828794
-4854.60647390557
-4854.56989222675
-4854.48219002726
-4854.37649401005
-4854.15108905439
-4853.88385147707
-4853.54363784888
-4853.18450665572
-4852.95280850889
-4853.00033238456
-4853.18021629069
-4853.35721276999
-4853.47545631343
-4853.53516167115
-4853.55259509784
-4853.54103555501
-4853.50602890332
-4853.44536471382
-4853.35057400196
-4853.21181964181
-4853.03127016641
-4852.84334314291
-4852.71980113575
-4852.72806261055
-4852.86810064564
-4853.06990202657
-4853.25466170057
-4853.38326104255
-4853.46082394615
-4853.51037024924
-4853.54609154343
-4853.57155870035
-4853.5864977415
-4853.59045296805
-4853.58391357859
-4853.56888127873
-4853.54817759914
-4853.52302087257
-4853.4908218459
-4853.44520821892
-4853.3767494249
-4853.27239045919
-4853.11547984535
-4852.89261302611
-4852.61875194338
-4852.3779687897
-4852.32144962512
-4852.53790704613
-4852.90654574146
-4853.21215704929
-4853.38081001699
-4853.46438624425
-4853.51726100826
-4853.56028107525
-4853.5924111542
-4853.60585641685
-4853.59175869164
-4853.5361171479
-4853.43174848761
-4853.14039835406
-4852.49559694001
-4851.51692149294
-4850.70357312898
-4850.75425791929
-4851.51984421786
-4852.3038738709
-4852.78265342763
-4853.01655018121
-4853.12066342913
-4853.16055245182
-4853.164385012
-4853.14207509477
-4853.09473666943
-4853.01848751902
-4852.90664219875
-4852.75301297448
-4852.56003665634
-4852.35299267204
-4852.1935467656
-4852.17319803659
-4852.37997590235
-4852.85397964469
-4853.47597597653
-4853.92183705984
-4854.11110239939
-4854.18177446126
-4854.20887412311
-4854.21431576013
-4854.2025630915
-4854.17166530692
-4854.11423539159
-4854.01391120602
-4853.84304167019
-4853.57541120621
-4853.22344115931
-4852.87024310957
-4852.65019501684
-4852.66181405804
-4852.88390968275
-4853.19067508482
-4853.4625522198
-4853.65285643263
-4853.76805775889
-4853.82862109096
-4853.85205584415
-4853.84727552683
-4853.82107459889
-4853.78361863021
-4853.75016332585
-4853.735675357
-4853.74461194211
-4853.77308396835
-4853.84387831189
-4853.90997247419
-4853.9364342456
-4853.95519460778
-4853.92859627771
-4853.9689889608
-4854.01277124592
-4854.05236713916
-4854.08219006264
-4854.09565167358
-4854.0830650108
-4854.03164134191
-4853.92314922908
-4853.72729003689
-4853.40204021927
-4852.92739683443
-4852.38627337747
-4852.00936710101
-4852.0341616055
-4852.4568513523
-4853.02279388406
-4853.41222822563
-4853.62579934443
-4853.76227680347
-4853.86067515898
-4853.91017323374
-4853.9234425358
-4853.912318835
-4853.85882702501
-4853.78216959344
-4853.62245647243
-4853.23478377076
-4852.31044450397
-4850.97686992191
-4850.50643227274
-4851.14542174458
-4851.95995148318
-4852.56512202958
-4852.98137915386
-4853.27317321655
-4853.48201877806
-4853.63410726701
-4853.78505003608
-4853.85966804303
-4853.89008219745
-4853.91081368165
-4853.90488310947
-4853.86857672973
-4853.78863776181
-4853.64149976349
-4853.36814696766
-4852.88028042997
-4852.16048851454
-4851.59843398568
-4851.6101913873
-4852.19770466713
-4852.90180126854
-4853.37089153
-4853.59615833384
-4853.69012248306
-4853.72588166835
-4853.73351623707
-4853.7230726696
-4853.69638172278
-4853.65149647024
-4853.61430262366
-4853.53704045556
-4853.43744219365
-4853.30107790841
-4853.12307010431
-4852.91245378035
-4852.77206093617
-4852.71819408016
-4852.76171860775
-4852.88031073565
-4853.03556070545
-4853.1942123918
-4853.36598035064
-4853.48073967411
-4853.57520536362
-4853.63852416435
-4853.7315426615
-4853.84619775239
-4853.97736747714
-4854.08697180512
-4854.15715514739
-4854.19810318412
-4854.22241785611
-4854.23616094888
-4854.23978604337
-4854.22824570708
-4854.20521368749
-4854.15124471874
-4854.00260047497
-4853.6911067665
-4853.16117712197
-4852.69716924303
-4852.42908374053
-4852.44465869284
-4852.64223239651
-4852.92245691791
-4853.16383949651
-4853.33468969171
-4853.44264860691
-4853.50386172135
-4853.53083729793
-4853.52978503498
-4853.50204145914
-4853.46494558941
-4853.37649099103
-4853.22743704972
-4852.94204843026
-4852.24168832996
-4850.59082573428
-4848.39858845623
-4848.79438168473
-4851.31726094621
-4852.69068812705
-4853.15304468587
-4853.32560716368
-4853.40381275089
-4853.43986480254
-4853.4471440338
-4853.42488487049
-4853.3658272055
-4853.27603958373
-4853.14041631456
-4853.02424783294
-4852.87790355319
-4852.74267110625
-4852.62417691609
-4852.56482972148
-4852.63021617444
-4852.90927535169
-4853.24674469162
-4853.5163391364
-4853.68357500101
-4853.77632691908
-4853.8285664738
-4853.85990621449
-4853.87837562159
-4853.87802678515
-4853.8729354254
-4853.78227925172
-4853.54509351501
-4852.93719253847
-4851.78991840674
-4850.86034139461
-4850.68740545149
-4851.15675100067
-4852.31982551589
-4853.38889870519
-4853.90607834912
-4854.09595881785
-4854.16153321073
-4854.2019544198
-4854.18886561197
-4854.15018871548
-4854.07880382206
-4853.95827976203
-4853.74184586081
-4853.4898376347
-4853.21329193541
-4853.00459179985
-4852.98279785402
-4853.20229402514
-4853.5892666198
-4853.98661743741
-4854.27259858591
-4854.433883513
-4854.51620282926
-4854.55756958692
-4854.57621064243
-4854.57916252052
-4854.5684819814
-4854.54371033399
-4854.50190567034
-4854.43752057497
-4854.34575048316
-4854.23457540443
-4854.13016390756
-4854.04691205996
-4853.9719173583
-4853.8872294963
-4853.77900242172
-4853.6386936408
-4853.46896007571
-4853.29336189379
-4853.15675153561
-4853.1038881116
-4853.15286473718
-4853.29289632923
-4853.5009985331
-4853.74903480405
-4853.99853512976
-4854.2040617229
-4854.33794692001
-4854.40622578342
-4854.43484170329
-4854.44645375519
-4854.45134102752
-4854.44798900697
-4854.42193763345
-4854.33232258948
-4854.07912056905
-4853.54028247302
-4852.83378572636
-4852.31041586597
-4852.15752332069
-4852.31476040473
-4852.61964077146
-4852.93982352129
-4853.21220775704
-4853.42254459281
-4853.57816573909
-4853.69190798145
-4853.77559423602
-4853.83789763228
-4853.88453021739
-4853.9186183553
-4853.94000411334
-4853.94230783389
-4853.91327720025
-4853.84141592007
-4853.71120882656
-4853.49039297448
-4853.18597192097
-4852.70911248233
-4852.19428230972
-4851.78992978185
-4851.65570455028
-4851.85153466585
-4852.39049101814
-4852.99474963152
-4853.47893831951
-4853.79898900667
-4853.98559809381
-4854.08244269138
-4854.12328689337
-4854.12913550857
-4854.11014919681
-4854.06813075214
-4853.99825664018
-4853.89207163177
-4853.74467712701
-4853.5675076744
-4853.39684825275
-4853.28111762962
-4853.25040638174
-4853.30195812667
-4853.41311361541
-4853.55758867363
-4853.71075690776
-4853.85203067639
-4853.96938237319
-4854.06051058635
-4854.12846042714
-4854.17832051607
-4854.212382016
-4854.23145670995
-4854.2340855747
-4854.2145647091
-4854.15831138669
-4854.03571906581
-4853.80140548342
-4853.41410654304
-4852.90325393405
-4852.45855435528
-4852.36636215296
-4852.7465703878
-4853.26409016472
-4853.62945211328
-4853.85789684621
-4854.02461679009
-4854.11133419332
-4854.16097931561
-4854.17653477464
-4854.17356788975
-4854.15887664039
-4854.1311474937
-4854.07415787452
-4853.93880542185
-4853.67487032179
-4853.37151042036
-4853.14218679074
-4852.99744240089
-4852.96731694872
-4852.95461679134
-4852.94931553844
-4852.93806059991
-4852.98359722395
-4853.10648074089
-4853.25648562408
-4853.40523659855
-4853.53667832753
-4853.64581385004
-4853.73455002746
-4853.80699271809
-4853.86670665439
-4853.91545026547
-4853.97281446232
-4853.99433629441
-4853.99311217128
-4853.94265332547
-4853.86510821745
-4853.72779008546
-4853.50762353798
-4853.18420331624
-4852.79368018414
-4852.52708501577
-4852.66565637398
-4853.20608567916
-4853.78402894269
-4854.1532808367
-4854.34900139208
-4854.46003270573
-4854.52739903635
-4854.56262283798
-4854.5694019369
-4854.54972478008
-4854.50252208476
-4854.41967815473
-4854.27724370011
-4854.0169744394
-4853.52921410831
-4852.72683548236
-4851.88654599766
-4851.61834574464
-4852.00472151019
-4852.56710580187
-4853.02585610499
-4853.37601968773
-4853.64587689485
-4853.8403546543
-4853.96225666356
-4854.02498934132
-4854.04813347575
-4854.04357708053
-4854.00539428574
-4853.90869973148
-4853.71933950701
-4853.41804365309
-4853.0360001584
-4852.67691774347
-4852.46086168834
-4852.42683904086
-4852.53808896295
-4852.74608715025
-4853.01468876554
-4853.30791154355
-4853.57996293622
-4853.79407894543
-4853.94180204066
-4854.03659689618
-4854.0953025378
-4854.12876689189
-4854.13974876231
-4854.12301339407
-4854.06377392378
-4853.93197812049
-4853.66617601881
-4853.13490786837
-4852.18846164262
-4851.21149090396
-4850.61011553018
-4850.69513011609
-4851.55430227011
-4852.37159608635
-4852.9329628498
-4853.29969734635
-4853.57368245451
-4853.74512478525
-4853.83834113514
-4853.87781404104
-4853.88240945702
-4853.86234622795
-4853.81574484653
-4853.720544853
-4853.51770678119
-4853.10485235407
-4852.44817653709
-4851.84664775486
-4851.75403948484
-4852.13954866621
-4852.50076684684
-4852.76487488396
-4853.11670089992
-4853.56180289335
-4853.95153971862
-4854.16569955924
-4854.2469987585
-4854.2830524916
-4854.27302023728
-4854.2546411344
-4854.22448296174
-4854.16415077162
-4854.02394538854
-4853.82725984873
-4853.51864651117
-4853.11332008263
-4852.72904009834
-4852.56747764029
-4852.77014376758
-4853.10361687654
-4853.41415106946
-4853.69931304274
-4853.96856326457
-4854.16082093031
-4854.31043338584
-4854.4083923546
-4854.47032946954
-4854.50673422218
-4854.52252171063
-4854.51575917563
-4854.46802719419
-4854.31334598245
-4853.8819795038
-4853.0041659356
-4852.01763000121
-4851.62997543192
-4851.95727182108
-4852.62476602467
-4853.17746108493
-4853.54111355218
-4853.71239721371
-4853.84597908641
-4853.93783147359
-4854.00632646167
-4854.05618802126
-4854.08669554725
-4854.09526745314
-4854.07793752782
-4854.02501153249
-4853.90550229141
-4853.62524566393
-4852.96689910901
-4851.80589331536
-4850.79320239101
-4850.84325813294
-4851.73788935277
-4852.63414634343
-4853.19223518947
-4853.49420325725
-4853.66162937565
-4853.76054059686
-4853.82010910695
-4853.85294748773
-4853.86485809599
-4853.85877672459
-4853.8360594296
-4853.79706965814
-4853.73938109561
-4853.65190795834
-4853.53175800379
-4853.26417749723
-4852.68295908909
-4851.66690288251
-4851.1431068691
-4851.77403808047
-4852.78693629641
-4853.4051613269
-4853.6586458345
-4853.75392710608
-4853.79094655839
-4853.80041871001
-4853.78478980818
-4853.73340793427
-4853.63086786528
-4853.47196064418
-4853.28635835989
-4853.17990302426
-4853.18535604011
-4853.30709011552
-4853.54262961991
-4853.75949043055
-4853.92693971012
-4854.15152243929
-4854.35869095191
-4854.51927564025
-4854.60520499437
-4854.64382182047
-4854.65564194156
-4854.65175934759
-4854.63471658448
-4854.59536858575
-4854.52891597087
-4854.36901456168
-4854.20175116293
-4854.10073221396
-4854.01091002773
-4853.85458344414
-4853.65107410504
-4853.53626772097
-4853.50875041127
-4853.55331121341
-4853.62548038178
-4853.68482108542
-4853.71551838268
-4853.71746522214
-4853.68770205132
-4853.60702728487
-4853.43350201971
-4853.1117953483
-4852.62627341721
-4852.09618146451
-4851.80778891725
-4852.004763505
-4852.58283634627
-4853.16802531073
-4853.53182531559
-4853.70699587973
-4853.78751133777
-4853.82592674158
-4853.84010281754
-4853.83067519015
-4853.78968042812
-4853.70680386851
-4853.58016856148
-4853.43041594383
-4853.30055388463
-4853.21655918609
-4853.15680412725
-4853.12712885014
-4852.99429310747
-4852.60265622749
-4851.52032876018
-4850.16714896432
-4850.30476164371
-4851.76595468762
-4852.77371481333
-4853.16775407571
-4853.33289446296
-4853.37994114948
-4853.43480202242
-4853.46653230893
-4853.47730216514
-4853.46874423848
-4853.44287042186
-4853.39857081499
-4853.33015990946
-4853.2275420111
-4853.07790654096
-4852.87123784566
-4852.60765798505
-4852.29274428222
-4851.92948870418
-4851.54895430417
-4851.30716155452
-4851.52047470458
-4852.32453749576
-4853.25384643329
-4853.82289864788
-4854.06394068941
-4854.14826988499
-4854.17099464508
-4854.17215822924
-4854.16684197692
-4854.15255377169
-4854.10433333237
-4853.97158531885
-4853.70978820908
-4853.35912624422
-4853.06682590614
-4852.94891933507
-4852.97456213864
-4853.04666773277
-4853.10824834062
-4853.14579173975
