# Fix print output for fix totenergy
-13597.0351893302
-13597.0321316469
-13597.0165759636
-13596.9599579706
-13596.8040864955
-13596.5064405885
-13596.1605809733
-13595.9322476807
-13595.8811227281
-13595.9630172443
-13596.0223077013
-13596.0630860267
-13596.0607669714
-13596.068059032
-13596.0628125822
-13596.0881773431
-13596.2132804212
-13596.4343676863
-13596.6752202677
-13596.8646613337
-13596.9788062692
-13597.0337956526
-13597.0550887114
-13597.0617413703
-13597.0633064927
-13597.0635474679
-13597.0614530986
-13597.0468418758
-13596.9792118855
-13596.7386329405
-13596.2057796053
-13595.5793673687
-13595.2685788919
-13595.4322287182
-13595.8006429059
-13596.0311565825
-13596.1414415061
-13596.1952815756
-13596.2469085059
-13596.4096326359
-13596.6617413537
-13596.9310766117
-13597.1455634065
-13597.2844067769
-13597.3615435856
-13597.4004127541
-13597.4188674243
-13597.4282705794
-13597.434312954
-13597.4394126054
-13597.4422347195
-13597.4352508648
-13597.397353785
-13597.2773901063
-13596.9804534107
-13596.4300905551
-13595.7754887892
-13595.3882702968
-13595.3357295177
-13595.3812342131
-13595.3686111776
-13595.3784237112
-13595.7709643253
-13596.4839440185
-13597.091540071
-13597.405240704
-13597.524102311
-13597.5611364994
-13597.5687118322
-13597.5660728005
-13597.5589882849
-13597.5469392485
-13597.5251413662
-13597.4843097749
-13597.4131022482
-13597.3017716951
-13597.1507042171
-13596.9758378899
-13596.8122377279
-13596.6978074483
-13596.6418902525
-13596.6124159773
-13596.6092897078
-13596.5076255729
-13596.3620569101
-13596.165273875
-13596.052072318
-13596.1577401289
-13596.4949262868
-13596.8961349093
-13597.1640224551
-13597.2825234539
-13597.3244362898
-13597.3384255548
-13597.3428523703
-13597.3423982644
-13597.3338119213
-13597.3034610177
-13597.2159128108
-13596.9969312786
-13596.572937194
-13596.0458454487
-13595.7273155244
-13595.7241968313
-13595.8226300355
-13595.9136033937
-13595.9389653049
-13595.9383579885
-13596.0683670838
-13596.3431886358
-13596.6642120241
-13596.9192197502
-13597.0772270316
-13597.1589405975
-13597.1923954492
-13597.1968289541
-13597.1801955495
-13597.1355870887
-13597.0134102117
-13596.5890418699
-13595.4862383092
-13594.4125157331
-13594.2963979774
-13594.9096526545
-13595.682661361
-13596.2839150402
-13596.6714824422
-13596.9119895555
-13597.0653500847
-13597.1680826977
-13597.2384868967
-13597.2855055203
-13597.3124761018
-13597.3206386767
-13597.311035137
-13597.2859894305
-13597.24800842
-13597.1951794295
-13597.1209717657
-13597.0259639716
-13596.8899806869
-13596.5377717182
-13595.7582287152
-13594.9742680609
-13594.9662167958
-13595.6278287552
-13596.2961651519
-13596.6860013408
-13596.8607516607
-13596.9279856388
-13596.9470637433
-13596.9436767671
-13596.9269477758
-13596.8976700066
-13596.8516710343
-13596.780894045
-13596.6797080269
-13596.5520337082
-13596.4150460606
-13596.288333071
-13596.1897972671
-13596.138632391
-13596.1557143087
-13596.2533582205
-13596.4216510248
-13596.6262456447
-13596.8225211231
-13596.9810722119
-13597.0967880139
-13597.1806127899
-13597.2446626508
-13597.2984593986
-13597.3482033644
-13597.395899735
-13597.4371779931
-13597.464612531
-13597.4715418748
-13597.4528150148
-13597.4008774612
-13597.2999333167
-13597.1204078467
-13596.8221346797
-13596.3892061132
-13595.8926901704
-13595.5088508582
-13595.4137177984
-13595.6328917278
-13596.0252121516
-13596.4166350881
-13596.7147365469
-13596.9103978457
-13597.0296011315
-13597.0987163185
-13597.1349817959
-13597.1463102628
-13597.1309747257
-13597.0649607434
-13596.8339541727
-13596.0137495827
-13594.1483774686
-13592.8574108629
-13593.8264763396
-13595.286226324
-13596.0114246196
-13596.2879353775
-13596.5171863682
-13596.7175164534
-13596.8827016933
-13597.0037262516
-13597.0808087284
-13597.1205692463
-13597.1299195749
-13597.1109156524
-13597.0570910779
-13596.9443814106
-13596.7117432397
-13596.2422164838
-13595.4626458185
-13594.6521837724
-13594.3736995074
-13594.7701815153
-13595.4292811803
-13595.9637855426
-13596.2848272886
-13596.4522979838
-13596.5326907257
-13596.5653444818
-13596.5686573786
-13596.5498435003
-13596.5111688508
-13596.4530826814
-13596.3771539385
-13596.2893958043
-13596.2054294975
-13596.1545659618
-13596.1806104119
-13596.323521903
-13596.5626399479
-13596.7869653943
-13596.9248376485
-13597.0174493541
-13597.1077166174
-13597.1948660768
-13597.2646764518
-13597.3097803437
-13597.3295906129
-13597.32530928
-13597.2952768822
-13597.22888685
-13597.0941168207
-13596.8202881175
-13596.3469040836
-13595.7883088143
-13595.3886321722
-13595.2689478707
-13595.3905545844
-13595.6365669321
-13595.8950156893
-13596.1049937722
-13596.252605136
-13596.3468506498
-13596.4008876215
-13596.4246527182
-13596.4216869394
-13596.3846499521
-13596.281181266
-13596.0085167721
-13595.3300076179
-13594.1184187654
-13593.1479287212
-13593.4341838678
-13594.5506212349
-13595.4979661105
-13596.0192976592
-13596.2782270012
-13596.4133199837
-13596.4890481292
-13596.5314441496
-13596.5520301146
-13596.5573155593
-13596.5533622398
-13596.5475249081
-13596.5472913037
-13596.5571317158
-13596.5764421272
-13596.6045907499
-13596.6506668168
-13596.7398675386
-13596.8984244634
-13597.1114364047
-13597.3197446971
-13597.473513719
-13597.5668736528
-13597.6193483622
-13597.6487788659
-13597.6596906951
-13597.6455763221
-13597.5907672612
-13597.4647615248
-13597.2116810462
-13596.7525614325
-13596.0790379756
-13595.4394454082
-13595.2812830518
-13595.7433614657
-13596.4511201751
-13596.99382007
-13597.2797438795
-13597.4033875566
-13597.4504800863
-13597.4619496215
-13597.4528885892
-13597.4278915547
-13597.3873644199
-13597.3287664743
-13597.2481633107
-13597.1398287942
-13596.9986046157
-13596.8221644298
-13596.6179484844
-13596.4078993574
-13596.2336292063
-13596.1462306997
-13596.1861337315
-13596.3626537702
-13596.6503301419
-13596.9987119077
-13597.3338431263
-13597.5737162425
-13597.6947803317
-13597.7445763353
-13597.765265676
-13597.7729669957
-13597.7689541565
-13597.747968902
-13597.7013828402
-13597.6193056047
-13597.4954231762
-13597.3351236407
-13597.1668708062
-13597.0439549543
-13597.0175485242
-13597.0853196771
-13597.1869751557
-13597.2809065288
-13597.3837392736
-13597.5529858778
-13597.8640876159
-13598.2876474693
-13598.6342578592
-13598.8261397808
-13598.9226928777
-13598.9745699452
-13599.0012134295
-13599.005435172
-13598.9805312015
-13598.9128786863
-13598.7868733713
-13598.6003279577
-13598.3983614764
-13598.3066093552
-13598.4952185244
-13598.9986632799
-13599.5483696358
-13599.8652959655
-13599.9859060567
-13600.0359440889
-13600.0690383163
-13600.0899374198
-13600.087994528
-13600.057297504
-13600.0070385562
-13599.9577398258
-13599.9284579989
-13599.9290739787
-13599.9628500376
-13600.0315023686
-13600.1305880298
-13600.2396039105
-13600.3324496492
-13600.3963467647
-13600.4318169504
-13600.4431465288
-13600.4316295904
-13600.3916854119
-13600.3061919495
-13600.1405935307
-13599.8459208649
-13599.40079554
-13598.8910032317
-13598.5177898222
-13598.4485210124
-13598.6642543127
-13599.0032331248
-13599.317993945
-13599.5505576834
-13599.7066355797
-13599.811049112
-13599.8857775084
-13599.9463260261
-13600.0057669577
-13600.0800044696
-13600.1813246757
-13600.2944186524
-13600.3868149678
-13600.4460444385
-13600.4802003212
-13600.4997573393
-13600.5071418182
-13600.4932916743
-13600.436990655
-13600.3051322249
-13600.0576513104
-13599.6687513603
-13599.1885707379
-13598.8271974125
-13598.8883647426
-13599.4508972348
-13600.199706015
-13600.7690198697
-13601.0829159177
-13601.2371217747
-13601.31146518
-13601.3416618559
-13601.3409113191
-13601.3144189062
-13601.2664738819
-13601.2017691982
-13601.1232056829
-13601.0295333342
-13600.9401910492
-13600.7971555985
-13600.6029489433
-13600.3352426023
-13600.1432643644
-13600.2079010977
-13600.7009034172
-13601.4006905242
-13601.8360826636
-13601.998705943
-13602.0558994729
-13602.0798477517
-13602.0885390516
-13602.081097846
-13602.0462507158
-13601.963158359
-13601.8030166985
-13601.5398172178
-13601.1737783408
-13600.7572088009
-13600.3903195372
-13600.1839886547
-13600.2175905282
-13600.5168567321
-13601.0367719561
-13601.6363066036
-13602.1081517594
-13602.3595860426
-13602.462213042
-13602.4967390923
-13602.5013059806
-13602.4890181904
-13602.4609149613
-13602.4103344301
-13602.3229974735
-13602.1777166933
-13601.9548750769
-13601.6579633222
-13601.3356658189
-13601.0693017395
-13600.9234619669
-13600.9243559281
-13601.0753611878
-13601.3409878701
-13601.6311896092
-13601.859830343
-13602.0030350812
-13602.0854145084
-13602.1406775953
-13602.1877957766
-13602.231018022
-13602.2682445771
-13602.2963470316
-13602.3104890367
-13602.3014946212
-13602.2476392078
-13602.076749716
-13601.5098176403
-13599.9027745658
-13597.7646654982
-13597.6819312993
-13599.3128308243
-13600.5548375026
-13601.1057858967
-13601.3524489964
-13601.4759186774
-13601.5365853742
-13601.5574956674
-13601.4918788907
-13601.4575205343
-13601.3899431112
-13601.2623330069
-13601.022887306
-13600.6341869957
-13600.1497903504
-13599.7078520755
-13599.4293745288
-13599.3488903267
-13599.4281263136
-13599.6093862909
-13599.8527418375
-13600.133463564
-13600.3978057127
-13600.5742748062
-13600.6656668747
-13600.7129765009
-13600.7384986883
-13600.7479446235
-13600.7390160644
-13600.7041416794
-13600.6300995306
-13600.4976859679
-13600.2869598444
-13600.0023607403
-13599.7333249561
-13599.6983829951
-13600.0999276357
-13600.7979930422
-13601.3819042488
-13601.7714821576
-13601.9279729168
-13601.9841925759
-13601.9939438237
-13601.9885373714
-13601.9648492348
-13601.9185783347
-13601.7787834746
-13601.6315755443
-13601.393796446
-13601.1147896951
-13600.9224550674
-13600.895055802
-13601.0052907072
-13601.1797566802
-13601.3575100976
-13601.5068369721
-13601.6185136006
-13601.6956267388
-13601.7461781609
-13601.7788214713
-13601.8004148785
-13601.8149256202
-13601.8222454469
-13601.8157467737
-13601.7746305092
-13601.6452964001
-13601.3157433768
-13600.6734810273
-13599.9345489346
-13599.7965777758
-13600.3328620557
-13600.7570821278
-13600.8769116671
-13600.9434424319
-13601.1152589333
-13601.4458592228
-13601.8424764603
-13602.1705245931
-13602.3710428577
-13602.4714423025
-13602.5171309772
-13602.5388610558
-13602.5514244723
-13602.5601164906
-13602.5622903877
-13602.5422181821
-13602.4695854484
-13602.3004739052
-13601.9948165402
-13601.575205488
-13601.1425107793
-13600.8012694228
-13600.5305207033
-13600.2966698818
-13599.8759913276
-13600.1016490039
-13600.8886371594
-13601.5720517191
-13601.8988658769
-13602.0117919578
-13602.0424062881
-13602.0477354018
-13602.0455009723
-13602.0339088938
-13601.9943036758
-13601.8857742853
-13601.6527619848
-13601.2910425296
-13600.9571378392
-13600.7465992153
-13600.683443159
-13600.6067985605
-13600.6263561872
-13600.8230091722
-13601.1561922347
-13601.3894344948
-13601.5298800984
-13601.5810824435
-13601.6015594246
-13601.623338874
-13601.6227990352
-13601.5988983253
-13601.5458311909
-13601.4447949962
-13601.2475228341
-13600.8499152979
-13600.09546285
-13599.0277053766
-13598.2961392909
-13598.5970724755
-13599.5836136699
-13600.4513613889
-13600.9565524301
-13601.2211883944
-13601.3670358341
-13601.4549125568
-13601.5126847667
-13601.5575401084
-13601.6081313365
-13601.6868490372
-13601.8041971854
-13601.933652115
-13602.0321213229
-13602.1157299684
-13602.1794648681
-13602.185039679
-13602.1821765283
-13602.1339460593
-13601.9017524027
-13601.371543239
-13600.520639534
-13599.9023779454
-13599.9753999728
-13600.4424889261
-13600.8783662508
-13601.1437366565
-13601.276226295
-13601.3360438887
-13601.3595570487
-13601.3615366785
-13601.3409214959
-13601.2773078147
-13601.1055376552
-13600.6445725343
-13599.5950834282
-13598.2691613857
-13598.2252560525
-13599.7373675352
-13601.0322902105
-13601.484927952
-13601.6014433129
-13601.6101929096
-13601.558675264
-13601.4923084633
-13601.4233266781
-13601.4340426004
-13601.5382681938
-13601.6743195841
-13601.7871378657
-13601.8609796037
-13601.901643676
-13601.9163101767
-13601.9040115753
-13601.8498972347
-13601.7167483172
-13601.4348750343
-13600.9221538918
-13600.2065096018
-13599.5958892981
-13599.5340093299
-13600.0857834438
-13600.8465987067
-13601.4304678366
-13601.7130255128
-13601.8357027624
-13601.8891368911
-13601.8706277188
-13601.859300004
-13601.7968452728
-13601.74090349
-13601.6805233734
-13601.6263659226
-13601.5757400777
-13601.5201592905
-13601.4509555345
-13601.3577290894
-13601.2248389559
-13601.0274881287
-13600.7221748767
-13600.2151357468
-13599.3270387144
-13598.0541777746
-13597.5999535917
-13599.4134117959
-13601.4253365683
-13602.211045567
-13602.4566240647
-13602.5404360833
-13602.5649158843
-13602.565509029
-13602.55712859
-13602.5367637993
-13602.4743693876
-13602.3082508352
-13601.9849087379
-13601.5524432533
-13601.1595182619
-13600.9052373219
-13600.7718613381
-13600.701041879
-13600.6569928554
-13600.6312372043
-13600.6313743952
-13600.6687741076
-13600.7464208514
-13600.8544172539
-13600.9721371066
-13601.0770155217
-13601.159046142
-13601.2222353251
-13601.2736184821
-13601.3159266127
-13601.3477691878
-13601.3696777967
-13601.3958359784
-13601.4636719506
-13601.6149586677
-13601.8400127081
-13602.0596035173
-13602.1994795911
-13602.2793697959
-13602.2913490726
-13602.2967536677
-13602.2698131186
-13602.2231783218
-13602.0885499765
-13601.8247647824
-13601.4155536401
-13600.8977622173
-13600.3690308361
-13599.9470335031
-13599.7033931904
-13599.6359679289
-13599.6934257818
-13599.8159152408
-13599.9584729715
-13600.0950734639
-13600.2152191653
-13600.3191798144
-13600.4121199101
-13600.4996360417
-13600.5860836337
-13600.6752101876
-13600.7719085495
-13600.8835250865
-13601.0194840817
-13601.1862069612
-13601.3810619351
-13601.5911317852
-13601.7997676913
-13601.994567366
-13602.1697515459
-13602.3232985363
-13602.453011016
-13602.5559912499
-13602.6293276732
-13602.673542621
-13602.6942082861
-13602.6991498074
-13602.6904690752
-13602.6511374332
-13602.518473206
-13602.175870645
-13601.5978499675
-13600.9961665392
-13600.5897374345
-13600.4149286305
-13600.392098817
-13600.4325620153
-13600.4825867664
-13600.5203882987
-13600.5397111244
-13600.5378774096
-13600.5091257236
-13600.4422001684
-13600.320654116
-13600.1299864998
-13599.874224558
-13599.6004738983
-13599.4196272196
-13599.4851430922
-13599.8853365227
-13600.5104110575
-13601.1080556404
-13601.5154090674
-13601.7320596685
-13601.8249995493
-13601.8549190027
-13601.8589874007
-13601.8549736199
-13601.8473802159
-13601.8278256963
-13601.7654930703
-13601.6067663508
-13601.342771122
-13601.0736638289
-13600.8937107344
-13600.8023214353
-13600.7638848843
-13600.7509496808
-13600.7483981669
-13600.7495649778
-13600.7535693083
-13600.7645306758
-13600.7918180174
-13600.8500695956
-13600.9585519918
-13601.1375122984
-13601.3941220847
-13601.699307179
-13601.9904058304
-13602.2168136484
-13602.3689103261
-13602.4622884603
-13602.5150231997
-13602.5402769379
-13602.5439998037
-13602.5241004171
-13602.4644964199
-13602.3178862384
-13601.9614491869
-13601.1687600934
-13599.9511578311
-13599.1547473836
-13599.4514158207
-13600.2470025208
-13600.8391451466
-13601.1278483745
-13601.242969672
-13601.2807807158
-13601.2817427468
-13601.2589534471
-13601.2157852407
-13601.1508430749
-13601.0570241165
-13600.9171802666
-13600.7007415325
-13600.3753448408
-13599.9576142317
-13599.5911013683
-13599.5236827578
-13599.8858682657
-13600.5119587435
-13601.1004936387
-13601.4912707209
-13601.7021339074
-13601.8027579829
-13601.8417300193
-13601.8440996062
-13601.8224258689
-13601.7830732709
-13601.7303155662
-13601.6696170688
-13601.6085802808
-13601.5568919772
-13601.5250206461
-13601.5224575005
-13601.5555288959
-13601.6254756549
-13601.7276864005
-13601.8509538195
-13601.9774608442
-13602.087846549
-13602.1703318277
-13602.2241655005
-13602.2549603343
-13602.268403004
-13602.266676769
-13602.2460020256
-13602.1926784679
-13602.0765513001
-13601.8501407022
-13601.4869632059
-13601.05101129
-13600.6692768065
-13600.4301467613
-13600.349644391
-13600.3945432203
-13600.5146964685
-13600.6662662269
-13600.8193907635
-13600.9561469292
-13601.069131502
-13601.1592786424
-13601.2332198393
-13601.2999841326
-13601.3673312402
-13601.4380583212
-13601.5083778725
-13601.5703445207
-13601.6160198269
-13601.6403726182
-13601.642238786
-13601.6221886681
-13601.57868702
-13601.5018551471
-13601.3656352012
-13601.1253390452
-13600.7570830631
-13600.3293118042
-13599.9911281267
-13599.8544491555
-13599.9180420513
-13600.104602795
-13600.3346021755
-13600.5588174857
-13600.7527393856
-13600.906864844
-13601.0228592977
-13601.1100641742
-13601.181515369
-13601.2518039827
-13601.337350271
-13601.4520477059
-13601.5939428906
-13601.742150483
-13601.8727068185
-13601.9716007775
-13602.0370905076
-13602.074353178
-13602.089607731
-13602.085877622
-13602.0567859893
-13601.9749094156
-13601.768872283
-13601.3162522616
-13600.5816610409
-13599.9069107575
-13599.8137356544
-13600.3027284498
-13600.9066452099
-13601.3198671837
-13601.5329317639
-13601.6267591361
-13601.6593836779
-13601.6579796125
-13601.633552811
-13601.590973211
-13601.5340545526
-13601.4686280601
-13601.4056386572
-13601.3622397665
-13601.346310796
-13601.3108330109
-13601.1481292518
-13600.8401520068
-13600.5497222444
-13600.4081354609
-13600.3925102827
-13600.4252309616
-13600.456632999
-13600.4698019291
-13600.4615364462
-13600.429508341
-13600.3672350999
-13600.2660135691
-13600.1273361569
-13600.0086263754
-13600.1145470779
-13600.6705503636
-13601.4110832272
-13601.8868054022
-13602.0880642873
-13602.1639893916
-13602.1949005949
-13602.2070190096
-13602.2028572933
-13602.1731158585
-13602.1034437924
-13601.9778043192
-13601.7788189935
-13601.4923816701
-13601.1302069992
-13600.7546042325
-13600.452087443
-13600.2673373587
-13600.1835444161
-13600.1570684724
-13600.1509600052
-13600.1444190419
-13600.1280580102
-13600.0976777215
-13600.0503216498
-13599.9828152233
-13599.8915389931
-13599.7729377565
-13599.626373946
-13599.4776693805
-13599.4626560773
-13599.8131710219
-13600.4927457435
-13601.150070542
-13601.5892368624
-13601.8458873515
-13601.996871154
-13602.088491631
-13602.1414511196
-13602.164491794
-13602.1611537368
-13602.1291373824
-13602.0535873613
-13601.8952412774
-13601.5811953805
-13601.0569301499
-13600.4690963994
-13600.2117666974
-13600.507810634
-13601.1193630879
-13601.6626701816
-13601.9811205007
-13602.129758713
-13602.1956746712
-13602.2240736791
-13602.2292933932
-13602.2131023607
-13602.1748068147
-13602.1159475621
-13602.041390989
-13601.957937877
-13601.8690535016
-13601.7688553483
-13601.6391204748
-13601.4588514565
-13601.2336539082
-13601.0291088456
-13600.9639253074
-13601.1115253695
-13601.417422652
-13601.7585461007
-13602.0374592473
-13602.2119988869
-13602.2989754163
-13602.3415225106
-13602.3660432188
-13602.3791398431
-13602.3794190582
-13602.3635623535
-13602.3287804842
-13602.2749435312
-13602.2064078011
-13602.1309765293
-13602.0565473941
-13601.9848418558
-13601.9123103843
-13601.8809761078
-13601.7999689747
-13601.7174541439
-13601.5926166579
-13601.4011377931
-13601.1498382004
-13600.997964781
-13601.0171609407
-13601.2178570937
-13601.4737023461
-13601.6882727462
-13601.8431314554
-13601.9504517473
-13602.0237349563
-13602.071947845
-13602.1000219047
-13602.1075246659
-13602.0828793273
-13601.9969836635
-13601.8070042454
-13601.4772462505
-13601.0184683957
-13600.4959332778
-13600.0165139076
-13599.5868209692
-13599.6423138263
-13600.3730671332
-13601.2788320877
-13601.8711365935
-13602.1555292204
-13602.2765455156
-13602.3235058147
-13602.335094142
-13602.3245176473
-13602.2902916633
-13602.2177580224
-13602.0783175597
-13601.8379702799
-13601.4886465789
-13601.0878940153
-13600.7395027952
-13600.5351245311
-13600.5741937205
-13600.7256834203
-13600.967987236
-13601.1710977694
-13601.3719262807
-13601.5158512702
-13601.6244773328
-13601.71559589
-13601.7895792719
-13601.8411269705
-13601.8684604209
-13601.8719589982
-13601.8505165649
-13601.7995928652
-13601.7118804153
-13601.577566379
-13601.3823685101
-13601.1042174798
-13600.7173707818
-13600.2218230377
-13599.7090810991
-13599.4114292248
-13599.5952770325
-13600.270982799
-13601.0525652203
-13601.5642036106
-13601.8042676775
-13601.905395616
-13601.9449586261
-13601.9533486696
-13601.939412974
-13601.8993279846
-13601.8192289935
-13601.6806378974
-13601.4763592913
-13601.2337714317
-13601.0214084107
-13600.9198617226
-13600.9785690107
-13601.2004721383
-13601.5529353389
-13601.9445082697
-13602.2243415703
-13602.354431466
-13602.4066210074
-13602.4288699443
-13602.4364662936
-13602.4323584715
-13602.4161870182
-13602.3875395608
-13602.3472830086
-13602.2963793939
-13602.2320375457
-13602.1460314775
-13602.0292168462
-13601.8797456894
-13601.7113556328
-13601.5571423559
-13601.4607034987
-13601.4524026774
-13601.5290192406
-13601.6560479133
-13601.7923002191
-13601.9113287617
-13602.0046314931
-13602.0743066979
-13602.1251826925
-13602.1600915367
-13602.1773621554
-13602.1702321365
-13602.1281545634
-13602.0416759838
-13601.911294219
-13601.7718113483
-13601.5117188309
-13601.0227802755
-13600.4799432493
-13600.2019738356
-13600.366054033
-13600.771571507
-13601.1456596964
-13601.3903218476
-13601.5304675101
-13601.6109781639
-13601.6596594812
-13601.6869295326
-13601.6926179511
-13601.6726090997
-13601.624208082
-13601.5498485767
-13601.4579676779
-13601.354361346
-13601.2351973452
-13601.1319280425
-13600.9797766059
-13600.7420538801
-13600.3516747699
-13599.840335904
-13599.6732161508
-13600.1294486487
-13600.8806844828
-13601.4709413738
-13601.7827969968
-13601.9164652563
-13601.9678475548
-13601.9836721965
-13601.9787592373
-13601.9486219315
-13601.8726233812
-13601.7177458795
-13601.4618203459
-13601.1486178022
-13600.9170453998
-13600.8900022805
-13601.0567552764
-13601.2158639064
-13601.3821600844
-13601.623696717
-13601.9216689256
-13602.1481614024
-13602.2899213458
-13602.3681301585
-13602.4045217189
-13602.4146260969
-13602.4088614554
-13602.3937233312
-13602.3724674959
-13602.3439990098
-13602.2994798101
-13602.2223514337
-13602.104919965
-13601.956232573
-13601.7853190426
-13601.6034771622
-13601.4399475832
-13601.3392000777
-13601.3326604921
-13601.4126085467
-13601.5382852305
-13601.6682992403
-13601.8093836666
-13601.8877310768
-13601.984833311
-13602.0783985924
-13602.1684686894
-13602.2513506303
-13602.3206456628
-13602.3710301556
-13602.4010958204
-13602.4112126998
-13602.3979831481
-13602.3466507267
-13602.2216717188
-13601.959650157
-13601.4985748755
-13600.8920559454
-13600.3995502078
-13600.2729603681
-13600.4959137774
-13600.8099212184
-13601.2145117701
-13601.6042432736
-13601.9064276803
-13602.0972137065
-13602.1992305768
-13602.2454548943
-13602.2605605564
-13602.2592698107
-13602.2480225333
-13602.22341677
-13602.1588313152
-13601.9471081899
-13601.2951177713
-13600.2762171102
-13599.9476426237
-13600.3344205543
-13600.9184042489
-13601.4134893208
-13601.7612295612
-13602.0031511504
-13602.1807840909
-13602.3164749719
-13602.4175917799
-13602.4850611618
-13602.5198162988
-13602.5253906174
-13602.5059219115
-13602.4622288703
-13602.3857055276
-13602.2483734319
-13601.9967761969
-13601.5887894445
-13601.0955444616
-13600.7258296054
-13600.6623874357
-13600.8986590989
-13601.2734437662
-13601.6289667325
-13601.8958766047
-13602.0725585091
-13602.1802602886
-13602.2392695992
-13602.2628026092
-13602.2576317265
-13602.2261300804
-13602.1679005057
-13602.0815067133
-13601.9661250144
-13601.8222450619
-13601.647951469
-13601.4207150761
-13601.0330919856
-13600.2027548034
-13598.9048247444
-13598.3170966059
-13599.3044332085
-13600.6068469333
-13601.3030843409
-13601.5784918653
-13601.6838917526
-13601.7235446346
-13601.7348719401
-13601.7317453088
-13601.7185664317
-13601.6935655088
-13601.6475743092
-13601.5608768162
-13601.4074281681
-13601.1777983273
-13600.8992342527
-13600.6259722304
-13600.4246047852
-13600.362376424
-13600.4756320461
-13600.7380118468
-13601.0714502704
-13601.3944928887
-13601.6595277535
-13601.8555240351
-13601.9917164521
-13602.0823448876
-13602.1397281137
-13602.1721570857
-13602.1829542012
-13602.1654051729
-13602.0858787625
-13601.8478776158
-13601.2690042898
-13600.2890821616
-13599.4178225319
-13599.4091312645
-13600.2012478822
-13601.0527220298
-13601.5828410847
-13601.8540428474
-13601.9925377869
-13602.0675094387
-13602.1069973135
-13602.1195042953
-13602.1052278668
-13602.0627982197
-13601.993629103
-13601.9023613274
-13601.7884714483
-13601.6329441414
-13601.3843700047
-13600.9830095519
-13600.2858834295
-13599.5570289464
-13599.2763155383
-13599.7768580577
-13600.6864957409
-13601.4519588484
-13601.8762535567
-13602.0795372816
-13602.1712666729
-13602.2070272548
-13602.210677056
-13602.1887117841
-13602.1351589814
-13602.0339763137
-13601.866639076
-13601.6305448401
-13601.3527248302
-13601.100752535
-13600.7826505096
-13600.3614775341
-13599.9786285904
-13600.2735760143
-13601.3392085931
-13602.1745486835
-13602.4663810498
-13602.5487850787
-13602.5763534567
-13602.5857147656
-13602.5810648604
-13602.5540098174
-13602.4852907772
-13602.3437275144
-13602.0951694931
-13601.7361675307
-13601.3297344214
-13600.9748622538
-13600.7452561643
-13600.7094274496
-13600.8181094915
-13601.0149309815
-13601.2506560964
-13601.5340543998
-13601.8534458919
-13602.1398967686
-13602.3492023386
-13602.4763355009
-13602.543393447
-13602.5713088757
-13602.5736075063
-13602.5587994647
-13602.5319859065
-13602.4957840541
-13602.4504542519
-13602.3931926764
-13602.3175252206
-13602.2146039349
-13602.0777763117
-13601.9094616221
-13601.7254204312
-13601.5521988974
-13601.4202136524
-13601.353168142
-13601.3551329147
-13601.4056500705
-13601.4708117366
-13601.522616873
-13601.54873186
-13601.547104319
-13601.5113868414
-13601.4076354997
-13601.1287366165
-13600.4647082176
-13599.3823400347
-13598.5035617612
-13598.4663888185
-13599.0434141598
-13599.653691726
-13600.0477409047
-13600.2573329934
-13600.3625254075
-13600.4126195226
-13600.4288857818
-13600.4167746445
-13600.3732618573
-13600.2918851617
-13600.1690404087
-13600.0125985593
-13599.8488911061
-13599.7218675539
-13599.6933871662
-13599.8298764356
-13600.0920428864
-13600.3394574846
-13600.508562768
-13600.6186883026
-13600.6982966413
-13600.7610142609
-13600.8091181036
-13600.8402990728
-13600.851803733
-13600.8418328072
-13600.8088222367
-13600.7499663761
-13600.6603275052
-13600.5326667134
-13600.359556171
-13600.1412146972
-13599.9013787888
-13599.7040382655
-13599.6404995403
-13599.7646817895
-13600.0312975226
-13600.3263770172
-13600.5612801969
-13600.7160409268
-13600.8108151824
-13600.8696231763
-13600.9072170786
-13600.9290102996
-13600.9324512206
-13600.9044595265
-13600.8102409884
-13600.5669974827
-13600.024731876
-13599.113481095
-13598.2360332011
-13597.9672514871
-13598.1692367533
-13598.4077654397
-13598.6965149663
-13599.2225768631
-13600.0730000083
-13600.8382133192
-13601.2692508995
-13601.4577680003
-13601.5292615529
-13601.547138625
-13601.5365873689
-13601.5070488195
-13601.461198409
-13601.3966645895
-13601.3046539176
-13601.1685291115
-13600.9684127689
-13600.7006166998
-13600.4037218105
-13600.1568078414
-13600.0394710499
-13600.0851078671
-13600.26303776
-13600.5031798342
-13600.7421347545
-13600.948269588
-13601.1159385887
-13601.2514347955
-13601.3634976835
-13601.4603460674
-13601.5492423086
-13601.6373844384
-13601.7340143244
-13601.8551178169
-13602.0271712589
-13602.2374198843
-13602.3917807689
-13602.4626529862
-13602.4912320997
-13602.5048973048
-13602.512185006
-13602.5129207162
-13602.5018083005
-13602.4678380062
-13602.3910968777
-13602.2407832983
-13601.9884984477
-13601.6477922853
-13601.2965416805
-13601.023003595
-13600.8698808593
-13600.8370723858
-13600.9042424877
-13601.0418323615
-13601.2155463415
-13601.3939110202
-13601.5574015881
-13601.7009822896
-13601.8295703385
-13601.9538477157
-13602.0886442493
-13602.2507321352
-13602.4403726809
-13602.6098736568
-13602.711519814
-13602.7579994089
-13602.7801720048
-13602.7930063811
-13602.7988178971
-13602.7938953918
-13602.7709441684
-13602.7189361846
-13602.6198290481
-13602.4447091458
-13602.1705039556
-13601.837260193
-13601.5563169152
-13601.393624672
-13601.3313004993
-13601.3336928274
-13601.3743578376
-13601.4317467258
-13601.4885867693
-13601.5344194324
-13601.5655779307
-13601.5822421457
-13601.5864955731
-13601.5844964798
-13601.5932291479
-13601.6460031792
-13601.7807853782
-13602.000789222
-13602.2468240622
-13602.4400187246
-13602.5487580528
-13602.5944734646
-13602.6110205772
-13602.6169858336
-13602.6119731586
-13602.5817042966
-13602.5013234825
-13602.3335194543
-13602.0381746299
-13601.6304456338
-13601.2228580953
-13600.9200584965
-13600.7301975373
-13600.613117675
-13600.5323772945
-13600.4654076553
-13600.3995487551
-13600.3275342878
-13600.2452580922
-13600.1514935565
-13600.049660685
-13599.9522549383
-13599.8907195646
-13599.9298603222
-13600.1552111716
-13600.58110387
-13601.0790813067
-13601.4940308515
-13601.7733845971
-13601.9384850206
-13602.0255241085
-13602.0646754786
-13602.0756508621
-13602.0674001383
-13602.0400265038
-13601.9838619759
-13601.8671645509
-13601.6143784842
-13601.1558880552
-13600.6225785088
-13600.310027255
-13600.3192567667
-13600.5261346855
-13600.7741231064
-13600.9729400011
-13601.0993567558
-13601.1647217477
-13601.1873867781
-13601.1799572374
-13601.1451444897
-13601.0717373237
-13600.9261799633
-13600.6358481518
-13600.0838174607
-13599.2241781001
-13598.4246854316
-13598.5069376797
-13599.7424906083
-13600.9678560229
-13601.3893008554
-13601.4662546803
-13601.483280699
-13601.4858084991
-13601.4627159508
-13601.3994532879
-13601.2890229501
-13601.1300354816
-13600.9267049872
-13600.6961090957
-13600.4789435959
-13600.3390582565
-13600.33790583
-13600.4934149928
-13600.7610267447
-13601.0550534475
-13601.2978451591
-13601.4596466418
-13601.5541565329
-13601.6072574619
-13601.6378572757
-13601.6552864457
-13601.6608462528
-13601.645863605
-13601.5770892133
-13601.3422422341
-13600.6344022146
-13599.2000838218
-13598.1858283572
-13598.9676910136
-13600.2415637715
-13600.6290386461
-13600.7526846546
-13600.9413566052
-13601.0344637445
-13601.132489632
-13601.2052414215
-13601.2493006217
-13601.262595905
-13601.2486451914
-13601.2084730541
-13601.1281352559
-13600.9618221712
-13600.6148062602
-13599.9992158722
-13599.3276401134
-13599.2383195861
-13599.5762484871
-13599.8189581743
-13600.1675034266
-13600.8122354907
-13601.4047634308
-13601.8011582867
-13602.0173947551
-13602.127697795
-13602.1785719117
-13602.1933788188
-13602.1804173023
-13602.1382663243
-13602.0589240488
-13601.9296695846
-13601.7296260356
-13601.4148014958
-13600.9269909142
-13600.3306100038
-13599.9515881985
-13600.0488352759
-13600.4510621164
-13600.847894405
-13601.111042793
-13601.2515811252
-13601.3129738802
-13601.3289864651
-13601.3178655358
-13601.2869784955
-13601.2363149604
-13601.1578850735
-13601.0342988343
-13600.8466104189
-13600.5946978473
-13600.3084899081
-13600.0287198873
-13599.7883538151
-13599.6152174698
-13599.5438181133
-13599.6245098689
-13599.9065097196
-13600.3396858691
-13600.7307334141
-13600.9684564598
-13601.0943535927
-13601.1655970955
-13601.2092080571
-13601.2325222728
-13601.2322502634
-13601.1987171298
-13601.120936319
-13600.997589244
-13600.8501700977
-13600.7080147095
-13600.6341231445
-13600.4828915033
-13600.3658193646
-13599.9541428093
-13599.5526397543
-13599.7578732471
-13600.5094893129
-13601.1790961304
-13601.5211602332
-13601.6605202005
-13601.7157227618
-13601.7372086204
-13601.740122713
-13601.7231390493
-13601.6721882739
-13601.554648234
-13601.310283451
-13600.8666099009
-13600.256601756
-13599.8139104343
-13600.0169471046
-13600.8520493287
-13601.706856671
-13602.1431401116
-13602.2720989608
-13602.3028141995
-13602.308624401
-13602.2948836809
-13602.2560280213
-13602.1890126904
-13602.0914730219
-13601.9577205491
-13601.7764312606
-13601.5347309591
-13601.2341238641
-13600.910990006
-13600.6359760883
-13600.4839927768
-13600.5044751974
-13600.7099152994
-13601.069708458
-13601.5005870649
-13601.8844136023
-13602.1478900132
-13602.3015293122
-13602.3847861232
-13602.4247229396
-13602.4356226924
-13602.4264387912
-13602.4039314056
-13602.3709365579
-13602.3234966817
-13602.250501908
-13602.1416832286
-13602.000942093
-13601.8488908032
-13601.7109859556
-13601.6065011448
-13601.5476576653
-13601.5388947092
-13601.5717785359
-13601.6266247507
-13601.6842352823
-13601.7336020253
-13601.7711753626
-13601.7967392805
-13601.8089605805
-13601.8003161791
-13601.7552965633
-13601.6555191531
-13601.4851568666
-13601.2416321144
-13600.9694922553
-13600.7911646681
-13600.8374252797
-13601.0953049936
-13601.4120398292
-13601.6663739422
-13601.8406437738
-13601.9586562872
-13602.0394471461
-13602.0918780343
-13602.1194650323
-13602.1233072792
-13602.1008813691
-13602.0385566486
-13601.8895141559
-13601.5284852155
-13600.7914391284
-13599.8775917973
-13599.4848726369
-13599.8723979671
-13600.5257151619
-13601.0193972824
-13601.3104219547
-13601.4730129406
-13601.5652766964
-13601.6176505616
-13601.6438729834
-13601.649644402
-13601.6365844316
-13601.6041003144
-13601.5507124415
-13601.4697005429
-13601.3367711768
-13601.0764617997
-13600.4928558514
-13599.4211056527
-13598.5147935981
-13598.6925916392
-13599.4752385434
-13600.1332250547
-13600.5507236556
-13600.8067934511
-13600.9644936075
-13601.0609877989
-13601.1185160631
-13601.1490926632
-13601.1571723048
-13601.1447615417
-13601.1212401229
-13601.1176685723
-13601.184348801
-13601.3430903611
-13601.5392520072
-13601.7042168657
-13601.8776082894
-13601.960054217
-13602.0136349399
-13602.0470314367
-13602.0710229231
-13602.0823359778
-13602.0700881343
-13601.9700258602
-13601.860793764
-13601.6218729549
-13601.1128424557
-13600.3160570216
-13599.6753786012
-13599.6547803862
-13600.1051217069
-13600.5838337894
-13600.8817618302
-13601.0219069924
-13601.0763465791
-13601.0911458116
-13601.0839777928
-13601.0534288304
-13600.9863891998
-13600.8710428891
-13600.7232295776
-13600.6044279267
-13600.5822542356
-13600.6712419838
-13600.8462238666
-13601.0711803285
-13601.2858407908
-13601.4475017325
-13601.4817385197
-13601.4825004632
-13601.4111014713
-13601.3585091278
-13601.3482690614
-13601.3867807194
-13601.4414851857
-13601.484767608
-13601.5053694222
-13601.499417258
-13601.4569410455
-13601.346621161
-13601.1047140434
-13600.6664324594
-13600.0948405448
-13599.6691506579
-13599.6708488367
-13600.1691589819
-13600.7529950182
-13601.1349248038
-13601.3242504093
-13601.4236010554
-13601.474602256
-13601.434394365
-13601.433928455
-13601.402003595
-13601.3208780168
-13601.16679062
-13600.8998311256
-13600.4049637023
-13599.3840670512
-13597.6072234964
-13596.1435825484
-13596.4462958147
-13597.6653693171
-13598.4944244596
-13598.8305051313
-13598.9419797971
-13598.9728338305
-13598.9700439324
-13598.9429468881
-13598.885169315
-13598.7817292917
-13598.6186831838
-13598.4098612815
-13598.2444080283
-13598.3093366117
-13598.7846583034
-13599.613846192
-13600.4522414835
-13601.0245981584
-13601.3399175992
-13601.5015204623
-13601.580332153
-13601.6109600137
-13601.6094014626
-13601.5853196281
-13601.5429721184
-13601.5411503691
-13601.4101100482
-13601.1554287803
-13600.7593229743
-13600.3590104095
-13600.1288078652
-13600.208661888
-13600.5492139323
-13601.1024069899
-13601.62382866
-13601.9675076094
-13602.1328225356
-13602.1960212597
-13602.2152369494
-13602.2160501995
-13602.2065176148
-13602.1869301026
-13602.1537730774
-13602.1013795935
-13602.0207599757
-13601.8963568527
-13601.7032073235
-13601.4201064743
-13601.0760344662
-13600.7854856136
-13600.696439662
-13600.8815935859
-13601.2780315276
-13601.7214619306
-13602.0668676288
-13602.2748603503
