# Fix print output for fix totenergy
-4855.07003924865
-4855.05060612735
-4854.95189712969
-4854.67491340257
-4854.16324469291
-4853.56862452487
-4853.26130183575
-4853.48457498372
-4854.12914278599
-4854.84148014018
-4855.31518775089
-4855.54577279624
-4855.6586715314
-4855.7183795697
-4855.74667491953
-4855.76168637232
-4855.80490636674
-4855.95045882897
-4856.25655610372
-4856.68132935722
-4857.09454008907
-4857.40777117339
-4857.61334644723
-4857.7511648028
-4857.84966853177
-4857.92211078521
-4857.97327242495
-4858.00484378075
-4858.01723788344
-4858.00676157521
-4857.95759297427
-4857.82400800155
-4857.51766444903
-4856.93759808147
-4856.11551156136
-4855.38736238954
-4855.17686098794
-4855.52190011063
-4856.066759325
-4856.50184415778
-4856.76202015958
-4856.90158017979
-4856.9755645195
-4857.01342386179
-4857.02598642376
-4857.01272491628
-4856.96417781146
-4856.88473787403
-4856.67929407895
-4856.2715626405
-4855.46222361154
-4854.39537770218
-4853.86508815906
-4854.12487424085
-4854.67265447106
-4855.02735390195
-4855.30750929166
-4855.62071045278
-4855.90286695218
-4856.09748601244
-4856.20317634439
-4856.25082698277
-4856.26230563936
-4856.24579659468
-4856.19392454145
-4856.07810181048
-4855.83602215373
-4855.39023594518
-4854.71281740283
-4854.07064090035
-4854.02916090059
-4854.95710116604
-4855.88391690887
-4856.36058305709
-4856.71371175507
-4857.00020644057
-4857.16892943541
-4857.31108213408
-4857.40167957416
-4857.45237484975
-4857.4712516311
-4857.46177006404
-4857.42014806386
-4857.33068305848
-4857.15883651944
-4856.84673697443
-4856.34979427151
-4855.78749466192
-4855.60804705835
-4856.04226309995
-4856.64825877054
-4857.15744506713
-4857.60679529326
-4857.90427710616
-4858.07646103121
-4858.15911785761
-4858.19181211323
-4858.19276167026
-4858.17006394723
-4858.12713359996
-4858.0655239408
-4857.98653138747
-4857.8914131333
-4857.78046868154
-4857.65410314731
-4857.51757004539
-4857.38249653693
-4857.25753411635
-4857.14620005841
-4857.0497445241
-4856.96502929538
-4856.88498169612
-4856.79977905816
-4856.69892637672
-4856.57007212799
-4856.39725559407
-4856.16157673075
-4855.85100844659
-4855.49139377814
-4855.19485641147
-4855.16892648216
-4855.57053219015
-4856.24583962841
-4856.81529699483
-4857.13034888073
-4857.2783995917
-4857.34716525897
-4857.37649221789
-4857.38141790567
-4857.36627419203
-4857.32748079076
-4857.24902939704
-4857.12584980586
-4856.84057725591
-4856.37705648232
-4855.95289309341
-4855.83474256627
-4856.03804697718
-4856.32809046112
-4856.5979867478
-4856.72995163467
-4856.8216786813
-4856.92393691942
-4857.02603414149
-4857.11624485808
-4857.17641080309
-4857.21713508072
-4857.24270013016
-4857.25285894658
-4857.24543625483
-4857.21742930195
-4857.16389933862
-4857.07604271226
-4856.94086855669
-4856.74864483786
-4856.50456610315
-4856.23144543219
-4855.96684585774
-4855.77557880972
-4855.76114787211
-4856.01830152889
-4856.49114986184
-4856.94914527803
-4857.23988546904
-4857.38810699526
-4857.46258566276
-4857.50252862121
-4857.52154413436
-4857.51941672744
-4857.48742492062
-4857.40793202906
-4857.24637495786
-4856.93392688525
-4856.3599148245
-4855.5175317393
-4854.95524714766
-4855.16313309485
-4855.55648863896
-4855.8980148937
-4856.47068098489
-4857.10043738295
-4857.62383127335
-4857.9282371973
-4858.08367398742
-4858.15353674465
-4858.17673450987
-4858.17379643699
-4858.15034003188
-4858.09769108056
-4857.98803725937
-4857.7707250093
-4857.39857772196
-4856.91121886121
-4856.50437613242
-4856.29519470979
-4856.23326835567
-4856.21445099513
-4856.25325921734
-4856.25810039539
-4856.28865295178
-4856.4111534094
-4856.60008106467
-4856.81425018937
-4856.98474096773
-4857.08441701151
-4857.12657981635
-4857.13135325469
-4857.1106669209
-4857.06732553211
-4856.99806720142
-4856.89796090589
-4856.7665722535
-4856.63761166507
-4856.49113210569
-4856.39531851962
-4856.22430727223
-4855.95693269097
-4855.64146463382
-4855.52765825163
-4855.91701004969
-4856.89126270427
-4857.8243447303
-4858.17072751904
-4858.25170134732
-4858.27390953684
-4858.27585893008
-4858.25902657887
-4858.21434999918
-4858.12454231596
-4857.96350418896
-4857.70646471469
-4857.35746874112
-4856.97204095851
-4856.67179688243
-4856.46569100432
-4856.38224607778
-4856.45273607698
-4856.75413415303
-4857.14070336392
-4857.49104022754
-4857.69803369766
-4857.79214277587
-4857.82893913494
-4857.84423645681
-4857.85199202361
-4857.84934780745
-4857.80995333348
-4857.63126784046
-4856.9701621928
-4855.40915627676
-4854.02340440837
-4853.89276221577
-4854.05565520435
-4854.13660850551
-4854.48964395037
-4855.46593095771
-4856.68890202094
-4857.47590538519
-4857.81753213578
-4857.94096434036
-4857.97782022986
-4857.97764890946
-4857.95646842572
-4857.91248053674
-4857.82668432495
-4857.66272986425
-4857.38434570562
-4857.01074088297
-4856.65028844069
-4856.4953723105
-4856.35361727057
-4856.24451907662
-4856.01065401847
-4855.79309338859
-4855.74932543871
-4856.25718697168
-4857.21144982624
-4857.85871176938
-4858.06224554373
-4858.10691658377
-4858.11424935881
-4858.11459043719
-4858.11409925629
-4858.10811521193
-4858.07872645786
-4857.98797245273
-4857.78586795628
-4857.46270662695
-4857.10710503115
-4856.84644676672
-4856.72634668952
-4856.7157209244
-4856.79514448041
-4856.88455702511
-4857.00167023974
-4857.15334934453
-4857.39358218917
-4857.65727687098
-4857.89889432779
-4858.08793583247
-4858.21567569259
-4858.29351764956
-4858.34310831239
-4858.37952246418
-4858.40675577185
-4858.42215675924
-4858.42071479506
-4858.3984471582
-4858.35695463857
-4858.30488167411
-4858.253077069
-4858.20671683449
-4858.16263324148
-4858.14323115038
-4858.06715916756
-4857.90970014342
-4857.72508810816
-4857.50379277186
-4857.29220797831
-4857.12678454402
-4857.01011787805
-4856.92065282673
-4856.83208775366
-4856.71988330406
-4856.54919110154
-4856.24233947111
-4855.63373541232
-4854.58519514761
-4853.54247922752
-4853.46141307343
-4854.35335673061
-4855.30738192386
-4855.86415259393
-4856.11832147187
-4856.22748289511
-4856.27237203055
-4856.2840962812
-4856.27424190451
-4856.25047142823
-4856.22763884143
-4856.23829628991
-4856.33572212429
-4856.56790904713
-4856.91525092224
-4857.25710199002
-4857.46854762136
-4857.54890271569
-4857.57066159792
-4857.58359840154
-4857.6031372726
-4857.62627992129
-4857.64206471765
-4857.63562643327
-4857.58563190367
-4857.46574708929
-4857.24968567087
-4856.91921671449
-4856.49137459058
-4856.06077381465
-4855.79038456839
-4855.79918846331
-4856.04687183309
-4856.37675863489
-4856.65799297936
-4856.85010665201
-4856.9695854352
-4857.04379577775
-4857.0915352301
-4857.1210472594
-4857.13173972152
-4857.11336260387
-4857.03837122199
-4856.84511204229
-4856.42443509435
-4855.7398958794
-4854.89603386353
-4854.35018986544
-4854.31980956447
-4854.89184989921
-4855.80759987515
-4856.56657238853
-4856.96623451099
-4857.14403557012
-4857.21753163375
-4857.24150295472
-4857.23532707399
-4857.20366976601
-4857.14480927911
-4857.05683683592
-4856.92410641376
-4856.74107368825
-4856.50056545215
-4856.20972557915
-4855.9296883333
-4855.81726740903
-4856.05452068445
-4856.63684954396
-4857.25738051251
-4857.60864972579
-4857.75300260055
-4857.82301160982
-4857.85928904449
-4857.86849853842
-4857.85025591568
-4857.80250187367
-4857.72110127454
-4857.59884578607
-4857.4282790704
-4857.21097436619
-4856.97561349402
-4856.77940988521
-4856.68064995824
-4856.6253717605
-4856.56993212982
-4856.26537343626
-4855.41527648066
-4854.67603524428
-4855.02734095103
-4856.19584697646
-4857.09469384034
-4857.49153551483
-4857.63325558383
-4857.67834963386
-4857.68756824483
-4857.68357600439
-4857.6736720384
-4857.65423884822
-4857.60971446055
-4857.51479166576
-4857.351612899
-4857.13885973702
-4856.92518882462
-4856.74582689691
-4856.60648507199
-4856.50056321401
-4856.42529078991
-4856.38856729211
-4856.40936563763
-4856.51149151396
-4856.71208668698
-4857.00971848135
-4857.3748431395
-4857.74815237493
-4858.06084777318
-4858.27502440725
-4858.39807703216
-4858.45963816916
-4858.48632864068
-4858.49339582827
-4858.48563830401
-4858.45941473453
-4858.40770597811
-4858.33225417194
-4858.25323913519
-4858.18687254088
-4858.1281821086
-4858.0669684138
-4857.9961236125
-4857.91058152554
-4857.80456257299
-4857.66867695503
-4857.48881148486
-4857.25004308854
-4856.94900769906
-4856.61014199949
-4856.28936982646
-4856.05173183391
-4855.9352367198
-4855.92631052934
-4855.97130567132
-4856.0146561078
-4856.02967190766
-4856.01755050193
-4855.98191613278
-4855.90599073666
-4855.63112251613
-4854.84543779428
-4853.84215561461
-4853.50923892217
-4853.93217198543
-4854.53164270653
-4854.95433974024
-4855.1952350508
-4855.33617839363
-4855.42953603045
-4855.49568361111
-4855.5402529603
-4855.564993003
-4855.57091234892
-4855.55926953373
-4855.53701079872
-4855.53491427499
-4855.63322870704
-4855.92844856225
-4856.38879734962
-4856.84546383868
-4857.17462682525
-4857.38316401714
-4857.5167899843
-4857.60738124178
-4857.66985302997
-4857.70941227215
-4857.72691493605
-4857.72512349785
-4857.69429826224
-4857.63111252379
-4857.53873266709
-4857.34347664893
-4856.97459117264
-4856.39563866296
-4855.99441397998
-4856.20940323649
-4856.89322391758
-4857.48437201542
-4857.78747310292
-4857.91480327625
-4857.9702474786
-4857.99526621426
-4858.00051870016
-4857.98525456564
-4857.94292883476
-4857.85887724125
-4857.70509968707
-4857.4410356935
-4857.05409378647
-4856.67000905943
-4856.33342019671
-4856.19045703943
-4856.1115420942
-4856.06914200081
-4856.00597742829
-4855.89724153355
-4855.8099574751
-4855.88262096818
-4856.15616843955
-4856.45760523403
-4856.68891355282
-4856.84280652079
-4856.94707389266
-4857.02729827852
-4857.09960996143
-4857.17516523707
-4857.265580875
-4857.38131519504
-4857.51791057637
-4857.65284708362
-4857.76897289493
-4857.86668551451
-4857.95199551401
-4858.02602193948
-4858.08488391387
-4858.12429212055
-4858.14119837595
-4858.13128167191
-4858.08260645428
-4857.96468371725
-4857.71402290298
-4857.23548708605
-4856.52515275031
-4855.83770598283
-4855.4601285983
-4855.4152756224
-4855.73448003877
-4856.32050816549
-4856.83235837286
-4857.13208397592
-4857.26829894318
-4857.32458978475
-4857.34683785998
-4857.34960046761
-4857.33221698816
-4857.28948781395
-4857.22022756452
-4857.13383919273
-4857.05285241008
-4857.00743028359
-4857.04779394686
-4857.11041748846
-4857.16871856275
-4857.23511993738
-4857.26189720366
-4857.29054715404
-4857.21379625055
-4857.06305638181
-4856.62678668093
-4855.73755120699
-4854.8042203264
-4854.72109203246
-4855.47247416084
-4856.20716141146
-4856.56671876592
-4856.69826245868
-4856.74749262067
-4856.76882314807
-4856.77279391433
-4856.75180764347
-4856.68763459968
-4856.5551248648
-4856.33590916044
-4856.09518616455
-4855.94328392736
-4856.13406904524
-4856.81866792326
-4857.43424249007
-4857.79976771746
-4857.96358601976
-4858.0832927794
-4858.15727838162
-4858.19507107401
-4858.20207519927
-4858.18162782165
-4858.13460858308
-4858.06071616159
-4857.95659534046
-4857.81454143259
-4857.62104928857
-4857.36435934276
-4857.06166572344
-4856.77676585585
-4856.56911936227
-4856.43952588804
-4856.35459352578
-4856.31171142584
-4856.24160447367
-4856.14118886447
-4855.99038160379
-4855.82553406595
-4855.86205274634
-4856.10968798865
-4856.44787055471
-4856.7137705886
-4856.8602751872
-4856.93803117261
-4857.00442250505
-4857.09007206475
-4857.20381646971
-4857.34099076641
-4857.48610622068
-4857.61934930175
-4857.72550756032
-4857.80237884806
-4857.85752760125
-4857.89948669837
-4857.93257378364
-4857.95665067179
-4857.9672532675
-4857.95232786888
-4857.87615998808
-4857.61505032939
-4856.82886702945
-4855.28157049329
-4854.17109083402
-4854.33742795532
-4854.54347173814
-4854.64641170035
-4855.25728532322
-4856.46588912593
-4857.42684985995
-4857.84983410159
-4857.99676166434
-4858.04218464158
-4858.04862331793
-4858.03320921144
-4857.99355807094
-4857.91398195653
-4857.76959636161
-4857.54524062343
-4857.26799807558
-4856.99793092279
-4856.78759944574
-4856.6574352904
-4856.53903386479
-4856.41881538649
-4856.10798173869
-4855.7673171591
-4855.80673982864
-4856.24949990782
-4856.75104452556
-4857.12914274239
-4857.36729493818
-4857.49892291503
-4857.55980627708
-4857.572846726
-4857.56411012202
-4857.53965747351
-4857.50008901236
-4857.42990611109
-4857.28551894253
-4857.01331632503
-4856.67544750551
-4856.38585744712
-4856.19272138119
-4856.10932075816
-4856.1710219788
-4856.38738281025
-4856.65536979404
-4856.89944144281
-4857.0861325071
-4857.21419545361
-4857.29907743814
-4857.34608622038
-4857.36616815511
-4857.3595633331
-4857.31241330641
-4857.17582931725
-4856.85468447637
-4856.15423428234
-4855.12968823886
-4854.24885256793
-4854.15365181137
-4854.91219736431
-4855.7640235949
-4856.38889985432
-4856.79660850397
-4857.01730637876
-4857.16442180194
-4857.24547309749
-4857.28241420787
-4857.28699667531
-4857.2648674841
-4857.21624384784
-4857.13290399227
-4856.99089323379
-4856.73944022702
-4856.30163889214
-4855.65607396151
-4855.06498490274
-4855.13873195789
-4856.16223308621
-4857.29793201301
-4857.75878553112
-4857.86625924189
-4857.89363478556
-4857.89994075273
-4857.88714659549
-4857.84249004847
-4857.74868928264
-4857.58926798303
-4857.35485232966
-4857.05826528022
-4856.75048188233
-4856.52632388727
-4856.39174812765
-4856.33059167213
-4856.11986787925
-4855.43425746632
-4854.84396157155
-4854.90494347996
-4855.62739604782
-4856.4688713346
-4856.9491573333
-4857.14072938848
-4857.21653441048
-4857.24773269723
-4857.25172225375
-4857.22789102769
-4857.17127720595
-4857.08175341843
-4856.97029174046
-4856.85354127801
-4856.73842467409
-4856.61571206506
-4856.43982526292
-4856.06499769226
-4855.29959121757
-4854.52692684614
-4854.76255315298
-4855.90039289213
-4856.84767500224
-4857.24093797501
-4857.3686892753
-4857.41393734278
-4857.42513382144
-4857.40833680864
-4857.36090067967
-4857.28485657829
-4857.21158349683
-4857.11866692097
-4857.02336165239
-4856.88907298023
-4856.70431173299
-4856.61197553676
-4856.67031530462
-4856.79350765786
-4856.94969294918
-4857.19041044397
-4857.46822656648
-4857.76470189222
-4857.95854228386
-4858.05449724366
-4858.09277624674
-4858.10520150759
-4858.10745795233
-4858.10142715791
-4858.07182204957
-4857.96387282808
-4857.62794650038
-4856.85538121371
-4855.90743077162
-4855.61924572583
-4856.00786620087
-4856.33366312753
-4856.41979569665
-4856.45686635161
-4856.52209806291
-4856.73903559615
-4857.06591827162
-4857.3783098997
-4857.58980199068
-4857.69930449452
-4857.74099726383
-4857.7462576163
-4857.7335542829
-4857.70839625187
-4857.66111303272
-4857.55585041816
-4857.32001859659
-4856.91533103316
-4856.51676192914
-4856.33547868893
-4856.3028787928
-4856.29420618105
-4856.2711596824
-4856.21899546663
-4856.12126781248
-4856.02748618582
-4856.06603197655
-4856.26476776086
-4856.50304255893
-4856.67766247138
-4856.77336099801
-4856.81789521072
-4856.83818363159
-4856.84588765394
-4856.83291593971
-4856.75885162423
-4856.52313652956
-4855.98003036388
-4855.22426005335
-4854.97705000821
-4855.68771858319
-4856.49283795902
-4856.97187223805
-4857.25992314241
-4857.42771579998
-4857.55831931504
-4857.66290098275
-4857.75356076723
-4857.83220360079
-4857.89112701055
-4857.92201387885
-4857.92331485732
-4857.90001000477
-4857.85947079708
-4857.80589918452
-4857.73913714887
-4857.66102210856
-4857.59158795087
-4857.54280611718
-4857.49228823735
-4857.40595163944
-4857.23991987403
-4856.96136122479
-4856.62269943675
-4856.40820051616
-4856.44957708626
-4856.65004795454
-4856.93827970449
-4857.10018064983
-4857.18164508814
-4857.2642556694
-4857.33075011386
-4857.40883743471
-4857.50112265458
-4857.61621220187
-4857.7483354938
-4857.87712255155
-4857.97910936517
-4858.04257990682
-4858.07251061389
-4858.08192864197
-4858.08236622862
-4858.07620651289
-4858.04515587877
-4857.92255897245
-4857.57221786937
-4856.93571583876
-4856.31741762216
-4856.10467995061
-4856.20016393622
-4856.34378564455
-4856.51474907279
-4856.64751651671
-4856.78969357266
-4857.07861092621
-4857.42710067314
-4857.79508623624
-4858.06616109281
-4858.23626564215
-4858.31326174184
-4858.34236386261
-4858.35246965571
-4858.35597689586
-4858.35392546876
-4858.33493283745
-4858.24306654968
-4857.7680199222
-4856.16279387376
-4854.67584493644
-4854.70241776659
-4855.04671044744
-4855.21045017965
-4855.33709233918
-4855.7278580689
-4856.48482209348
-4857.31928842795
-4857.8281692338
-4858.05281462509
-4858.13542379732
-4858.15975571093
-4858.16128875305
-4858.1507608061
-4858.12229674093
-4858.05096512589
-4857.88632809836
-4857.5969375387
-4857.22717950562
-4856.95755622689
-4856.75075909148
-4856.5857384894
-4856.54854498436
-4856.63242637715
-4856.77136997892
-4856.8620159087
-4856.95676898338
-4857.03496798401
-4857.18671829279
-4857.34299193335
-4857.46766978334
-4857.54332534302
-4857.57700505681
-4857.58390806413
-4857.57286729606
-4857.53107212567
-4857.37730698901
-4856.90356147162
-4856.05647517199
-4855.32710289681
-4855.18731795385
-4855.36214602785
-4855.52686555211
-4855.65275370772
-4855.82491614143
-4856.11070594515
-4856.48199008612
-4856.81783847128
-4857.02975233708
-4857.17305898991
-4857.2477949376
-4857.28371965541
-4857.29685278115
-4857.29054481859
-4857.24880956697
-4857.09705154692
-4856.55736314311
-4855.08543563256
-4853.43367410459
-4853.96260189025
-4855.54390683924
-4856.29929587679
-4856.40667874635
-4856.43562894342
-4856.46311347123
-4856.43456677123
-4856.58168192929
-4856.84539805616
-4857.1231727664
-4857.31956095148
-4857.42646360018
-4857.47530356826
-4857.49355778823
-4857.49097561233
-4857.4527733631
-4857.31183231529
-4856.87391575651
-4855.83641171967
-4854.57707857908
-4854.27859990506
-4854.50600820829
-4854.79561637734
-4855.60052588057
-4856.65262179935
-4857.37782164826
-4857.78375555152
-4857.97291960768
-4858.05312072957
-4858.07800277256
-4858.07114972766
-4858.0434647165
-4857.99922869696
-4857.93907615125
-4857.85988325343
-4857.75422642532
-4857.61152792236
-4857.42656632381
-4857.211777564
-4856.99636625829
-4856.81391272977
-4856.69074837344
-4856.65389250803
-4856.65015092208
-4856.60437134366
-4856.46378977804
-4856.3891164222
-4856.60831701555
-4857.05097032598
-4857.51374773826
-4857.84615658576
-4858.03859568919
-4858.14335696513
-4858.19966585903
-4858.22577982238
-4858.23036102815
-4858.21820852108
-4858.19067983928
-4858.14609471753
-4858.08228630894
-4858.00086980275
-4857.90804207076
-4857.81325955806
-4857.72573010022
-4857.67052520004
-4857.61314690104
-4857.55645199758
-4857.43488891768
-4857.1930762109
-4856.86811683031
-4856.4892203029
-4856.25866709927
-4856.29580153983
-4856.60609783597
-4857.05240461925
-4857.43259064802
-4857.63098936408
-4857.70428324175
-4857.73226297347
-4857.74515478945
-4857.74760125232
-4857.73635938099
-4857.70597867836
-4857.65030481713
-4857.5614102106
-4857.42894249074
-4857.24488465906
-4857.02243813059
-4856.8155150231
-4856.72062358307
-4856.72006212028
-4856.79003538324
-4856.91619499692
-4857.08913136541
-4857.30923358724
-4857.41646546262
-4857.45322817122
-4857.47068249725
-4857.47466603425
-4857.50957012942
-4857.53828678376
-4857.54883565921
-4857.53839001769
-4857.50840035079
-4857.46062271022
-4857.39886025817
-4857.3317975591
-4857.2686503661
-4857.25686341794
-4857.20150351308
-4857.08717092174
-4857.00412437027
-4856.90650336856
-4856.81459843997
-4856.75119818941
-4856.72207324543
-4856.71818893695
-4856.72811650354
-4856.74521428677
-4856.76915037217
-4856.8071348232
-4856.87681252945
-4857.00406313517
-4857.20414970088
-4857.45442020656
-4857.69978085675
-4857.89433324523
-4858.02827287136
-4858.13435535282
-4858.19232136743
-4858.21231537612
-4858.23111148041
-4858.22356776591
-4858.17942605733
-4858.07773277928
-4857.87713920506
-4857.50777906108
-4856.89989140202
-4856.11857465629
-4855.48982279434
-4855.37566418836
-4855.78124562276
-4856.3650019374
-4856.81344325808
-4857.05433714546
-4857.15768727099
-4857.19642207509
-4857.20802149477
-4857.20343649608
-4857.17992178013
-4857.13269158279
-4857.06481351597
-4856.98762681796
-4856.9175620099
-4856.88014777178
-4856.9099211033
-4857.03515704496
-4857.24890475749
-4857.49665713762
-4857.73579841134
-4857.86902864612
-4857.93106616035
-4857.98588651669
-4858.03641654633
-4858.1186547918
-4858.20175704589
-4858.27656262211
-4858.33285710266
-4858.36704041155
-4858.38233821196
-4858.38151210611
-4858.36065510991
-4858.30529401174
-4858.18870015693
-4857.98181893669
-4857.68872221351
-4857.36910564461
-4857.12908201142
-4856.89301847304
-4856.64467767188
-4856.34583140561
-4856.21614081109
-4856.37102096623
-4856.747166883
-4857.12709589599
-4857.38019350101
-4857.50967550816
-4857.56420320709
-4857.59760182403
-4857.59817807064
-4857.59457612596
-4857.55030500445
-4857.29599203911
-4856.44025266695
-4855.06909746439
-4854.58698631245
-4855.06424971658
-4855.51683282406
-4855.67238898273
-4855.73088917268
-4855.81636734836
-4855.97214081086
-4856.33390315326
-4856.77441031815
-4857.12873852233
-4857.33361141457
-4857.42769711915
-4857.46434095599
-4857.47540460622
-4857.47059490636
-4857.43761394658
-4857.32248747331
-4856.95109608315
-4855.90061263953
-4854.15012145329
-4853.809658592
-4855.6052919682
-4856.95785609889
-4857.38942647041
-4857.5052180143
-4857.55916317658
-4857.54142029202
-4857.52154488584
-4857.4993539524
-4857.49816742611
-4857.51508422576
-4857.52936851841
-4857.5246457528
-4857.49539648681
-4857.44119875954
-4857.35891434371
-4857.23610247478
-4857.04924760786
-4856.78397574351
-4856.47442632697
-4856.18670908544
-4855.99224825223
-4855.82453767143
-4855.69354679756
-4855.62086288988
-4855.66348095316
-4855.93761022951
-4856.33778987104
-4856.74187979546
-4857.06791716108
-4857.29784460475
-4857.44840661176
-4857.54365769575
-4857.6021485386
-4857.63331025474
-4857.63917242734
-4857.61605254126
-4857.55105091499
-4857.39707268493
-4857.00481942799
-4856.16395870314
-4855.14455776535
-4854.62887414494
-4854.59949522363
-4854.81352334258
-4855.22774743047
-4855.81117886645
-4856.46167420679
-4856.8957937884
-4857.11729112048
-4857.21931358532
-4857.26823883083
-4857.28910014102
-4857.2841247864
-4857.24336969992
-4857.1568009072
-4857.03699876076
-4856.94329783245
-4856.95777243541
-4857.08780232352
-4857.22580752062
-4857.29446146526
-4857.36165959058
-4857.38025143118
-4857.47182277019
-4857.62043950344
-4857.82351162251
-4858.02801921413
-4858.18003592167
-4858.26703937856
-4858.30581112185
-4858.31778097386
-4858.31670474532
-4858.30610147692
-4858.27302161814
-4858.16787419
-4857.88796714646
-4857.4173150224
-4856.91389503112
-4856.63085014983
-4856.56295232087
-4856.55355026921
-4856.51190472777
-4856.40387944563
-4856.28722832366
-4856.33221972876
-4856.66299774577
-4857.13596188052
-4857.49746143875
-4857.67851619711
-4857.7435249231
-4857.76153912252
-4857.76735613165
-4857.77017884906
-4857.76176942468
-4857.704064903
-4857.43883988876
-4856.39252428332
-4854.22448033759
-4853.2617793945
-4854.14627586127
-4855.07157875827
-4855.44939212517
-4855.70521542721
-4855.94995370216
-4856.36594097334
-4856.90326775769
-4857.39392158252
-4857.71464101153
-4857.87551880799
-4857.93861815896
-4857.95361487225
-4857.94659963339
-4857.92396860583
-4857.87351706445
-4857.76048423784
-4857.5346876598
-4857.18422535266
-4856.80564199157
-4856.53130389893
-4856.41929163212
-4856.3547087614
-4856.34785615498
-4856.32284526006
-4856.40423890213
-4856.58192085889
-4856.82282863545
-4857.03805193856
-4857.21536241157
-4857.35902859805
-4857.46612386699
-4857.53456793715
-4857.56871989557
-4857.5753460932
-4857.55632732088
-4857.49514856054
-4857.31575440181
-4856.80311801694
-4855.80297250837
-4854.89653679739
-4854.91543871683
-4855.60324958938
-4856.19775959608
-4856.52554873136
-4856.63654764748
-4856.71064011138
-4856.70722816407
-4856.75321073621
-4856.80707586434
-4856.90143092782
-4857.05002471365
-4857.23952428329
-4857.45318560493
-4857.67201219384
-4857.86582255657
-4858.00941920126
-4858.10384990435
-4858.16533313315
-4858.20651067908
-4858.23197668336
-4858.24025122125
-4858.22564976809
-4858.17845533546
-4858.08143671574
-4857.89090299189
-4857.48302711276
-4856.67468442384
-4855.56858255047
-4855.05292306659
-4855.33710952064
-4855.88344770494
-4856.44293195073
-4856.89274682881
-4857.2152797658
-4857.41788134865
-4857.527351211
-4857.57521291925
-4857.58661735335
-4857.57673080451
-4857.54962482189
-4857.4938822811
-4857.36866412182
-4857.09004212942
-4856.59994642035
-4856.05910690449
-4855.78691029757
-4855.87404325355
-4856.12663399696
-4856.28414751043
-4856.39333128999
-4856.45409537241
-4856.503463422
-4856.52912419022
-4856.527269606
-4856.53921216696
-4856.55426844615
-4856.57179240953
-4856.58464135855
-4856.58182279062
-4856.54672214304
-4856.45651120168
-4856.28109905877
-4855.98904993057
-4855.58770096443
-4855.21642846903
-4854.98898499196
-4854.98141519349
-4855.17610057261
-4855.55596969637
-4855.98925124776
-4856.3717352218
-4856.61142847586
-4856.73635842892
-4856.79313648998
-4856.81424237211
-4856.81615085842
-4856.80294649512
-4856.76437280629
-4856.65843287947
-4856.36074591748
-4855.65630356359
-4854.69504899659
-4854.32391851325
-4854.80945344592
-4855.55229638378
-4856.14379817866
-4856.54419156987
-4856.80965112424
-4856.98475733576
-4857.11885519886
-4857.17034650318
-4857.18810992415
-4857.17840725927
-4857.10732606985
-4857.04395141819
-4856.97546899458
-4856.92089264493
-4856.89430077884
-4856.89764223773
-4856.91798697691
-4856.97064794697
-4856.96519086836
-4856.92629664503
-4856.78859448188
-4856.62112637354
-4856.39349940085
-4856.15746957427
-4855.96985764141
-4855.85885329259
-4855.82457513868
-4855.85546155256
-4855.93878323667
-4856.06017500183
-4856.20092254166
-4856.34107105284
-4856.46738302675
-4856.576708383
-4856.67342956569
-4856.76459115978
-4856.85777962462
-4856.96173407311
-4857.08834589883
-4857.25225961037
-4857.46311821359
-4857.71207882019
-4857.96555052984
-4858.18101346246
-4858.33350487469
-4858.4242360752
-4858.46878453802
-4858.48538836224
-4858.48862180325
-4858.48460875065
-4858.46184227124
-4858.35670311903
-4857.98143559967
-4857.21120104015
-4856.47997465727
-4856.17715985539
-4856.19049630021
-4856.29702071726
-4856.38107330056
-4856.41955725977
-4856.4230281456
-4856.40116148889
-4856.34739748537
-4856.22450684861
-4855.9448985095
-4855.40154713865
-4854.67565175651
-4854.15067226479
-4854.19009490112
-4854.4863866377
-4854.86028504946
-4855.21745652985
-4855.65981323952
-4856.11563775392
-4856.49305831939
-4856.74179716217
-4856.88494157724
-4856.95854391248
-4856.99819666568
-4857.03543150881
-4857.09279578421
-4857.18379736391
-4857.30935836088
-4857.45268592233
-4857.58177077617
-4857.6929215207
-4857.72485328076
-4857.72680284541
-4857.70255041509
-4857.55461173741
-4857.23260738273
-4856.67260942825
-4856.08811705217
-4855.92992790382
-4856.32555957061
-4856.87528568767
-4857.28598742481
-4857.46537497945
-4857.52031028692
-4857.58837808031
-4857.63617643798
-4857.66032516859
-4857.65774415321
-4857.62608944083
-4857.55812943895
-4857.43159448288
-4857.18518822007
-4856.65440265332
-4855.4927916726
-4853.70331236197
-4852.71178163544
-4853.02646807244
-4853.80760088261
-4854.77575240555
-4855.89669052441
-4856.58382869925
-4856.85574136315
-4856.9587381516
-4857.0014659054
-4857.01164426169
-4856.99395222991
-4856.94539765685
-4856.86539657657
-4856.76805738068
-4856.68845081437
-4856.66938763765
-4856.72896743413
-4856.86668348231
-4856.93824969367
-4856.9691383308
-4856.98269668691
-4856.98260839117
-4856.97822880516
-4857.132951068
-4857.40079023198
-4857.67561124004
-4857.8772446293
-4857.99997282185
-4858.07084622771
-4858.11314310627
-4858.13813083014
-4858.14635659364
-4858.12871993396
-4858.06099292315
-4857.91899967407
-4857.5683749794
-4856.87743259584
-4855.93289032466
-4855.34404792686
-4855.30556827584
-4855.58617763752
-4855.82021881436
-4856.0880123388
-4856.32919366585
-4856.65167530912
-4856.96017410396
-4857.21705267727
-4857.39078269781
-4857.48872596534
-4857.53593292221
-4857.55068636028
-4857.54007719861
-4857.50580126549
-4857.44954387029
-4857.37895346719
-4857.31133009049
-4857.26747521229
-4857.25440109463
-4857.28112516257
-4857.26676974493
-4857.21707168224
-4857.1110669949
-4857.01541344772
-4857.10495645433
-4857.39841365818
-4857.77161875238
-4858.04634029194
-4858.18200201609
-4858.23804822809
-4858.26344876818
-4858.27732916031
-4858.28180496443
-4858.26952303089
-4858.22296401958
-4858.1086897538
-4857.86795907595
-4857.43023875453
-4856.80570236511
-4856.18384072049
-4855.82529962532
-4855.72685629555
-4855.69150135488
-4855.63831244681
-4855.90668843822
-4856.47428720129
-4856.93722322305
-4857.20660931755
-4857.3418304394
-4857.40224461823
-4857.42031680207
-4857.40929852505
-4857.37033021739
-4857.29422971014
-4857.15843234212
-4856.92375730463
-4856.55085954406
-4856.05865860186
-4855.55760869238
-4855.16647850198
-4855.0034038629
-4855.14184264258
-4855.85078804573
-4856.9014513135
-4857.55949800797
-4857.84511151531
-4857.97440121933
-4858.04018356722
-4858.07150121735
-4858.07554536504
-4858.05247628987
-4857.99895505611
-4857.9060846216
-4857.74974433712
-4857.47767638238
-4857.03361798707
-4856.4885471652
-4856.16769705447
-4856.22932237967
-4856.46832985331
-4856.77433016098
-4857.13655142426
-4857.4996327456
-4857.76758503634
-4857.93077841105
-4858.01587867234
-4858.05725288143
-4858.0802510308
-4858.10054496027
-4858.13156856303
-4858.18329569629
-4858.24106858592
-4858.28618880386
-4858.31790845739
-4858.33922601508
-4858.3499557746
-4858.34598419456
-4858.31802809745
-4858.24866690243
-4858.10837146832
-4857.85682704401
-4857.47057795457
-4857.00200779625
-4856.62654616424
-4856.438133504
-4856.49582056982
-4856.8087259448
-4857.21192494423
-4857.56858879605
-4857.81612082231
-4857.95979611768
-4858.03371636646
-4858.07309848425
-4858.10113751861
-4858.12745812543
-4858.15288842732
-4858.17421570785
-4858.18639995425
-4858.18048228136
-4858.11849755865
-4857.82607793642
-4856.96364894143
-4855.70007482329
-4854.88717610101
-4854.62906202364
-4854.67734727125
-4855.04296634565
-4855.90656879405
-4857.02719355046
-4857.77201951162
-4858.12005560512
-4858.25780887195
-4858.30431779486
-4858.31478760484
-4858.3134690435
-4858.3083019241
-4858.29273593657
-4858.23770337163
-4858.08448396107
-4857.7844924435
-4857.40143129722
-4857.08949076748
-4856.94380876007
-4856.86994477857
-4856.85560688752
-4856.7811415119
-4856.44093941308
-4856.16068061624
-4856.33832912494
-4856.81850453446
-4857.21059296822
-4857.4059717334
-4857.47483640234
-4857.4904269242
-4857.48805839661
-4857.47357854496
-4857.43391543428
-4857.3529423884
-4857.24020515838
-4857.14070056087
-4857.10072938957
-4857.13100558484
-4857.21587452231
-4857.26773096348
-4857.29275724633
-4857.28154243663
-4857.28043613161
-4857.28767451398
-4857.32510329731
-4857.40329211565
-4857.51483382553
-4857.64153042098
-4857.76216090462
-4857.85814178196
-4857.92106066904
-4857.95410046128
-4857.96736618646
-4857.96895067796
-4857.9582899193
-4857.9167870973
-4857.78945039198
-4857.47391434925
-4856.91470084074
-4856.30397453801
-4855.95479774961
-4855.95520846038
-4856.17265710928
-4856.28521708022
-4856.30663320867
-4856.24393462507
-4856.25954463564
-4856.57659148625
-4857.34279834402
-4858.07405787703
-4858.39655113232
-4858.48077949168
-4858.49692436485
-4858.49861390439
-4858.49752417795
-4858.49172049194
-4858.46929437427
-4858.40577881295
-4858.26769884247
-4858.03901350861
-4857.76141393256
-4857.51755918717
-4857.34942424887
-4857.24141980584
-4857.18472378722
-4857.09656224993
-4856.89473238416
-4856.62258558468
-4856.58005917986
-4856.77974293381
-4857.01948545111
-4857.17193666765
-4857.23627258991
-4857.24983506482
-4857.2397864246
-4857.21494871614
-4857.16865541726
-4857.0864302851
-4856.96824660939
-4856.84755967562
-4856.76644711728
-4856.73017996347
-4856.71129752258
-4856.72243630382
-4856.68479146318
-4856.61527292706
-4856.45207208047
-4856.18756755518
-4856.18888034231
-4856.5971289289
-4857.11203967912
-4857.48430617771
-4857.71064802902
-4857.85636090584
-4857.95537591467
-4858.01693678523
-4858.04500064783
-4858.04518460127
-4858.02431881006
-4857.98784607493
-4857.93937677792
-4857.88156449951
-4857.81683524739
-4857.74443014012
-4857.66287338744
-4857.57429469657
-4857.48519050497
-4857.39963653522
-4857.31415483185
-4857.24595911055
-4857.1192597656
-4856.90814606213
-4856.67741626985
-4856.45800242583
-4856.32070416652
-4856.28619276405
-4856.32935511216
-4856.41989794074
-4856.53068685475
-4856.63706492058
-4856.72061281447
-4856.77363071904
-4856.79816677607
-4856.79925227588
-4856.77427563078
-4856.69911792317
-4856.50921879993
-4856.10490999593
-4855.50704658411
-4855.17245087484
-4855.67585722524
-4856.63249353234
-4857.15151664985
-4857.34431610598
-4857.47344609414
-4857.55370903453
-4857.64334825416
-4857.69075082858
-4857.70832126051
-4857.73300627588
-4857.7418812864
-4857.73123670684
-4857.70000901321
-4857.64670823424
-4857.56787107895
-4857.45381925685
-4857.27886784127
-4856.97773307252
-4856.42981660104
-4855.64398794375
-4855.04862600838
-4854.88616246255
-4854.94784453573
-4855.06627867411
-4855.1810427644
-4855.27391575691
-4855.34159410709
-4855.38481662521
-4855.40391888604
-4855.39722341185
-4855.36098679346
-4855.28493435094
-4855.1430254274
-4854.88527091494
-4854.46291311439
-4853.92817152206
-4853.52553133497
-4853.27765275777
-4853.27095902239
-4853.26343363298
-4853.368897718
-4853.79330511903
-4854.48051341915
-4854.98770087274
-4855.22522117163
-4855.31981173177
-4855.35919690888
-4855.37448748379
-4855.36927738434
-4855.33269950014
-4855.24524785054
-4855.08859408657
-4854.86364778655
-4854.60498112646
-4854.37808379218
-4854.31704373355
-4854.45384704084
-4854.89078463064
-4855.52585859526
-4855.9826961092
-4856.21763463292
-4856.33428347579
-4856.39501946687
-4856.42334380116
-4856.42728013167
-4856.40955691592
-4856.36875842846
-4856.29648539584
-4856.17095182729
-4855.95242400714
-4855.60802132673
-4855.18836183596
-4854.85061167589
-4854.72667351006
-4854.81748749435
-4855.03804510086
-4855.30165058046
-4855.59119567891
-4855.81973337186
-4855.990617343
-4856.17591877449
-4856.34799541905
-4856.5107406587
-4856.66513537207
-4856.80871524039
-4856.93577528235
-4857.04048836843
-4857.12271169082
-4857.19070456719
-4857.2797012415
-4857.36491621713
-4857.49365059556
-4857.66255487974
-4857.85120886074
-4857.99538857084
-4858.09111454269
-4858.14902693352
-4858.18001904522
-4858.18948677287
-4858.17607672057
-4858.12874395662
-4858.0218224144
-4857.81061660842
-4857.44580944287
-4856.93541015643
-4856.42601570696
-4856.16072882537
-4856.28318115554
-4856.70449466266
-4857.193904535
-4857.57152405046
-4857.79547645949
-4857.90825878966
-4857.96090548544
-4857.98415724549
-4857.98985014029
-4857.97682395662
-4857.93493967738
-4857.85285685516
-4857.73828931617
-4857.63507591439
-4857.57532327194
-4857.57734614741
-4857.55113132255
-4857.51073371978
-4857.36486132376
-4857.12586428327
-4856.79893067425
-4856.60390255603
-4856.70233078524
-4857.00166909626
-4857.31471302287
-4857.53942738259
-4857.67043040686
-4857.73768683709
-4857.76839023613
-4857.77831989363
-4857.77302004855
-4857.74662795326
-4857.66788977872
-4857.43467567923
-4856.84490666297
-4855.93525858629
-4855.38342707316
-4855.68228720077
-4856.39222242429
-4856.89157996617
-4857.10167172102
-4857.1708520757
-4857.20185550588
-4857.18111831499
-4857.15057047968
-4857.06556971578
-4856.87127556846
-4856.56041238268
-4856.2474172483
-4856.05262052682
-4855.99986513245
-4856.05233556882
-4856.17001966058
-4856.31377408485
-4856.43702651318
-4856.51659703048
-4856.55984925072
-4856.58160499071
-4856.59038864202
-4856.58574991731
-4856.55597392125
-4856.47125067258
-4856.27436139026
-4855.89379252698
-4855.34090458045
