# Time-averaged data for fix msdoutX
# TimeStep c_msdO[2]
100 16.8162
200 16.7503
300 16.5919
400 16.2659
500 15.7193
600 14.9081
700 13.8623
800 12.7239
900 11.6689
1000 10.7847
1100 10.0572
1200 9.44049
1300 8.89163
1400 8.38561
1500 7.91992
1600 7.49295
1700 7.10417
1800 6.75528
1900 6.4462
2000 6.17278
2100 5.92797
2200 5.70424
2300 5.49317
2400 5.28586
2500 5.07153
2600 4.83848
2700 4.57615
2800 4.27696
2900 3.94069
3000 3.58332
3100 3.23654
3200 2.92954
3300 2.67324
3400 2.46274
3500 2.28725
3600 2.13565
3700 1.99846
3800 1.86869
3900 1.74138
4000 1.6125
4100 1.47853
4200 1.33728
4300 1.1887
4400 1.03392
4500 0.873473
4600 0.707484
4700 0.543062
4800 0.392763
4900 0.269316
5000 0.180138
5100 0.124123
5200 0.093646
5300 0.0783532
5400 0.0706676
5500 0.0664992
5600 0.0637805
5700 0.061504
5800 0.0596468
5900 0.0593123
6000 0.0627526
6100 0.0735405
6200 0.0967412
6300 0.138231
6400 0.202787
6500 0.291974
6600 0.402987
6700 0.526651
6800 0.647324
6900 0.754099
7000 0.845277
7100 0.919762
7200 0.977201
7300 1.02053
7400 1.0552
7500 1.08674
7600 1.1196
7700 1.15749
7800 1.20384
7900 1.26241
8000 1.33758
8100 1.4341
8200 1.5555
8300 1.70063
8400 1.85943
8500 2.01392
8600 2.14964
8700 2.26718
8800 2.37992
8900 2.49667
9000 2.61649
9100 2.72903
9200 2.82403
9300 2.89503
9400 2.94393
9500 2.97732
9600 3.00132
9700 3.02027
9800 3.03753
9900 3.05602
10000 3.07871
10100 3.10935
10200 3.15258
10300 3.21213
10400 3.28699
10500 3.3675
10600 3.42705
10700 3.43739
10800 3.39146
10900 3.30316
11000 3.19011
11100 3.0618
11200 2.92693
11300 2.79432
11400 2.67115
11500 2.56215
11600 2.47001
11700 2.39682
11800 2.34543
11900 2.31903
12000 2.31991
12100 2.34877
12200 2.40583
12300 2.49317
12400 2.61436
12500 2.76988
12600 2.94927
12700 3.1277
12800 3.27792
12900 3.36977
13000 3.37107
13100 3.27946
13200 3.11851
13300 2.92884
13400 2.73857
13500 2.55762
13600 2.39116
13700 2.24014
13800 2.10414
13900 1.98263
14000 1.87512
14100 1.78093
14200 1.69835
14300 1.62323
14400 1.5487
14500 1.46664
14600 1.36949
14700 1.25735
14800 1.1492
14900 1.0685
15000 1.017
15100 0.979424
15200 0.945775
15300 0.91507
15400 0.887794
15500 0.863223
15600 0.839764
15700 0.81601
15800 0.791331
15900 0.765658
16000 0.739421
16100 0.714433
16200 0.694812
16300 0.686649
16400 0.69561
16500 0.723854
16600 0.768198
16700 0.821873
16800 0.873379
16900 0.916151
17000 0.950105
17100 0.982112
17200 1.01446
17300 1.04865
17400 1.08507
17500 1.12344
17600 1.163
17700 1.2028
17800 1.24201
17900 1.28016
18000 1.31752
18100 1.35525
18200 1.39549
18300 1.44097
18400 1.49453
18500 1.55957
18600 1.64059
18700 1.74405
18800 1.8794
18900 2.05973
19000 2.29913
19100 2.60604
19200 2.97407
19300 3.3764
19400 3.76595
19500 4.09294
19600 4.34418
19700 4.53053
19800 4.66447
19900 4.75035
20000 4.79172
20100 4.78904
20200 4.74119
20300 4.64456
20400 4.49826
20500 4.30702
20600 4.08305
20700 3.84041
20800 3.58603
20900 3.31528
21000 3.01675
21100 2.68298
21200 2.33106
21300 2.01039
21400 1.76046
21500 1.58172
21600 1.45655
21700 1.36965
21800 1.31065
21900 1.27164
22000 1.2457
22100 1.22723
22200 1.21203
22300 1.19683
22400 1.17843
22500 1.15349
22600 1.11987
22700 1.07777
22800 1.03046
22900 0.982703
23000 0.937315
23100 0.891898
23200 0.837941
23300 0.765449
23400 0.681667
23500 0.602582
23600 0.541327
23700 0.502536
23800 0.483073
23900 0.478605
24000 0.484749
24100 0.497954
24200 0.515972
24300 0.537804
24400 0.563747
24500 0.595865
24600 0.638963
24700 0.702346
24800 0.803381
24900 0.973457
25000 1.25078
25100 1.64884
25200 2.12284
25300 2.58961
25400 2.98259
25500 3.27722
25600 3.48519
25700 3.63057
25800 3.72468
25900 3.77205
26000 3.78408
26100 3.76896
26200 3.73104
26300 3.6752
26400 3.60788
26500 3.53761
26600 3.47493
26700 3.43183
26800 3.41923
26900 3.44256
27000 3.50248
27100 3.61203
27200 3.8266
27300 4.17806
27400 4.61194
27500 5.05015
27600 5.41701
27700 5.68884
27800 5.87862
27900 6.00255
28000 6.07057
28100 6.08742
28200 6.0535
28300 5.9654
28400 5.81522
28500 5.5903
28600 5.27712
28700 4.87477
28800 4.41525
28900 3.97809
29000 3.65573
29100 3.49741
29200 3.48281
29300 3.54392
29400 3.61428
29500 3.66716
29600 3.70522
29700 3.7327
29800 3.75134
29900 3.76029
30000 3.7568
30100 3.73673
30200 3.69484
30300 3.62477
30400 3.51996
30500 3.37596
30600 3.19484
30700 2.98908
30800 2.78134
30900 2.59682
31000 2.45198
31100 2.35107
31200 2.28869
31300 2.25463
31400 2.23783
31500 2.22903
31600 2.21819
31700 2.19502
31800 2.16009
31900 2.11921
32000 2.06858
32100 1.9989
32200 1.90328
32300 1.77911
32400 1.62959
32500 1.46546
32600 1.29629
32700 1.13072
32800 0.972851
32900 0.82189
33000 0.677842
33100 0.54451
33200 0.432603
33300 0.356123
33400 0.320783
33500 0.317023
33600 0.327096
33700 0.337035
33800 0.340948
33900 0.337767
34000 0.327891
34100 0.311966
34200 0.290447
34300 0.26319
34400 0.229336
34500 0.187521
34600 0.137263
34700 0.0880833
34800 0.0777119
34900 0.149774
35000 0.292996
35100 0.467042
35200 0.654017
35300 0.848605
35400 1.0432
35500 1.21872
35600 1.35497
35700 1.44143
35800 1.48295
35900 1.49716
36000 1.50916
36100 1.53681
36200 1.59159
36300 1.67293
36400 1.76603
36500 1.8502
36600 1.91141
36700 1.94704
36800 1.96261
36900 1.9672
37000 1.96921
37100 1.97401
37200 1.98454
37300 2.00315
37400 2.0326
37500 2.0763
37600 2.14025
37700 2.23593
37800 2.37756
37900 2.57491
38000 2.80983
38100 3.04443
38200 3.24136
38300 3.36406
38400 3.39192
38500 3.32234
38600 3.17538
38700 2.98208
38800 2.77069
38900 2.55822
39000 2.35576
39100 2.16906
39200 2.00127
39300 1.8551
39400 1.73354
39500 1.63939
39600 1.57441
39700 1.5375
39800 1.52391
39900 1.5277
40000 1.54467
40100 1.57282
40200 1.61127
40300 1.65937
40400 1.71676
40500 1.78328
40600 1.85812
40700 1.93871
40800 2.01986
40900 2.0948
41000 2.15061
41100 2.16247
41200 2.10513
41300 1.96918
41400 1.76488
41500 1.53974
41600 1.35066
41700 1.21457
41800 1.11568
41900 1.03694
42000 0.969218
42100 0.90827
42200 0.851861
42300 0.798916
42400 0.748822
42500 0.701454
42600 0.65751
42700 0.619109
42800 0.59051
42900 0.577715
43000 0.584578
43100 0.6111
43200 0.650319
43300 0.685816
43400 0.70048
43500 0.689888
43600 0.663859
43700 0.639262
43800 0.624443
43900 0.620596
44000 0.628474
44100 0.649008
44200 0.683233
44300 0.732643
44400 0.799851
44500 0.889581
44600 1.00942
44700 1.16992
44800 1.38218
44900 1.64956
45000 1.95531
45100 2.25972
45200 2.51761
45300 2.69687
45400 2.78799
45500 2.80664
45600 2.78036
45700 2.73563
45800 2.68548
45900 2.63082
46000 2.56881
46100 2.49326
46200 2.39716
46300 2.27867
46400 2.15002
46500 2.03635
46600 1.96058
46700 1.93288
46800 1.95382
46900 2.02442
47000 2.14982
47100 2.34283
47200 2.61695
47300 2.96314
47400 3.33961
47500 3.69459
47600 3.98676
47700 4.19955
47800 4.33542
47900 4.40422
48000 4.41646
48100 4.37837
48200 4.28464
48300 4.1308
48400 3.91587
48500 3.63741
48600 3.26703
48700 2.77318
48800 2.22973
48900 1.79726
49000 1.53655
49100 1.40584
49200 1.34694
49300 1.32918
49400 1.34502
49500 1.38704
49600 1.44341
49700 1.50569
49800 1.57048
49900 1.63676
50000 1.70467
50100 1.77485
50200 1.84721
50300 1.91991
50400 1.98869
50500 2.04467
50600 2.07158
50700 2.04546
50800 1.94208
50900 1.7448
51000 1.50083
51100 1.30321
51200 1.18715
51300 1.12995
51400 1.10368
51500 1.09479
51600 1.09789
51700 1.11077
51800 1.13251
51900 1.16285
52000 1.20239
52100 1.25248
52200 1.31434
52300 1.38754
52400 1.46898
52500 1.55172
52600 1.62332
52700 1.66967
52800 1.68821
52900 1.69111
53000 1.68302
53100 1.66251
53200 1.63346
53300 1.60214
53400 1.57469
53500 1.54991
53600 1.5275
53700 1.50781
53800 1.49158
53900 1.48001
54000 1.47498
54100 1.47855
54200 1.49183
54300 1.51476
54400 1.54761
54500 1.59269
54600 1.65221
54700 1.7264
54800 1.81263
54900 1.90437
55000 1.9919
55100 2.06755
55200 2.13064
55300 2.18599
55400 2.23846
55500 2.29034
55600 2.34207
55700 2.39311
55800 2.4381
55900 2.46712
56000 2.47526
56100 2.46109
56200 2.42967
56300 2.38061
56400 2.31504
56500 2.23692
56600 2.15258
56700 2.06985
56800 1.9961
56900 1.93567
57000 1.8882
57100 1.84865
57200 1.81179
57300 1.7785
57400 1.7572
57500 1.75944
57600 1.79617
57700 1.86429
57800 1.95791
57900 2.06437
58000 2.16759
58100 2.25563
58200 2.32434
58300 2.37516
58400 2.41169
58500 2.43769
58600 2.45659
58700 2.47155
58800 2.48619
58900 2.50448
59000 2.53121
59100 2.57219
59200 2.6329
59300 2.7122
59400 2.79089
59500 2.83457
59600 2.83044
59700 2.7969
59800 2.75277
59900 2.70537
60000 2.66106
60100 2.62207
60200 2.58468
60300 2.547
60400 2.50791
60500 2.46643
60600 2.42158
60700 2.37237
60800 2.31762
60900 2.2557
61000 2.18546
61100 2.10721
61200 2.02289
61300 1.93464
61400 1.84018
61500 1.72909
61600 1.59686
61700 1.44727
61800 1.28565
61900 1.11671
62000 0.950036
62100 0.797396
62200 0.667712
62300 0.564462
62400 0.486773
62500 0.430809
62600 0.390479
62700 0.35969
62800 0.334557
62900 0.313004
63000 0.29424
63100 0.279634
63200 0.272089
63300 0.27368
63400 0.284608
63500 0.303999
63600 0.329817
63700 0.357583
63800 0.381027
63900 0.39637
64000 0.407056
64100 0.425802
64200 0.466175
64300 0.537034
64400 0.640476
64500 0.772206
64600 0.920952
64700 1.06948
64800 1.20321
64900 1.31687
65000 1.41289
65100 1.49625
65200 1.57165
65300 1.64324
65400 1.71537
65500 1.79371
65600 1.88647
65700 2.00617
65800 2.1701
65900 2.39732
66000 2.69174
66100 3.0161
66200 3.32232
66300 3.61817
66400 3.91119
66500 4.18547
66600 4.42739
66700 4.63285
66800 4.79435
66900 4.90367
67000 4.95712
67100 4.95587
67200 4.9025
67300 4.79878
67400 4.64534
67500 4.4418
67600 4.18604
67700 3.87469
67800 3.507
67900 3.09268
68000 2.6644
68100 2.25487
68200 1.88138
68300 1.56191
68400 1.31307
68500 1.13664
68600 1.01606
68700 0.933308
68800 0.874744
68900 0.830902
69000 0.795402
69100 0.764509
69200 0.735933
69300 0.707065
69400 0.674665
69500 0.635829
69600 0.587598
69700 0.526982
69800 0.454925
69900 0.381698
70000 0.32005
70100 0.275488
70200 0.249582
70300 0.246931
70400 0.270086
70500 0.307604
70600 0.340341
70700 0.359737
70800 0.367975
70900 0.367738
71000 0.360411
71100 0.347671
71200 0.331681
71300 0.315107
71400 0.303142
71500 0.306826
71600 0.344012
71700 0.433082
71800 0.578019
71900 0.757707
72000 0.938635
72100 1.0977
72200 1.23162
72300 1.34542
72400 1.44195
72500 1.52341
72600 1.58928
72700 1.64175
72800 1.68665
72900 1.73101
73000 1.78088
73100 1.83979
73200 1.90918
73300 1.99092
73400 2.09081
73500 2.22157
73600 2.40664
73700 2.67524
73800 3.04098
73900 3.48502
74000 3.97
74100 4.46346
74200 4.94577
74300 5.40642
74400 5.84007
74500 6.2429
74600 6.61252
74700 6.94788
74800 7.24871
74900 7.5147
75000 7.74429
75100 7.93253
75200 8.06651
75300 8.12148
75400 8.07247
75500 7.92494
75600 7.72896
75700 7.54518
75800 7.39271
75900 7.27219
76000 7.19325
76100 7.15647
76200 7.15438
76300 7.15607
76400 7.15541
76500 7.15118
76600 7.14295
76700 7.13122
76800 7.11405
76900 7.08246
77000 7.0139
77100 6.89701
77200 6.7366
77300 6.55089
77400 6.35469
77500 6.14786
77600 5.92828
77700 5.69196
77800 5.43214
77900 5.14242
78000 4.81811
78100 4.45696
78200 4.06037
78300 3.63481
78400 3.19226
78500 2.74744
78600 2.31112
78700 1.88336
78800 1.4644
78900 1.08016
79000 0.778656
79100 0.584206
79200 0.475565
79300 0.417522
79400 0.387781
79500 0.376156
79600 0.37811
79700 0.391438
79800 0.414959
79900 0.447809
80000 0.488461
80100 0.533051
80200 0.574641
80300 0.607647
80400 0.63331
80500 0.655462
80600 0.67391
80700 0.696435
80800 0.737663
80900 0.803469
81000 0.88973
81100 0.986293
81200 1.08184
81300 1.17054
81400 1.25352
81500 1.33625
81600 1.42442
81700 1.52142
81800 1.62921
81900 1.75038
82000 1.88859
82100 2.04738
82200 2.22858
82300 2.43053
82400 2.64682
82500 2.8582
82600 3.03723
82700 3.16462
82800 3.22802
82900 3.24256
83000 3.2292
83100 3.20598
83200 3.18551
83300 3.16661
83400 3.14604
83500 3.1221
83600 3.09411
83700 3.06181
83800 3.02496
83900 2.98294
84000 2.93514
84100 2.88057
84200 2.81719
84300 2.74182
84400 2.6524
84500 2.55114
84600 2.44816
84700 2.36524
84800 2.32299
84900 2.32642
85000 2.35134
85100 2.36636
85200 2.35645
85300 2.3268
85400 2.28604
85500 2.2361
85600 2.17793
85700 2.11121
85800 2.03488
85900 1.94795
86000 1.84986
86100 1.74039
86200 1.61975
86300 1.48964
86400 1.35448
86500 1.22173
86600 1.09991
86700 0.995051
86800 0.908047
86900 0.83541
87000 0.773098
87100 0.720798
87200 0.679385
87300 0.646864
87400 0.618027
87500 0.590873
87600 0.568853
87700 0.556347
87800 0.552714
87900 0.555104
88000 0.562099
88100 0.573073
88200 0.587344
88300 0.604143
88400 0.622629
88500 0.642086
88600 0.66208
88700 0.683272
88800 0.702791
88900 0.718661
89000 0.741201
89100 0.776636
89200 0.827385
89300 0.89343
89400 0.969135
89500 1.04502
89600 1.11277
89700 1.17329
89800 1.23307
89900 1.29755
90000 1.36902
90100 1.4471
90200 1.52947
90300 1.6126
90400 1.69245
90500 1.76463
90600 1.8248
90700 1.868
90800 1.90571
90900 1.95881
91000 2.0383
91100 2.14726
91200 2.28073
91300 2.42751
91400 2.57445
91500 2.71177
91600 2.83326
91700 2.93493
91800 3.01403
91900 3.06841
92000 3.09693
92100 3.09916
92200 3.07486
92300 3.02302
92400 2.94104
92500 2.82349
92600 2.66149
92700 2.44747
92800 2.1891
92900 1.90997
93000 1.63467
93100 1.38586
93200 1.17531
93300 1.00318
93400 0.865937
93500 0.758123
93600 0.67396
93700 0.608005
93800 0.555344
93900 0.511592
94000 0.472749
94100 0.435044
94200 0.394549
94300 0.346951
94400 0.289703
94500 0.225991
94600 0.164639
94700 0.114295
94800 0.0781353
94900 0.0544887
95000 0.040274
95100 0.0329096
95200 0.0308584
95300 0.0337934
95400 0.0419563
95500 0.05569
95600 0.0746052
95700 0.0964786
95800 0.117758
95900 0.1361
96000 0.151317
96100 0.164465
96200 0.176843
96300 0.189931
96400 0.20572
96500 0.227167
96600 0.25889
96700 0.30844
96800 0.388167
96900 0.516266
97000 0.712339
97100 0.982061
97200 1.29902
97300 1.60799
97400 1.85366
97500 2.0168
97600 2.12226
97700 2.19957
97800 2.2618
97900 2.31282
98000 2.35445
98100 2.38903
98200 2.42026
98300 2.4537
98400 2.49698
98500 2.56053
98600 2.65988
98700 2.81827
98800 3.06331
98900 3.4089
99000 3.83847
99100 4.308
99200 4.76713
99300 5.17911
99400 5.52562
99500 5.80174
99600 6.0093
99700 6.15194
99800 6.23347
99900 6.25546
100000 6.21084
100100 6.07687
100200 5.82845
100300 5.47794
100400 5.09114
100500 4.73844
100600 4.42894
100700 4.1652
100800 3.96416
100900 3.82904
101000 3.76601
101100 3.77335
101200 3.8359
101300 3.92686
101400 4.01911
101500 4.09335
101600 4.13876
101700 4.15125
101800 4.13036
101900 4.07718
102000 3.99371
102100 3.88289
102200 3.74773
102300 3.58947
102400 3.40706
102500 3.19839
102600 2.96236
102700 2.70197
102800 2.42725
102900 2.15558
103000 1.90383
103100 1.68107
103200 1.48813
103300 1.32096
103400 1.16827
103500 1.0305
103600 0.918282
103700 0.834071
103800 0.772895
103900 0.728516
104000 0.695659
104100 0.67092
104200 0.652393
104300 0.639053
104400 0.630345
104500 0.626171
104600 0.627394
104700 0.636767
104800 0.659951
104900 0.705742
105000 0.782169
105100 0.896042
105200 1.0554
105300 1.26859
105400 1.5347
105500 1.8341
105600 2.13114
105700 2.40142
105800 2.63898
105900 2.84679
106000 3.02977
106100 3.19246
106200 3.33893
106300 3.47282
106400 3.59676
106500 3.71055
106600 3.80909
106700 3.8844
106800 3.92681
106900 3.91415
107000 3.84695
107100 3.75639
107200 3.68235
107300 3.64219
107400 3.64017
107500 3.67854
107600 3.7464
107700 3.83268
107800 3.93223
107900 4.03911
108000 4.14505
108100 4.24182
108200 4.3221
108300 4.37934
108400 4.40585
108500 4.39086
108600 4.31941
108700 4.17578
108800 3.95375
108900 3.66665
109000 3.34245
109100 3.00381
109200 2.67077
109300 2.36
109400 2.08243
109500 1.83782
109600 1.62431
109700 1.43968
109800 1.28196
109900 1.15028
110000 1.0453
110100 0.968326
110200 0.916991
110300 0.88385
110400 0.861768
110500 0.846639
110600 0.836772
110700 0.832004
110800 0.833259
110900 0.842679
111000 0.864418
111100 0.905907
111200 0.979687
111300 1.10514
111400 1.30739
111500 1.60393
111600 1.98631
111700 2.41921
111800 2.85911
111900 3.27338
112000 3.64547
112100 3.9705
112200 4.24924
112300 4.48473
112400 4.67987
112500 4.83642
112600 4.95443
112700 5.03138
112800 5.06151
112900 5.03997
113000 4.97794
113100 4.91881
113200 4.91988
113300 5.00556
113400 5.16108
113500 5.36836
113600 5.62594
113700 5.93637
113800 6.28824
113900 6.65505
114000 7.00507
114100 7.31045
114200 7.55205
114300 7.71746
114400 7.79758
114500 7.78298
114600 7.66052
114700 7.41082
114800 7.00721
114900 6.42688
115000 5.69033
115100 4.89493
115200 4.19599
115300 3.7038
115400 3.38866
115500 3.1514
115600 2.93727
115700 2.72788
115800 2.51695
115900 2.30167
116000 2.08031
116100 1.85242
116200 1.61986
116300 1.38901
116400 1.17311
116500 0.989074
116600 0.846369
116700 0.745773
116800 0.683285
116900 0.651887
117000 0.641548
117100 0.638579
117200 0.626506
117300 0.594602
117400 0.546172
117500 0.49385
117600 0.449048
117700 0.41705
117800 0.39834
117900 0.391503
118000 0.395095
118100 0.408354
118200 0.431257
118300 0.464333
118400 0.50861
118500 0.56578
118600 0.638462
118700 0.730102
118800 0.843791
118900 0.981087
119000 1.13925
119100 1.3035
119200 1.45467
119300 1.5785
119400 1.67027
119500 1.73435
119600 1.77893
119700 1.81056
119800 1.83341
119900 1.85005
120000 1.86178
120100 1.8691
120200 1.87283
120300 1.8755
120400 1.88377
120500 1.91155
120600 1.9808
120700 2.11675
120800 2.3352
120900 2.6364
121000 3.00931
121100 3.43663
121200 3.89601
121300 4.36536
121400 4.827
121500 5.26897
121600 5.68513
121700 6.07437
121800 6.43978
121900 6.78853
122000 7.13155
122100 7.48103
122200 7.84411
122300 8.22666
122400 8.63893
122500 9.05216
122600 9.39066
122700 9.61894
122800 9.74947
122900 9.81002
123000 9.81176
123100 9.75573
123200 9.63753
123300 9.45027
123400 9.18621
123500 8.83899
123600 8.40804
123700 7.90635
123800 7.3667
123900 6.84584
124000 6.41748
124100 6.11175
124200 5.91182
124300 5.78408
124400 5.69758
124500 5.63038
124600 5.57081
124700 5.51069
124800 5.44323
124900 5.36281
125000 5.26444
125100 5.14317
125200 4.99362
125300 4.81009
125400 4.58662
125500 4.31834
125600 4.00394
125700 3.6482
125800 3.26536
125900 2.88193
126000 2.53703
126100 2.2617
126200 2.0545
126300 1.89387
126400 1.76245
126500 1.64616
126600 1.5372
126700 1.43121
126800 1.32506
126900 1.21591
127000 1.10132
127100 0.979376
127200 0.850496
127300 0.720062
127400 0.597707
127500 0.491696
127600 0.405019
127700 0.336942
127800 0.285062
127900 0.246
128000 0.216209
128100 0.193735
128200 0.178284
128300 0.170166
128400 0.169948
128500 0.178727
128600 0.198546
128700 0.23295
128800 0.287846
128900 0.372321
129000 0.497071
129100 0.665811
129200 0.862204
129300 1.05165
129400 1.20492
129500 1.31524
129600 1.39083
129700 1.44132
129800 1.47334
129900 1.49071
130000 1.49483
130100 1.48449
130200 1.45694
130300 1.41093
130400 1.35063
130500 1.28639
130600 1.23116
130700 1.19418
130800 1.17697
130900 1.17688
131000 1.19162
131100 1.21982
131200 1.26038
131300 1.31222
131400 1.37419
131500 1.44596
131600 1.52808
131700 1.62206
131800 1.72996
131900 1.85285
132000 1.98871
132100 2.12786
132200 2.2484
132300 2.33225
132400 2.37267
132500 2.37676
132600 2.35684
132700 2.32175
132800 2.28166
132900 2.24652
133000 2.22514
133100 2.22304
133200 2.24191
133300 2.27789
133400 2.32297
133500 2.3702
133600 2.41786
133700 2.46768
133800 2.52107
133900 2.57896
134000 2.64229
134100 2.71132
134200 2.78465
134300 2.85932
134400 2.93245
134500 3.00167
134600 3.06116
134700 3.10788
134800 3.14363
134900 3.17531
135000 3.20666
135100 3.24079
135200 3.27282
135300 3.28985
135400 3.27918
135500 3.2234
135600 3.10988
135700 2.93636
135800 2.71287
135900 2.46037
136000 2.19701
136100 1.93713
136200 1.69286
136300 1.47173
136400 1.27661
136500 1.10757
136600 0.96422
136700 0.847365
136800 0.759117
136900 0.700019
137000 0.666757
137100 0.654219
137200 0.659002
137300 0.680756
137400 0.721771
137500 0.785543
137600 0.87491
137700 0.989793
137800 1.12467
137900 1.26775
138000 1.40412
138100 1.52135
138200 1.61333
138300 1.67977
138400 1.72317
138500 1.74649
138600 1.75213
138700 1.74261
138800 1.72168
138900 1.69407
139000 1.65637
139100 1.6048
139200 1.5423
139300 1.47482
139400 1.39651
139500 1.27421
139600 1.09923
139700 0.938564
139800 0.838964
139900 0.791527
140000 0.778617
140100 0.78598
140200 0.806042
140300 0.831893
140400 0.854687
140500 0.869374
140600 0.877099
140700 0.882983
140800 0.893919
140900 0.916311
141000 0.954547
141100 1.01091
141200 1.08569
141300 1.17708
141400 1.28132
141500 1.39363
141600 1.50956
141700 1.62486
141800 1.73557
141900 1.83593
142000 1.91386
142100 1.97317
142200 2.0164
142300 2.04202
142400 2.04807
142500 2.03385
142600 2.00432
142700 1.97247
142800 1.95034
142900 1.94213
143000 1.94636
143100 1.95714
143200 1.96797
143300 1.97478
143400 1.97504
143500 1.96859
143600 1.9599
143700 1.95499
143800 1.95876
143900 1.9752
144000 2.00758
144100 2.05877
144200 2.13195
144300 2.23262
144400 2.37164
144500 2.56533
144600 2.82183
144700 3.10194
144800 3.31086
144900 3.39532
145000 3.40061
145100 3.38877
145200 3.3863
145300 3.40096
145400 3.43402
145500 3.4826
145600 3.54578
145700 3.62378
145800 3.71531
145900 3.8165
146000 3.92168
146100 4.02324
146200 4.11278
146300 4.18153
146400 4.21742
146500 4.1943
146600 4.08412
146700 3.88219
146800 3.62644
146900 3.36104
147000 3.10202
147100 2.86635
147200 2.66738
147300 2.49897
147400 2.34616
147500 2.19887
147600 2.0537
147700 1.91129
147800 1.77452
147900 1.6451
148000 1.52461
148100 1.41432
148200 1.31413
148300 1.22056
148400 1.13166
148500 1.04717
148600 0.97327
148700 0.9204
148800 0.890236
148900 0.874718
149000 0.864843
149100 0.855681
149200 0.84519
149300 0.833282
149400 0.820793
149500 0.809112
149600 0.800059
149700 0.795818
149800 0.799733
149900 0.818319
150000 0.865013
150100 0.950618
150200 1.05187
150300 1.14198
150400 1.23915
150500 1.37426
150600 1.56046
150700 1.78933
150800 2.04132
150900 2.30006
151000 2.55815
151100 2.80854
151200 3.04109
151300 3.24716
151400 3.4225
151500 3.56672
151600 3.67871
151700 3.75538
151800 3.79567
151900 3.79647
152000 3.74861
152100 3.63965
152200 3.46886
152300 3.26081
152400 3.05512
152500 2.89132
152600 2.80535
152700 2.81787
152800 2.93114
152900 3.13456
153000 3.40281
153100 3.70034
153200 3.99964
153300 4.27525
153400 4.50617
153500 4.67791
153600 4.78402
153700 4.8269
153800 4.81477
153900 4.75678
154000 4.65606
154100 4.51153
154200 4.32787
154300 4.11491
154400 3.87567
154500 3.61095
154600 3.32136
154700 3.00688
154800 2.67164
154900 2.33132
155000 2.01352
155100 1.74277
155200 1.52501
155300 1.35701
155400 1.23278
155500 1.14027
155600 1.06983
155700 1.01511
155800 0.973942
155900 0.943731
156000 0.920181
156100 0.901657
156200 0.887749
156300 0.877281
156400 0.868228
156500 0.858509
156600 0.843036
156700 0.806696
156800 0.729562
156900 0.622304
157000 0.529801
157100 0.478044
157200 0.464602
157300 0.482167
157400 0.525811
157500 0.592055
157600 0.675529
157700 0.768473
157800 0.86369
157900 0.957004
158000 1.04749
158100 1.13637
158200 1.22594
158300 1.31886
158400 1.41884
158500 1.53251
158600 1.67161
158700 1.851
158800 2.07169
158900 2.2851
159000 2.42415
159100 2.47612
159200 2.48422
159300 2.49433
159400 2.51911
159500 2.5586
159600 2.61073
159700 2.67184
159800 2.73669
159900 2.7992
160000 2.85431
160100 2.89943
160200 2.93307
160300 2.95325
160400 2.95748
160500 2.94263
160600 2.90332
160700 2.83291
160800 2.72995
160900 2.60184
161000 2.46121
161100 2.32245
161200 2.1998
161300 2.10642
161400 2.05265
161500 2.04449
161600 2.0805
161700 2.15153
161800 2.24316
161900 2.34794
162000 2.4707
162100 2.6103
162200 2.75695
162300 2.89458
162400 3.01038
162500 3.09712
162600 3.15372
162700 3.18202
162800 3.18388
162900 3.16092
163000 3.11422
163100 3.04305
163200 2.94449
163300 2.81454
163400 2.64566
163500 2.42634
163600 2.15363
163700 1.84438
163800 1.51672
163900 1.18827
164000 0.903532
164100 0.699178
164200 0.574963
164300 0.507433
164400 0.472595
164500 0.456468
164600 0.45143
164700 0.452605
164800 0.458374
164900 0.470123
165000 0.489458
165100 0.517475
165200 0.557921
165300 0.618905
165400 0.70821
165500 0.826082
165600 0.962609
165700 1.09414
165800 1.19065
165900 1.23657
166000 1.24531
166100 1.24815
166200 1.25922
166300 1.28049
166400 1.31175
166500 1.35273
166600 1.40277
166700 1.46131
166800 1.52885
166900 1.60719
167000 1.69876
167100 1.80708
167200 1.93911
167300 2.10721
167400 2.32823
167500 2.61732
167600 2.97829
167700 3.39791
167800 3.84789
167900 4.29395
168000 4.71456
168100 5.0965
168200 5.42392
168300 5.68513
168400 5.87614
168500 6.00067
168600 6.06644
168700 6.08158
168800 6.05329
168900 5.98839
169000 5.89603
169100 5.79233
169200 5.69347
169300 5.60009
169400 5.50389
169500 5.39831
169600 5.27952
169700 5.14476
169800 4.99072
169900 4.81261
170000 4.60415
170100 4.35896
170200 4.07376
170300 3.75582
170400 3.42859
170500 3.12215
170600 2.85304
170700 2.62541
170800 2.43681
170900 2.28238
171000 2.15282
171100 2.03421
171200 1.91781
171300 1.79932
171400 1.67705
171500 1.55081
171600 1.42199
171700 1.29331
171800 1.16822
171900 1.05052
172000 0.943595
172100 0.850632
172200 0.774241
172300 0.716287
172400 0.677649
172500 0.657214
172600 0.650739
172700 0.651372
172800 0.651748
172900 0.646013
173000 0.629885
173100 0.601271
173200 0.561333
173300 0.51185
173400 0.45075
173500 0.37269
173600 0.269897
173700 0.144724
173800 0.0366916
173900 0.00249425
174000 0.037994
174100 0.104112
174200 0.178349
174300 0.249408
174400 0.309039
174500 0.349088
174600 0.362977
174700 0.349449
174800 0.314908
174900 0.270897
175000 0.230084
175100 0.203969
175200 0.202804
175300 0.230897
175400 0.289793
175500 0.381868
175600 0.509568
175700 0.67296
175800 0.865684
175900 1.0731
176000 1.27637
176100 1.45544
176200 1.60025
176300 1.70979
176400 1.78947
176500 1.8461
176600 1.88521
176700 1.91121
176800 1.9278
176900 1.9377
177000 1.94313
177100 1.94714
177200 1.95402
177300 1.96974
177400 2.00269
177500 2.06358
177600 2.16206
177700 2.29489
177800 2.44389
177900 2.59178
178000 2.73335
178100 2.88708
178200 3.03823
178300 3.16802
178400 3.27275
178500 3.34994
178600 3.40047
178700 3.42703
178800 3.43181
178900 3.41619
179000 3.38133
179100 3.32887
179200 3.26118
179300 3.18106
179400 3.09232
179500 2.99946
179600 2.90695
179700 2.81791
179800 2.73359
179900 2.6525
180000 2.57102
180100 2.48407
180200 2.37447
180300 2.22665
180400 2.03822
180500 1.8251
180600 1.60981
180700 1.40561
180800 1.22278
180900 1.06772
181000 0.942444
181100 0.846167
181200 0.776951
181300 0.731923
181400 0.707431
181500 0.699836
181600 0.706073
181700 0.723259
181800 0.748012
181900 0.776708
182000 0.805995
182100 0.832544
182200 0.853337
182300 0.866819
182400 0.874123
182500 0.878733
182600 0.885337
182700 0.899041
182800 0.924748
182900 0.966979
183000 1.0307
183100 1.12307
183200 1.25511
183300 1.43986
183400 1.68461
183500 1.98142
183600 2.30509
183700 2.62223
183800 2.90426
183900 3.13493
184000 3.30987
184100 3.43189
184200 3.50668
184300 3.54029
184400 3.53845
184500 3.50682
184600 3.45196
184700 3.38216
184800 3.30708
184900 3.23557
185000 3.17322
185100 3.12183
185200 3.0814
185300 3.05143
185400 3.03169
185500 3.0218
185600 3.02117
185700 3.02903
185800 3.04506
185900 3.06813
186000 3.08618
186100 3.07017
186200 3.00574
186300 2.89031
186400 2.72449
186500 2.5327
186600 2.34266
186700 2.16492
186800 2.00077
186900 1.84907
187000 1.70823
187100 1.57775
187200 1.45865
187300 1.35302
187400 1.26327
187500 1.19137
187600 1.1386
187700 1.1058
187800 1.09476
187900 1.11041
188000 1.15749
188100 1.22092
188200 1.2693
188300 1.28633
188400 1.27655
188500 1.25271
188600 1.2237
188700 1.19042
188800 1.15208
188900 1.10768
189000 1.0558
189100 0.994015
189200 0.920118
189300 0.834522
189400 0.742766
189500 0.65739
189600 0.592981
189700 0.554915
189800 0.539075
189900 0.538956
190000 0.550905
190100 0.573974
190200 0.609983
190300 0.661668
190400 0.732271
190500 0.824941
190600 0.942089
190700 1.08476
190800 1.2536
190900 1.452
191000 1.688
191100 1.97065
191200 2.29876
191300 2.64892
191400 2.98591
191500 3.28476
191600 3.5338
191700 3.73348
191800 3.89586
191900 4.03598
192000 4.1664
192100 4.29526
192200 4.42603
192300 4.5572
192400 4.68283
192500 4.79189
192600 4.86848
192700 4.89177
192800 4.83876
192900 4.69619
193000 4.4806
193100 4.23954
193200 4.033
193300 3.89082
193400 3.80385
193500 3.75713
193600 3.73679
193700 3.73521
193800 3.74782
193900 3.77133
194000 3.80128
194100 3.83142
194200 3.85371
194300 3.85938
194400 3.84033
194500 3.78917
194600 3.69908
194700 3.56434
194800 3.38279
194900 3.15884
195000 2.90419
195100 2.63458
195200 2.36544
195300 2.11026
195400 1.88143
195500 1.69025
195600 1.54217
195700 1.4323
195800 1.34975
195900 1.28461
196000 1.2304
196100 1.18367
196200 1.14269
196300 1.10649
196400 1.07489
196500 1.04872
196600 1.02931
196700 1.01764
196800 1.01376
196900 1.01694
197000 1.02629
197100 1.04154
197200 1.06343
197300 1.09417
197400 1.13733
197500 1.19692
197600 1.27606
197700 1.37504
197800 1.49
197900 1.61345
198000 1.73742
198100 1.85488
198200 1.95343
198300 2.02352
198400 2.06324
198500 2.07814
198600 2.07228
198700 2.03853
198800 1.96932
198900 1.8743
199000 1.77602
199100 1.68679
199200 1.60571
199300 1.52843
199400 1.45219
199500 1.3766
199600 1.30365
199700 1.23772
199800 1.18537
199900 1.15462
200000 1.15341
