# Fix print output for fix totenergy
-4854.52591411791
-4854.51282216052
-4854.43469130772
-4854.27700369223
-4853.90384777905
-4853.28621841379
-4852.78494288095
-4852.8790020837
-4853.41767946351
-4853.95085785526
-4854.33349576691
-4854.6347202337
-4854.89329662798
-4855.18627070942
-4855.58673872908
-4856.04662904867
-4856.46377328512
-4856.76487497008
-4856.94960541651
-4857.05289065295
-4857.10781044797
-4857.13217627853
-4857.12987991297
-4857.09645924
-4857.02532106706
-4856.91234415165
-4856.76102327469
-4856.60357910829
-4856.53738833902
-4856.67908349418
-4857.01137436318
-4857.37974203263
-4857.66625531071
-4857.85641916641
-4857.97962574191
-4858.06229127749
-4858.11836803318
-4858.15262712623
-4858.16391951482
-4858.146508466
-4858.08957566879
-4857.97640720396
-4857.78518547325
-4857.49589971243
-4857.09520614811
-4856.61639617257
-4856.0152865353
-4855.42678629419
-4855.02201973152
-4855.02598932586
-4855.48669310138
-4855.97859328438
-4856.27708796032
-4856.4033663753
-4856.43975429868
-4856.44121623986
-4856.43133636781
-4856.41369439419
-4856.38023899294
-4856.31846672698
-4856.22029757404
-4856.08970978449
-4855.94371634787
-4855.80525762113
-4855.69206231306
-4855.61011688324
-4855.58044049131
-4855.59330154427
-4855.73155838666
-4856.1145577051
-4856.65478607787
-4857.15207624083
-4857.46641484167
-4857.61627553763
-4857.67810977705
-4857.70038779088
-4857.70581499969
-4857.68974713482
-4857.65235478611
-4857.58497808252
-4857.47904658805
-4857.33954281872
-4857.20773639543
-4857.16365612603
-4857.26003933341
-4857.43218538804
-4857.59733152107
-4857.65478194801
-4857.68390604665
-4857.67699695939
-4857.70256111521
-4857.73791773458
-4857.79149691457
-4857.84792691799
-4857.88518049832
-4857.89404960563
-4857.87615962703
-4857.83393883308
-4857.76317203167
-4857.64737545933
-4857.45614067473
-4857.16073107893
-4856.77862924932
-4856.39266072644
-4856.11811086876
-4855.95362265908
-4855.86477341082
-4855.81608893209
-4855.85570929264
-4856.10866063613
-4856.46392397568
-4856.81416694952
-4857.09538609638
-4857.29473326438
-4857.42587567733
-4857.50816005792
-4857.55824292576
-4857.58838351876
-4857.60722674748
-4857.61900649658
-4857.6190324248
-4857.57952503838
-4857.43348371184
-4857.08307042471
-4856.50536131338
-4855.98240104399
-4855.99369764095
-4856.52284915636
-4856.94122464894
-4857.02970323809
-4857.10109803445
-4857.26790981511
-4857.47791004294
-4857.74486674563
-4857.96468547117
-4858.11365334782
-4858.20285382132
-4858.2517104856
-4858.27525324439
-4858.2804209376
-4858.26547734784
-4858.21222964742
-4858.05982390269
-4857.677447153
-4857.02638889691
-4856.39802677374
-4856.07345563054
-4855.91781906874
-4855.80402499383
-4855.766636427
-4856.1195140413
-4856.83633416637
-4857.41276741163
-4857.70915890014
-4857.82412477389
-4857.86368638425
-4857.872193307
-4857.86525335565
-4857.8419233944
-4857.78986603957
-4857.69130567824
-4857.53586563336
-4857.34297997972
-4857.1620468465
-4857.03098736356
-4856.9450741133
-4856.89762233018
-4856.83157498306
-4856.73875066455
-4856.60486163418
-4856.50995106035
-4856.47138586589
-4856.50606119035
-4856.60049532294
-4856.72381495816
-4856.84931123356
-4856.96400372236
-4857.06540049944
-4857.15374913715
-4857.22798332978
-4857.28538011573
-4857.32536840574
-4857.35132046428
-4857.36570404457
-4857.36197494618
-4857.31878249526
-4857.19969394288
-4856.96742447357
-4856.61362971633
-4856.1917301238
-4855.83200332896
-4855.7166093465
-4855.96677907123
-4856.50627488712
-4857.03826124234
-4857.39988526979
-4857.62018928794
-4857.75300051592
-4857.80663172699
-4857.83301577574
-4857.81992485556
-4857.7946291925
-4857.74173889825
-4857.66567755675
-4857.57518888799
-4857.47968363206
-4857.38235989314
-4857.27046627533
-4857.09503150576
-4856.77789787566
-4856.34178339938
-4856.06322712599
-4856.12685979875
-4856.33948516503
-4856.49383659946
-4856.5554461484
-4856.57070431558
-4856.56897581934
-4856.55922409644
-4856.54697214312
-4856.53628334593
-4856.52948888536
-4856.52393535994
-4856.52866785059
-4856.53898701884
-4856.55185262341
-4856.56339824608
-4856.57099165631
-4856.57537925225
-4856.58531011888
-4856.62239261026
-4856.72909467072
-4856.85016788974
-4856.9851031677
-4857.14271957887
-4857.29235427
-4857.45468920063
-4857.59375294843
-4857.70464007826
-4857.78866757951
-4857.85009798044
-4857.89294393226
-4857.91865339569
-4857.92485196224
-4857.90366019574
-4857.83765765263
-4857.68927428243
-4857.40971219857
-4856.85257664333
-4856.07996740754
-4855.51518382877
-4855.76338847973
-4856.53064759046
-4857.2001762184
-4857.53907330722
-4857.67774934996
-4857.74940393744
-4857.791526704
-4857.77027793413
-4857.7381562407
-4857.67849038046
-4857.58864794265
-4857.46691706527
-4857.31707456121
-4857.15282502931
-4856.99762071937
-4856.86916845438
-4856.75459772836
-4856.63795463581
-4856.37527632467
-4855.768746918
-4854.70424540573
-4853.42466078827
-4853.0603312554
-4854.05227564253
-4855.21165767613
-4855.85116298464
-4856.11508528917
-4856.21488465163
-4856.24955358095
-4856.25594513742
-4856.24331897851
-4856.20306585757
-4856.10505302877
-4855.89060696086
-4855.49650240828
-4854.97187821867
-4854.62363846365
-4854.60872656845
-4854.8066540359
-4855.05628277942
-4855.43681943175
-4855.97551361103
-4856.41881616196
-4856.65911140206
-4856.74588498035
-4856.7722068161
-4856.77685442827
-4856.77084198722
-4856.75470363887
-4856.72354225774
-4856.66691702575
-4856.5672881711
-4856.40201223633
-4856.15679589933
-4855.85673374135
-4855.59229276275
-4855.4912181314
-4855.63029119536
-4855.97844045259
-4856.43094881716
-4856.87689067221
-4857.2402348226
-4857.49202376796
-4857.63977316152
-4857.72964706161
-4857.74847747442
-4857.7169917915
-4857.69275976682
-4857.66737393312
-4857.65726791701
-4857.66859801598
-4857.70842534393
-4857.70606737172
-4857.67548088042
-4857.59640036061
-4857.42538660283
-4857.19453174453
-4856.82793274956
-4856.26275673071
-4855.49860602165
-4854.72826819002
-4854.28412289641
-4854.3234353043
-4854.68885125948
-4855.10515025027
-4855.40095135194
-4855.55667595101
-4855.62338897654
-4855.64810660062
-4855.65629373404
-4855.65748733578
-4855.6491140779
-4855.60925164248
-4855.45810574124
-4854.94837464794
-4853.73993283075
-4852.60277140678
-4853.1908818566
-4854.7732236183
-4855.88603871258
-4856.45846089125
-4856.77913144354
-4857.00119358132
-4857.09406896653
-4857.11765688843
-4857.11390727705
-4857.06949273281
-4856.92309973219
-4856.73509984407
-4856.53340754077
-4856.38858273777
-4856.35861218689
-4856.46468033349
-4856.68722022388
-4856.97438229513
-4857.25967447637
-4857.48827034915
-4857.63888892778
-4857.72452576714
-4857.77049665262
-4857.7959108211
-4857.80858707289
-4857.80547895153
-4857.76893863818
-4857.64846188143
-4857.33621768242
-4856.60213362863
-4855.4856776362
-4854.70074371409
-4855.00995868437
-4855.89264840544
-4856.36411692502
-4856.46651016081
-4856.50170547808
-4856.53899211777
-4856.57423971201
-4856.66762937407
-4856.79163647598
-4856.9204209871
-4857.03877609499
-4857.14614984571
-4857.25120190334
-4857.36893960728
-4857.51621560631
-4857.69180399888
-4857.85922316646
-4857.98221586778
-4858.05848695245
-4858.10327100757
-4858.13005979476
-4858.14441956847
-4858.14264480699
-4858.10960917548
-4858.01183626573
-4857.78781753374
-4857.35006222118
-4856.66978321854
-4855.9826700494
-4855.58329603849
-4855.41212022758
-4855.21797507587
-4854.79668691738
-4854.45620987559
-4855.11571129543
-4856.23087316965
-4856.86667385303
-4857.08987098474
-4857.16151825131
-4857.18594148194
-4857.19151707823
-4857.18543465551
-4857.14842753087
-4857.06295432182
-4856.89743254694
-4856.62775009316
-4856.27355379716
-4855.96786066515
-4855.68401929596
-4855.48093938721
-4855.33748237396
-4855.14253478667
-4855.2745661954
-4855.61434094662
-4856.0134933639
-4856.36370121106
-4856.57516173885
-4856.72089475759
-4856.80130367056
-4856.83832866966
-4856.84349950903
-4856.82305200385
-4856.77915336726
-4856.70771701921
-4856.59293079031
-4856.39834816387
-4856.06462300908
-4855.55847517592
-4855.02670141333
-4854.86677022609
-4855.32598040555
-4856.0992687678
-4856.62767948819
-4856.85948636498
-4856.98743601272
-4857.07507778918
-4857.09716585801
-4857.12589811678
-4857.14972747556
-4857.17593798903
-4857.21117689242
-4857.26492916661
-4857.34481943045
-4857.44204847221
-4857.52416259231
-4857.56501730394
-4857.57122518505
-4857.55711221706
-4857.50486441789
-4857.33174742107
-4856.8885652494
-4856.13354132897
-4855.42782775222
-4855.12736352389
-4855.25466339369
-4855.62636052177
-4855.99178172483
-4856.25207947103
-4856.40251970796
-4856.47529321436
-4856.53476870123
-4856.53918348903
-4856.51179572152
-4856.36448052442
-4855.98475624391
-4854.83492986853
-4852.7937167052
-4852.31479320725
-4854.21608209761
-4855.64482147898
-4856.26692137525
-4856.6295731769
-4856.86200542528
-4857.09848573629
-4857.30280844304
-4857.46140873721
-4857.5676726394
-4857.62990394622
-4857.65902278276
-4857.66051807132
-4857.63076384235
-4857.55208366137
-4857.38293730503
-4857.05260128553
-4856.51224168124
-4855.93060135676
-4855.5825011092
-4855.38320013975
-4855.01984403467
-4855.17360401181
-4856.24748382259
-4857.18717791844
-4857.59122214191
-4857.73690978132
-4857.79836772742
-4857.82378715749
-4857.82215755879
-4857.792871378
-4857.73248246085
-4857.634675197
-4857.48938007162
-4857.28314560004
-4857.00303561529
-4856.64788572242
-4856.24479197095
-4855.86514151542
-4855.64341015495
-4855.74584102804
-4856.27090188037
-4856.93134148808
-4857.41751129933
-4857.64996015716
-4857.70902969443
-4857.73967923127
-4857.74598968551
-4857.73622656833
-4857.70619629903
-4857.64111751006
-4857.51590647179
-4857.30334279165
-4856.99913496183
-4856.65374025674
-4856.35972323821
-4856.18897847639
-4856.15994851688
-4856.26239920933
-4856.4816525443
-4856.79777958959
-4857.16788221187
-4857.50744127384
-4857.72953587431
-4857.83344244625
-4857.87379058694
-4857.88772856224
-4857.88956679448
-4857.88414494657
-4857.87305996749
-4857.89328640231
-4857.87956160387
-4857.85974419473
-4857.78734059184
-4857.72986862641
-4857.64775717196
-4857.53878801769
-4857.4053456406
-4857.25256464761
-4857.08707179929
-4856.91355148379
-4856.73266024215
-4856.54841861842
-4856.37815392864
-4856.24972010205
-4856.17822222948
-4856.15103918298
-4856.18038397399
-4856.14933887735
-4856.16511740726
-4856.22805414693
-4856.39327701243
-4856.66846542399
-4856.97158873113
-4857.21735294782
-4857.38448887852
-4857.49112063613
-4857.55884513393
-4857.60080580376
-4857.62159186434
-4857.6181416594
-4857.57844213194
-4857.47747453663
-4857.2718169825
-4856.91043271493
-4856.40841407074
-4856.00194061372
-4856.09178242849
-4856.61177219742
-4856.79832245618
-4856.92750751171
-4857.33843466708
-4857.79303510372
-4858.105311184
-4858.27155663027
-4858.34710562889
-4858.37386093718
-4858.37435026021
-4858.35811002885
-4858.32689203035
-4858.27769756642
-4858.20645661742
-4858.1151653065
-4858.01818216843
-4857.93582931194
-4857.87407798621
-4857.85090287524
-4857.80363309311
-4857.73028080983
-4857.57489868265
-4857.37558038889
-4857.11339360828
-4856.83415949804
-4856.60027537894
-4856.44810963213
-4856.3735668678
-4856.35174858365
-4856.35979730925
-4856.38661718431
-4856.43301057136
-4856.50969905256
-4856.62751755429
-4856.77883859463
-4856.93083051363
-4857.04879757187
-4857.12289001308
-4857.16582324703
-4857.19102483361
-4857.19830886972
-4857.17455894678
-4857.10683902919
-4856.99357804064
-4856.8712025917
-4856.69870630286
-4856.47940785066
-4856.20305287488
-4855.95581152876
-4856.02149917381
-4856.41989499069
-4856.93354993202
-4857.32207375327
-4857.54071113042
-4857.65296352427
-4857.71374006725
-4857.74769261807
-4857.76057210281
-4857.74762685283
-4857.69557994478
-4857.57799676992
-4857.34218301075
-4856.88964210149
-4856.11866674675
-4855.23151348676
-4854.92861343753
-4855.20401902102
-4855.4964867958
-4855.90995067004
-4856.35919810207
-4856.78885568545
-4857.14449337413
-4857.42135240371
-4857.60869970117
-4857.71613416679
-4857.767101722
-4857.78177748328
-4857.77015946924
-4857.72972452492
-4857.64247331419
-4857.4679493818
-4857.13909884151
-4856.59650767367
-4855.93137271721
-4855.29134789119
-4854.96666199178
-4854.94908529457
-4855.28988418586
-4855.8214473107
-4856.40811697799
-4856.89291351756
-4857.22897288003
-4857.43366462442
-4857.54457152364
-4857.59615115231
-4857.61100750248
-4857.59823384817
-4857.55283398984
-4857.45270110921
-4857.25447920087
-4856.9037560264
-4856.39600193458
-4855.89178878457
-4855.53245152949
-4855.3213750345
-4855.15157166444
-4854.75588380905
-4854.14757793899
-4853.71448139095
-4854.3790643947
-4855.53932058443
-4856.13825543341
-4856.30464722816
-4856.34055820826
-4856.34801085128
-4856.34836299371
-4856.33506866561
-4856.2796988109
-4856.12792751138
-4855.82251523614
-4855.41808057348
-4855.22916937018
-4855.61708898443
-4856.43573116944
-4857.18651497833
-4857.55640832634
-4857.72017911981
-4857.81924531835
-4857.85603579135
-4857.88726273823
-4857.90047763232
-4857.90370863763
-4857.8986621595
-4857.88274647654
-4857.85159922162
-4857.80095373861
-4857.72563777256
-4857.61508163498
-4857.4408031306
-4857.13833607695
-4856.6134820916
-4855.89587643723
-4855.31172982604
-4855.14310875686
-4855.29234164383
-4855.52887030914
-4855.72756918186
-4855.86057465856
-4855.93622830426
-4855.96864057928
-4855.96897369291
-4855.9430786265
-4855.88940292962
-4855.79446121637
-4855.62286323947
-4855.30280331181
-4854.74142807159
-4853.98423944717
-4853.49532361138
-4853.92270581287
-4855.15654726902
-4856.17767841705
-4856.58038367818
-4856.67165454004
-4856.69178925511
-4856.69001191201
-4856.63792190769
-4856.56504928513
-4856.43905470896
-4856.26524774401
-4856.07303977877
-4855.90241432432
-4855.79043066235
-4855.79083436341
-4855.88973563409
-4856.05214514089
-4856.32583377548
-4856.70829848499
-4857.13592887491
-4857.43937956331
-4857.61749553013
-4857.71209078158
-4857.76513126002
-4857.79369936315
-4857.79927614308
-4857.77465511686
-4857.70898593408
-4857.59223296918
-4857.41439271893
-4857.14902705697
-4856.71767939262
-4855.98836285918
-4854.9731905983
-4854.2910284367
-4854.86242468125
-4856.22806022971
-4857.17324967677
-4857.56331590654
-4857.70170629527
-4857.74910519676
-4857.76144441267
-4857.75589723753
-4857.73092622143
-4857.66776542164
-4857.52509551903
-4857.24834677589
-4856.83443362578
-4856.43466620635
-4856.1690830112
-4856.0643674693
-4855.90979068024
-4855.67909414378
-4855.57662508894
-4855.90186697147
-4856.47390315253
-4857.04841375915
-4857.45653729417
-4857.67966017558
-4857.78281494743
-4857.82397939393
-4857.83203470205
-4857.81861374693
-4857.78270483274
-4857.71531439697
-4857.60775220029
-4857.46260794231
-4857.30360734198
-4857.16786583246
-4857.10505455337
-4857.06695482267
-4857.04012610493
-4857.02578356195
-4856.98573739212
-4856.98615878115
-4857.01965025962
-4857.11714567989
-4857.30332170907
-4857.49948581585
-4857.65368711703
-4857.75208957109
-4857.80754915102
-4857.83712730502
-4857.8508859669
-4857.84943358434
-4857.8222914798
-4857.74263723005
-4857.55922192361
-4857.20153042086
-4856.64845545099
-4856.04492648052
-4855.66135806355
-4855.51739199416
-4855.57795305656
-4855.81010398864
-4856.09048571845
-4856.37686177096
-4856.82164867231
-4857.28294148615
-4857.63112782101
-4857.81626925
-4857.88874534069
-4857.90331211318
-4857.89282563681
-4857.87081214807
-4857.83811953633
-4857.78621764049
-4857.6987144522
-4857.55680540077
-4857.35593237331
-4857.12997108523
-4856.95146103564
-4856.87022039035
-4856.85548864747
-4856.84647302114
-4856.84617388133
-4856.79151323467
-4856.59347704831
-4855.89631430758
-4854.65869324647
-4853.93035576335
-4854.87011046128
-4856.27446016186
-4856.91835432987
-4857.11033249038
-4857.17354487869
-4857.19869283701
-4857.20205273794
-4857.17818570698
-4857.11320027062
-4856.99211942717
-4856.80860184625
-4856.59141079744
-4856.33112605458
-4856.06732726585
-4855.70906656646
-4855.25208534612
-4854.83605384897
-4854.80370677385
-4855.43728442193
-4856.27285253455
-4856.79965362697
-4857.00807825769
-4857.08315077901
-4857.11176882087
-4857.11574576562
-4857.09577298436
-4857.0453526348
-4856.95539489835
-4856.81604925285
-4856.62552660212
-4856.44327150596
-4856.28525277797
-4856.24063077376
-4856.3657043235
-4856.57703230519
-4856.82933021805
-4857.11629246813
-4857.43146713134
-4857.73002393171
-4857.96020633565
-4858.1093360425
-4858.19419825223
-4858.23510287637
-4858.2445180688
-4858.22835300128
-4858.18777929742
-4858.1205389196
-4858.01839073791
-4857.86289082483
-4857.6245233904
-4857.29167705398
-4856.98143729877
-4856.77358577673
-4856.69146086586
-4856.7108433721
-4856.7742597629
-4856.87537428852
-4856.95463307789
-4856.99921349251
-4857.010197272
-4856.99382771471
-4856.95381545652
-4856.88602352719
-4856.77291560632
-4856.57730405895
-4856.25412065779
-4855.81821828995
-4855.40215356096
-4855.15514343611
-4855.11600235398
-4855.22114193076
-4855.37811256587
-4855.52807276039
-4855.65549954082
-4855.76556023786
-4855.86896980712
-4856.01179075739
-4856.12571444816
-4856.2501063393
-4856.40332112992
-4856.61156500615
-4856.82621612192
-4857.03962780843
-4857.16149887228
-4857.21764211868
-4857.24553247708
-4857.261461083
-4857.26764472565
-4857.25913723645
-4857.22443192664
-4857.14161315279
-4856.9715338019
-4856.65918010455
-4856.18051467383
-4855.66360422612
-4855.43869440135
-4855.7853001502
-4856.60346200683
-4857.47810535683
-4858.00756747963
-4858.21524906676
-4858.28553566162
-4858.30456821918
-4858.29458125013
-4858.25729654197
-4858.19225283791
-4858.10322847516
-4857.99601048485
-4857.86795385177
-4857.69133151854
-4857.41257487005
-4857.00763353544
-4856.57419547853
-4856.29332594546
-4856.26321736763
-4856.430239799
-4856.65912899913
-4856.84456506861
-4856.9554204365
-4857.00702879516
-4857.02487863153
-4857.02800821669
-4857.02540097079
-4857.00840771008
-4856.91469011773
-4856.57267887693
-4855.86549064148
-4855.13135192709
-4854.89644834478
-4855.22048840283
-4855.64321343596
-4856.00143050828
-4856.22383203242
-4856.43001823008
-4856.60689612881
-4856.79153842102
-4857.00544545094
-4857.25709739227
-4857.51657107275
-4857.73611662408
-4857.88796734476
-4857.9764971899
-4858.02240320779
-4858.04584988156
-4858.06063778717
-4858.07452030138
-4858.08906430881
-4858.09717722943
-4858.08206355859
-4858.01835714106
-4857.87820742089
-4857.65127285507
-4857.36827225001
-4857.09062506387
-4856.85632508495
-4856.69700071746
-4856.52941862648
-4856.41325790579
-4856.4930340965
-4856.80795097372
-4857.28159539124
-4857.6586022161
-4857.85940134625
-4857.9383871084
-4857.96252609842
-4857.96835874032
-4857.96837716591
-4857.95815807254
-4857.91026871583
-4857.74077481121
-4857.23588301205
-4856.1840817127
-4855.18278448467
-4854.93126924598
-4855.06934283693
-4855.12865215777
-4855.18993854415
-4855.33473923477
-4855.8703008747
-4856.58970726036
-4857.20927888405
-4857.58158575212
-4857.7571947227
-4857.82504108656
-4857.84317376559
-4857.83878674928
-4857.81644560244
-4857.75759861959
-4857.61064901042
-4857.29334551509
-4856.78153916601
-4856.27087889365
-4856.07234172313
-4856.08305298407
-4856.07499593578
-4856.05757557349
-4856.10017134872
-4856.2555017466
-4856.74062748089
-4857.38960209949
-4857.79740282886
-4857.97320075214
-4858.05297243476
-4858.09164361496
-4858.10516494617
-4858.09845766794
-4858.07133959856
-4858.0169933521
-4857.91609162212
-4857.73011121382
-4857.41417073009
-4856.98224973294
-4856.57037430019
-4856.35080841174
-4856.38209141947
-4856.50434687555
-4856.66094120367
-4856.80709683534
-4856.99108057855
-4857.17692614622
-4857.35172426733
-4857.50407559618
-4857.63414712791
-4857.75455973921
-4857.88271521431
-4858.01533531738
-4858.12184031675
-4858.19350326609
-4858.24211091085
-4858.27513851755
-4858.29308076566
-4858.29197615756
-4858.26621050016
-4858.20988367249
-4858.11779809018
-4857.98321670747
-4857.79088807786
-4857.54247074746
-4857.12101276319
-4856.7452166759
-4856.60836200034
-4856.76087663912
-4857.03890285389
-4857.28186474993
-4857.43557985247
-4857.51205799366
-4857.53819067067
-4857.53337495627
-4857.50372094385
-4857.43799808228
-4857.29781207838
-4857.00482124923
-4856.47136833364
-4855.7851240599
-4855.38991781718
-4855.6158573037
-4856.13203354835
-4856.48920281081
-4856.63926961065
-4856.7406174797
-4856.84882129622
-4856.94415584064
-4857.00969620713
-4857.04552758073
-4857.05718167978
-4857.04781392417
-4857.0181682793
-4856.96711441844
-4856.88906341676
-4856.76838819542
-4856.57073249984
-4856.23464402665
-4855.72226194356
-4855.03351304598
-4854.4586849422
-4854.61425138266
-4855.81017025674
-4857.04248917887
-4857.55278895876
-4857.70574306607
-4857.76022906375
-4857.77841258968
-4857.76896932501
-4857.72590668738
-4857.6398468001
-4857.51035244766
-4857.36604569973
-4857.27166667691
-4857.27316909479
-4857.32706462854
-4857.40208444106
-4857.40873004256
-4857.38568990148
-4857.29868972647
-4857.01361176504
-4856.5341128328
-4856.00242688316
-4855.73800863441
-4855.83562649582
-4856.12461731862
-4856.40461641965
-4856.5880583168
-4856.6944485013
-4856.75538551464
-4856.79678083844
-4856.830155467
-4856.85705761188
-4856.87212582596
-4856.86233878663
-4856.8029367355
-4856.6566348433
-4856.39296341941
-4856.03947244275
-4855.72231200889
-4855.64744893172
-4855.90207767552
-4856.48701786996
-4857.17650292788
-4857.73361710809
-4858.06071503156
-4858.22773138154
-4858.30688434921
-4858.33893192699
-4858.34234261436
-4858.32252996448
-4858.27565678722
-4858.189490262
-4858.04455635133
-4857.82048133053
-4857.51695472561
-4857.17979061633
-4856.88858129618
-4856.69142552617
-4856.58036155627
-4856.5287472991
-4856.51776487622
-4856.5320447912
-4856.55357903956
-4856.56637713284
-4856.56088923135
-4856.53194286038
-4856.47251636043
-4856.36489508595
-4856.16858945544
-4855.80822517906
-4855.22447565098
-4854.53744268699
-4853.96782080079
-4853.43717997379
-4853.50533356975
-4854.5066347249
-4855.41784061899
-4855.87839841297
-4856.0491166752
-4856.11218437382
-4856.12591812715
-4856.11503021241
-4856.07945439762
-4856.00720772852
-4855.88139926801
-4855.69935769459
-4855.51015546821
-4855.42513283647
-4855.53495054078
-4855.66270724168
-4855.75286088436
-4855.86362364297
-4856.0962696587
-4856.49521229046
-4856.99791463042
-4857.36862443179
-4857.56888519172
-4857.66634717361
-4857.71397675475
-4857.73410079563
-4857.73112738432
-4857.69920235949
-4857.6249413547
-4857.49083818279
-4857.28410927229
-4857.01589007933
-4856.74595555221
-4856.59530812278
-4856.7346362278
-4857.27315247767
-4857.85934699808
-4858.20737257343
-4858.35453782861
-4858.43639702521
-4858.47762148276
-4858.49561409131
-4858.49441073878
-4858.47133317564
-4858.41767651965
-4858.31819076513
-4858.15542760645
-4857.92826968475
-4857.6770887171
-4857.46084852122
-4857.29790851692
-4857.1662873984
-4857.03887343198
-4856.89784394557
-4856.74468361376
-4856.60580225934
-4856.50301400472
-4856.43208843246
-4856.37638674604
-4856.32030533173
-4856.25046365933
-4856.1511334905
-4855.99633686038
-4855.7407449664
-4855.32458001331
-4854.78562488796
-4854.41417291063
-4854.65961726829
-4855.46858174125
-4856.20953256075
-4856.57026434246
-4856.69599527732
-4856.74215381489
-4856.76631984363
-4856.77288230192
-4856.75007301707
-4856.70216058771
-4856.67382416757
-4856.72726478411
-4856.93543950229
-4857.3151871526
-4857.76375780949
-4858.09789551355
-4858.25532646755
-4858.3094993729
-4858.32847544311
-4858.33679744287
-4858.33393209872
-4858.30931529934
-4858.25128196023
-4858.15299280333
-4858.0171434218
-4857.85907029749
-4857.70506479051
-4857.57982668591
-4857.4906644556
-4857.45338289978
-4857.41155315805
-4857.37078818034
-4857.29982726455
-4857.16636319753
-4857.03646882737
-4856.91927856587
-4856.83588636326
-4856.7889203019
-4856.77134074217
-4856.77862419258
-4856.81586094765
-4856.89985785037
-4857.04918717051
-4857.24891750406
-4857.4287906839
-4857.53498679961
-4857.5835070553
-4857.61003997922
-4857.6334314791
-4857.65559053171
-4857.66865302347
-4857.6610662833
-4857.61934505915
-4857.55148613914
-4857.37052251053
-4857.0159326414
-4856.36373165011
-4855.60387860101
-4855.13617721577
-4855.23820027927
-4855.72139322028
-4856.19882124146
-4856.49987109453
-4856.59504433751
-4856.61532188384
-4856.60815520589
-4856.54097151451
-4856.48517912158
-4856.4427229649
-4856.42766507004
-4856.43682039599
-4856.45765929898
-4856.48013191347
-4856.50207403122
-4856.52982462081
-4856.57772833766
-4856.65169837048
-4856.7190228605
-4856.75017658921
-4856.75419140943
-4856.74204546146
-4856.69504463787
-4856.54952294372
-4856.23107196512
-4855.76853667081
-4855.34790147554
-4855.19872528292
-4855.41099029046
-4855.86666531485
-4856.36084190133
-4856.76063888526
-4857.0372664218
-4857.2261616955
-4857.35335684905
-4857.4370727068
-4857.48585117345
-4857.50805678423
-4857.51465308561
-4857.47742280889
-4857.39269621871
-4857.17018547974
-4856.60344605021
-4855.53431586555
-4854.42778199003
-4854.6752931414
-4855.59357497425
-4856.15505131688
-4856.35014824868
-4856.44148757645
-4856.5033639046
-4856.60389077435
-4856.70248906095
-4856.80927701053
-4856.91975770832
-4857.021739452
-4857.10916084677
-4857.18382456157
-4857.25240783987
-4857.32299497797
-4857.40535906419
-4857.50722998082
-4857.62727205689
-4857.75207953846
-4857.86407795392
-4857.95157027718
-4858.01113032695
-4858.04499678653
-4858.07309324906
-4858.03857226556
-4857.97914753912
-4857.83877276958
-4857.56244841473
-4857.11867053465
-4856.58311482264
-4856.14671583732
-4855.93180518747
-4855.89675312844
-4855.98417346436
-4856.09301461343
-4856.20684630977
-4856.37660842603
-4856.57860691533
-4856.80270535663
-4857.01085631308
-4857.16464598633
-4857.2575221141
-4857.30583939743
-4857.3278431376
-4857.3342658861
-4857.32394930147
-4857.27573553094
-4857.12355219121
-4856.70852210833
-4855.8348443392
-4854.8115246865
-4854.47256652763
-4854.54417141475
-4854.62358384949
-4855.0800580402
-4855.94536233456
-4856.6310216034
-4856.87553033398
-4856.89334158458
-4856.9104412584
-4856.91098081427
-4856.89860983535
-4856.86667237853
-4856.80372552862
-4856.69659579685
-4856.53473819318
-4856.31604744684
-4856.05446428426
-4855.81832614329
-4855.61242827908
-4855.41728059966
-4855.11425460369
-4854.82760327435
-4855.07206585326
-4855.85182882076
-4856.69290081829
-4857.24889800359
-4857.52937058566
-4857.65311067538
-4857.69956283098
-4857.70667222013
-4857.68920414646
-4857.67720703762
-4857.62318623314
-4857.54730224073
-4857.41142617469
-4857.23592825401
-4856.97156992004
-4856.62787758855
-4856.33046941029
-4856.30804012875
-4856.61641265491
-4857.03819836759
-4857.35488530855
-4857.51885271655
-4857.5873967956
-4857.61756515629
-4857.63542585092
-4857.64670629374
-4857.64753462361
-4857.62577769299
-4857.55040186498
-4857.32556062327
-4856.629747616
-4854.87114055806
-4853.01012306564
-4853.39690846202
-4854.63608103221
-4855.27390689975
-4855.53138396145
-4855.72221792092
-4855.92329725787
-4856.10636090732
-4856.36675090335
-4856.61737679417
-4856.8401716869
-4857.01452535916
-4857.12866387551
-4857.18853572119
-4857.21010063905
-4857.23978768723
-4857.23051106034
-4857.21488331619
-4857.12371316445
-4856.71978512851
-4855.99335077105
-4855.36604477597
-4855.32866933033
-4855.76238698074
-4856.25311961084
-4856.50082157581
-4856.58554796821
-4856.62162241194
-4856.64309577357
-4856.62825379681
-4856.67011491785
-4856.76260888334
-4856.90768923928
-4857.08236892173
-4857.2548354969
-4857.39750198921
-4857.49746438454
-4857.56002794107
-4857.60046903925
-4857.65218008838
-4857.67595325049
-4857.67851127124
-4857.69663478476
-4857.69340534486
-4857.64791459291
-4857.52528032182
-4857.27868340763
-4856.88738076085
-4856.42293706772
-4856.03481091552
-4855.81394669407
-4855.77849277851
-4855.95068099043
-4856.32991109905
-4856.75280325308
-4857.14624372268
-4857.44868420832
-4857.59972601705
-4857.68770031265
-4857.72313344804
-4857.73247004022
-4857.72738843497
-4857.70685598892
-4857.65012749581
-4857.4905032549
-4857.07124312575
-4856.26281955094
-4855.51207106149
-4855.53827741961
-4855.97423541544
-4856.14899154629
-4856.179702884
-4856.13008048604
-4856.11410950481
-4856.17759292915
-4856.41097887637
-4856.75057139304
-4857.04668831696
-4857.22448612754
-4857.31174654986
-4857.34631942493
-4857.3562597322
-4857.34897736149
-4857.30535993058
-4857.15019854891
-4856.68242130171
-4855.61868525859
-4854.443846538
-4854.33207409746
-4854.90161329005
-4855.80836954481
-4856.77553795714
-4857.32524324285
-4857.55941589454
-4857.66599630855
-4857.7197409217
-4857.74939999586
-4857.7659910239
-4857.76913338414
-4857.75369706029
-4857.71775735062
-4857.6637030866
-4857.59582188409
-4857.51714723964
-4857.42783885391
-4857.32581347379
-4857.2113524189
-4857.0897712218
-4856.96315581243
-4856.82746041346
-4856.67886129145
-4856.51451771467
-4856.33366150952
-4856.14594973982
-4855.98156737087
-4855.88447728661
-4855.92757351221
-4856.05408492198
-4856.21482194116
-4856.38404419089
-4856.62971952428
-4856.88317702086
-4857.19035639824
-4857.4333503578
-4857.5893041041
-4857.68069880379
-4857.7357877037
-4857.76943442688
-4857.78336918684
-4857.77003845939
-4857.71496284566
-4857.59447610557
-4857.36166298275
-4856.93220668668
-4856.27157358792
-4855.63039973674
-4855.2112233865
-4854.8845417997
-4854.55262359455
-4854.39693570892
-4854.81633887793
-4855.57136490047
-4856.30983106144
-4856.79332278373
-4857.03427755367
-4857.13475187633
-4857.16862876491
-4857.17306604431
-4857.16205479579
-4857.13173869787
-4857.05620206797
-4856.87885042611
-4856.53778555246
-4856.09233917152
-4855.84633155409
-4856.0912344992
-4856.53722852725
-4856.86615315093
-4857.07880552496
-4857.20442318564
-4857.28977923246
-4857.33579617301
-4857.37224443358
-4857.42188325348
-4857.48721657768
-4857.55222229606
-4857.59825503435
-4857.61656969951
-4857.60734019292
-4857.57084760276
-4857.49915180326
-4857.36511999104
-4857.10949323074
-4856.65256327343
-4856.01134649699
-4855.45593266864
-4855.30269274372
-4855.52772825782
-4855.93663424854
-4856.28419345038
-4856.54216064757
-4856.79702909042
-4857.00551048533
-4857.15858560236
-4857.25797781555
-4857.31876692805
-4857.35781443242
-4857.38778436794
-4857.41891735593
-4857.46553069988
-4857.53748263483
-4857.60827929872
-4857.65685772695
-4857.68888082075
-4857.71012735345
-4857.72049347497
-4857.71434654839
-4857.67905371199
-4857.59066846281
-4857.41113747138
-4857.10213503003
-4856.68778842492
-4856.34583774047
-4856.34675027895
-4856.74900897153
-4857.19402549021
-4857.59876947585
-4858.00312876494
-4858.27817280967
-4858.4221874066
-4858.48361046157
-4858.50326007788
-4858.49857668141
-4858.47596725763
-4858.43725525647
-4858.38324913043
-4858.31658213158
-4858.24310249646
-4858.17150719625
-4858.10748553839
-4858.04705826136
-4857.9730665191
-4857.86478269379
-4857.71660803849
-4857.54698582693
-4857.38507733984
-4857.24984259879
-4857.14467366667
-4857.06199814691
-4856.99029811444
-4856.91742493325
-4856.83200149052
-4856.75846651635
-4856.60367724025
-4856.31261958084
-4855.588255854
-4854.3995831526
-4853.64864073839
-4854.13873511624
-4855.10045474312
-4855.71825880072
-4856.00278751498
-4856.16748731132
-4856.26458290837
-4856.33767676687
-4856.39716378862
-4856.45639561327
-4856.52225001241
-4856.59852185321
-4856.6817808097
-4856.78559965067
-4856.82967380513
-4856.84082425475
-4856.81978223139
-4856.7244108638
-4856.48113757229
-4856.19205815219
-4855.95330536934
-4855.90469728987
-4856.10762139257
-4856.38776107348
-4856.72901229782
-4857.02924862921
-4857.26433564328
-4857.44215505062
-4857.57846680811
-4857.6852910715
-4857.76871331046
-4857.8309213509
-4857.87205460766
-4857.89083702287
-4857.88285809869
-4857.83226025586
-4857.68888158108
-4857.34066356043
-4856.67588158441
-4855.88248935302
-4855.29557695345
-4855.15889111346
-4855.22960773035
-4855.55821576196
-4856.04122629434
-4856.64130397957
-4857.11731263163
-4857.39859307262
-4857.53021460354
-4857.58052650907
-4857.5918266034
-4857.5833200433
-4857.56216023043
-4857.53063996503
-4857.49058517671
-4857.44595558888
-4857.40334954612
-4857.3687039359
-4857.34294429428
-4857.31956663629
-4857.28480309198
-4857.21771910253
-4857.09500005038
-4856.93342639408
-4856.70983549
-4856.48346972835
-4856.28425900759
-4856.13396215355
-4856.13900832243
-4856.24134441992
-4856.38859792527
-4856.53179193367
-4856.64777178235
-4856.73580665587
-4856.80495939887
-4856.8661261835
-4856.92841310058
-4856.99730895695
-4857.07454876241
-4857.1598342712
-4857.25282622779
-4857.35453099107
-4857.46739292381
-4857.59290319754
-4857.72782651069
-4857.86085675315
-4857.97413592587
-4858.05340823753
-4858.09776277143
-4858.11785225706
-4858.12218893103
-4858.10128194357
-4858.01568094938
-4857.7926638432
-4857.35813234177
-4856.73481182558
-4856.13577962579
-4855.83747755465
-4855.91110682575
-4856.19472025964
-4856.49771815236
-4856.72995350459
-4856.88745744146
-4856.99774676867
-4857.08699415897
-4857.17164555158
-4857.26097874451
-4857.36118866627
-4857.47681270306
-4857.60675438325
-4857.73674451073
-4857.84397788456
-4857.91651144286
-4857.96052494421
-4857.98746142464
-4858.00449631183
-4858.01313971785
-4858.00932548644
-4857.97856754705
-4857.87102571334
-4857.50599568584
-4856.44640505131
-4854.85466110338
-4854.44023474006
-4855.22977652977
-4855.48492698946
-4855.64607639626
-4856.11685469144
-4856.72049802227
-4857.18857074458
-4857.46869685614
-4857.62428610862
-4857.70901030276
-4857.7505757766
-4857.7606099438
-4857.74342283595
-4857.70153052781
-4857.63811191392
-4857.55300461972
-4857.42292593465
-4857.15951595407
-4856.63728300589
-4856.04307187037
-4855.75136975689
-4855.78260902261
-4855.91337904584
-4856.05567817831
-4856.1492983378
-4856.24474691066
-4856.30682714458
-4856.33927255077
-4856.34525823877
-4856.32317542421
-4856.26196547012
-4856.14443249709
-4855.97178311615
-4855.83099677321
-4855.9216887659
-4856.32352585945
-4856.82081006361
-4857.09086074946
-4857.23669908496
-4857.30640406349
-4857.40710895174
-4857.49147073153
-4857.55563336923
-4857.59846513547
-4857.61981573298
-4857.6177738738
-4857.58491865449
-4857.50126507422
-4857.32059200334
-4856.95829289437
-4856.34426157472
-4855.62811954581
-4855.29718235237
-4855.37799386489
-4855.63749774957
-4856.12625925179
-4856.67418905273
-4857.03277377067
-4857.19577577329
-4857.26283097198
-4857.29064487184
-4857.29857025821
-4857.28611058308
-4857.24054143764
-4857.13806697519
-4856.94100301544
-4856.59677525966
-4856.06179390377
-4855.3931338017
-4854.91591841689
-4855.07869672501
-4855.83896082902
-4856.46289183296
-4856.72405600391
-4856.83230694776
-4856.88755305477
-4856.92227259087
-4856.9390225703
-4856.93074843488
-4856.88728152981
-4856.79956998671
-4856.66220524335
-4856.47219911734
-4856.22363683488
-4855.90575451005
-4855.50927434675
-4855.04123027741
-4854.54455711641
-4854.09910080391
-4853.78510506644
-4853.63728943121
-4853.63840013313
-4853.75378886661
-4853.95907308688
-4854.2127540457
-4854.43604058857
-4854.59116872547
-4854.69823882957
-4854.78213327991
-4854.85453376525
-4854.91880989314
-4854.9778673924
-4855.04518328295
-4855.16039529026
-4855.39576710231
-4855.81530522661
-4856.37513778327
-4856.90308614442
-4857.2695491661
-4857.4835194235
-4857.60160086565
-4857.66214894028
-4857.68414802409
-4857.67726031889
-4857.64707876851
-4857.59905367921
-4857.54458737847
-4857.50592283236
-4857.50505970747
-4857.53566790679
-4857.5835897698
-4857.58247894314
-4857.55262859349
-4857.41223452192
-4856.85396820998
-4855.55895283129
-4854.02900730293
-4853.74291552976
-4854.67543229145
-4855.6299306359
-4856.14928254323
-4856.38575227768
-4856.49921943793
-4856.55777130064
-4856.58496352439
-4856.59126099877
-4856.58724579724
-4856.58370329501
-4856.58298016759
-4856.57564976537
