# Time-averaged data for fix msdoutZ
# TimeStep c_msdO[4]
100 68.8467
200 68.6538
300 68.2949
400 67.7106
500 66.8014
600 65.4531
700 63.6266
800 61.4127
900 58.9776
1000 56.5138
1100 54.2418
1200 52.402
1300 51.2061
1400 50.704
1500 50.7522
1600 51.115
1700 51.6357
1800 52.2553
1900 52.973
2000 53.7801
2100 54.6345
2200 55.4773
2300 56.2541
2400 56.9222
2500 57.4575
2600 57.8557
2700 58.1229
2800 58.2625
2900 58.2677
3000 58.1185
3100 57.7705
3200 57.1472
3300 56.1728
3400 54.8454
3500 53.2934
3600 51.7952
3700 50.7411
3800 50.4562
3900 50.9623
4000 51.9622
4100 53.0585
4200 53.9957
4300 54.6901
4400 55.1501
4500 55.4106
4600 55.5162
4700 55.5089
4800 55.41
4900 55.2215
5000 54.9504
5100 54.6024
5200 54.1326
5300 53.3992
5400 52.3829
5500 51.4088
5600 50.7483
5700 50.4387
5800 50.4098
5900 50.5944
6000 50.9408
6100 51.4152
6200 52.0111
6300 52.7251
6400 53.5227
6500 54.3515
6600 55.1822
6700 56.018
6800 56.8703
6900 57.743
7000 58.6606
7100 59.6703
7200 60.7694
7300 61.866
7400 62.8741
7500 63.7766
7600 64.5518
7700 65.1583
7800 65.6066
7900 65.9512
8000 66.2102
8100 66.3592
8200 66.3929
8300 66.3365
8400 66.1873
8500 65.9076
8600 65.4817
8700 64.9249
8800 64.235
8900 63.3874
9000 62.3799
9100 61.2408
9200 59.9944
9300 58.6616
9400 57.2949
9500 55.9887
9600 54.8535
9700 53.9981
9800 53.5074
9900 53.3923
10000 53.5567
10100 53.849
10200 54.1578
10300 54.4434
10400 54.699
10500 54.921
10600 55.1125
10700 55.2877
10800 55.4575
10900 55.6208
11000 55.7803
11100 55.9542
11200 56.1526
11300 56.3409
11400 56.471
11500 56.5331
11600 56.5226
11700 56.4147
11800 56.2016
11900 55.9214
12000 55.6169
12100 55.3068
12200 55.02
12300 54.8192
12400 54.7375
12500 54.7453
12600 54.7986
12700 54.8876
12800 54.9931
12900 55.0623
13000 55.0626
13100 55.0151
13200 54.9376
13300 54.8163
13400 54.6505
13500 54.4831
13600 54.353
13700 54.2544
13800 54.1768
13900 54.157
14000 54.2172
14100 54.2933
14200 54.336
14300 54.3873
14400 54.4779
14500 54.5902
14600 54.7156
14700 54.8644
14800 55.0288
14900 55.1753
15000 55.273
15100 55.3099
15200 55.2729
15300 55.1361
15400 54.8818
15500 54.5203
15600 54.0819
15700 53.603
15800 53.1416
15900 52.7797
16000 52.5783
16100 52.5425
16200 52.6355
16300 52.8037
16400 52.9817
16500 53.1106
16600 53.1584
16700 53.1118
16800 52.9678
16900 52.7387
17000 52.4477
17100 52.1225
17200 51.7911
17300 51.4772
17400 51.1945
17500 50.9474
17600 50.7324
17700 50.5374
17800 50.3429
17900 50.1239
18000 49.8521
18100 49.4915
18200 49.0127
18300 48.4563
18400 48.0155
18500 47.9822
18600 48.5283
18700 49.5658
18800 50.8131
18900 51.9797
19000 52.9151
19100 53.6189
19200 54.1399
19300 54.4969
19400 54.6889
19500 54.7306
19600 54.6353
19700 54.3814
19800 53.9337
19900 53.2906
20000 52.4672
20100 51.4548
20200 50.2536
20300 48.9451
20400 47.6763
20500 46.6059
20600 45.8864
20700 45.6335
20800 45.8407
20900 46.3527
21000 46.9849
21100 47.6547
21200 48.3441
21300 49.0184
21400 49.6447
21500 50.2328
21600 50.8027
21700 51.3399
21800 51.8191
21900 52.2536
22000 52.6779
22100 53.0864
22200 53.4314
22300 53.6945
22400 53.8885
22500 53.9715
22600 53.8883
22700 53.681
22800 53.4257
22900 53.1331
23000 52.7954
23100 52.4391
23200 52.0852
23300 51.7166
23400 51.3064
23500 50.8494
23600 50.3436
23700 49.7636
23800 49.0634
23900 48.1779
24000 47.0427
24100 45.715
24200 44.5203
24300 43.9275
24400 44.1097
24500 44.8024
24600 45.6324
24700 46.3826
24800 46.9933
24900 47.4711
25000 47.8335
25100 48.0973
25200 48.2793
25300 48.394
25400 48.4498
25500 48.4597
25600 48.4428
25700 48.4205
25800 48.4157
25900 48.4673
26000 48.6213
26100 48.8712
26200 49.1537
26300 49.4225
26400 49.6641
26500 49.8494
26600 49.9361
26700 49.9193
26800 49.8186
26900 49.6286
27000 49.325
27100 48.9157
27200 48.4342
27300 47.8943
27400 47.2987
27500 46.6848
27600 46.1232
27700 45.6663
27800 45.3451
27900 45.2126
28000 45.3204
28100 45.601
28200 45.9056
28300 46.1754
28400 46.4271
28500 46.6502
28600 46.8086
28700 46.8963
28800 46.9326
28900 46.9079
29000 46.7831
29100 46.5444
29200 46.2094
29300 45.7713
29400 45.2058
29500 44.5489
29600 43.9194
29700 43.4361
29800 43.1625
29900 43.1129
30000 43.2378
30100 43.4573
30200 43.7112
30300 43.9734
30400 44.2414
30500 44.5051
30600 44.7401
30700 44.9421
30800 45.143
30900 45.3788
31000 45.6673
31100 46.0478
31200 46.5939
31300 47.3284
31400 48.1851
31500 49.092
31600 50.0143
31700 50.8955
31800 51.6568
31900 52.2683
32000 52.7479
32100 53.0957
32200 53.2927
32300 53.3394
32400 53.2526
32500 53.0315
32600 52.6582
32700 52.116
32800 51.3898
32900 50.4713
33000 49.4013
33100 48.2869
33200 47.2663
33300 46.4459
33400 45.8542
33500 45.4518
33600 45.1823
33700 45.0017
33800 44.8775
33900 44.7943
34000 44.7621
34100 44.8005
34200 44.9227
34300 45.1447
34400 45.5033
34500 46.0441
34600 46.7789
34700 47.6397
34800 48.5018
34900 49.2364
35000 49.7592
35100 50.0725
35200 50.2353
35300 50.2797
35400 50.1933
35500 49.9748
35600 49.657
35700 49.2581
35800 48.7593
35900 48.1534
36000 47.4707
36100 46.733
36200 45.9272
36300 45.0549
36400 44.1648
36500 43.3086
36600 42.5232
36700 41.8798
36800 41.495
36900 41.433
37000 41.659
37100 42.0914
37200 42.6527
37300 43.2663
37400 43.8635
37500 44.4111
37600 44.9154
37700 45.3905
37800 45.8478
37900 46.3131
38000 46.8323
38100 47.4358
38200 48.1128
38300 48.823
38400 49.5005
38500 50.0737
38600 50.5042
38700 50.7856
38800 50.9269
38900 50.9401
39000 50.8305
39100 50.5927
39200 50.2188
39300 49.7002
39400 49.0227
39500 48.1747
39600 47.1671
39700 46.0275
39800 44.7817
39900 43.4794
40000 42.2393
40100 41.2269
40200 40.5695
40300 40.31
40400 40.4133
40500 40.7924
40600 41.3704
40700 42.1427
40800 43.1604
40900 44.4423
41000 45.9263
41100 47.5005
41200 49.065
41300 50.5313
41400 51.8123
41500 52.8658
41600 53.7168
41700 54.4014
41800 54.9286
41900 55.3066
42000 55.5682
42100 55.7385
42200 55.8049
42300 55.7366
42400 55.5163
42500 55.1223
42600 54.5122
42700 53.6885
42800 52.7511
42900 51.8039
43000 50.881
43100 49.9808
43200 49.1031
43300 48.2303
43400 47.3222
43500 46.3465
43600 45.3049
43700 44.2136
43800 43.0841
43900 41.9431
44000 40.8557
44100 39.8891
44200 39.074
44300 38.4169
44400 37.9331
44500 37.6539
44600 37.6247
44700 37.8818
44800 38.4062
44900 39.1091
45000 39.8709
45100 40.5885
45200 41.2079
45300 41.7107
45400 42.0839
45500 42.3148
45600 42.4144
45700 42.3997
45800 42.2561
45900 41.9495
46000 41.4762
46100 40.8546
46200 40.0786
46300 39.1558
46400 38.1993
46500 37.3522
46600 36.6575
46700 36.1076
46800 35.7187
46900 35.4826
47000 35.353
47100 35.3012
47200 35.3408
47300 35.489
47400 35.7312
47500 36.0394
47600 36.4101
47700 36.8445
47800 37.3072
47900 37.7444
48000 38.1402
48100 38.5002
48200 38.796
48300 38.9868
48400 39.0772
48500 39.0869
48600 38.9957
48700 38.7742
48800 38.4376
48900 38.013
49000 37.5038
49100 36.9222
49200 36.3152
49300 35.7398
49400 35.244
49500 34.858
49600 34.5842
49700 34.4081
49800 34.3141
49900 34.2912
50000 34.336
50100 34.4483
50200 34.6247
50300 34.8611
50400 35.1675
50500 35.5696
50600 36.0758
50700 36.649
50800 37.2443
50900 37.8388
51000 38.3891
51100 38.838
51200 39.1837
51300 39.4582
51400 39.6492
51500 39.7203
51600 39.686
51700 39.5843
51800 39.4063
51900 39.1211
52000 38.7453
52100 38.3211
52200 37.8575
52300 37.352
52400 36.8609
52500 36.4858
52600 36.3141
52700 36.4055
52800 36.8102
52900 37.5387
53000 38.4908
53100 39.4993
53200 40.4595
53300 41.3253
53400 42.0438
53500 42.5917
53600 43.0002
53700 43.307
53800 43.5174
53900 43.6203
54000 43.6154
54100 43.5041
54200 43.2625
54300 42.8459
54400 42.1979
54500 41.2632
54600 40.0984
54700 39.0686
54800 38.6829
54900 39.1022
55000 40.0844
55100 41.2114
55200 42.2536
55300 43.1754
55400 43.969
55500 44.6182
55600 45.1542
55700 45.6427
55800 46.1055
55900 46.5246
56000 46.9163
56100 47.3238
56200 47.7366
56300 48.0927
56400 48.37
56500 48.5842
56600 48.6845
56700 48.5837
56800 48.3014
56900 47.9217
57000 47.4864
57100 47.0264
57200 46.5801
57300 46.1552
57400 45.7323
57500 45.2922
57600 44.8281
57700 44.34
57800 43.8254
57900 43.2815
58000 42.7094
58100 42.114
58200 41.5089
58300 40.924
58400 40.4292
58500 40.1452
58600 40.1929
58700 40.6107
58800 41.3303
58900 42.2153
59000 43.1225
59100 43.9523
59200 44.6574
59300 45.2236
59400 45.6504
59500 45.9418
59600 46.1092
59700 46.1684
59800 46.1373
59900 46.0357
60000 45.8835
60100 45.6934
60200 45.4661
60300 45.1946
60400 44.872
60500 44.4911
60600 44.033
60700 43.4599
60800 42.7213
60900 41.7801
61000 40.6677
61100 39.5849
61200 38.9896
61300 39.392
61400 40.8219
61500 42.7603
61600 44.6338
61700 46.1131
61800 47.1047
61900 47.6833
62000 47.9862
62100 48.1076
62200 48.076
62300 47.8849
62400 47.5252
62500 46.9891
62600 46.2535
62700 45.284
62800 44.0787
62900 42.7221
63000 41.4131
63100 40.4536
63200 40.1172
63300 40.4389
63400 41.1808
63500 42.102
63600 43.1718
63700 44.4323
63800 45.8129
63900 47.1754
64000 48.4349
64100 49.5742
64200 50.5871
64300 51.464
64400 52.2221
64500 52.9115
64600 53.611
64700 54.4832
64800 55.7322
64900 57.3861
65000 59.3294
65100 61.4144
65200 63.5489
65300 65.7161
65400 67.8623
65500 69.8752
65600 71.7064
65700 73.3995
65800 74.9751
65900 76.4032
66000 77.6986
66100 78.942
66200 80.1862
66300 81.4319
66400 82.7195
66500 84.1774
66600 85.9446
66700 88.1056
66800 90.7193
66900 93.7978
67000 97.1348
67100 100.316
67200 103.02
67300 105.184
67400 106.893
67500 108.27
67600 109.449
67700 110.559
67800 111.677
67900 112.825
68000 114.02
68100 115.313
68200 116.749
68300 118.344
68400 120.122
68500 122.136
68600 124.423
68700 126.963
68800 129.708
68900 132.603
69000 135.549
69100 138.408
69200 141.031
69300 143.262
69400 144.972
69500 146.185
69600 147.067
69700 147.78
69800 148.418
69900 149.035
70000 149.667
70100 150.349
70200 151.119
70300 152.026
70400 153.129
70500 154.487
70600 156.133
70700 158.067
70800 160.264
70900 162.691
71000 165.314
71100 168.102
71200 171.022
71300 174.026
71400 177.063
71500 180.079
71600 183.017
71700 185.822
71800 188.444
71900 190.828
72000 192.917
72100 194.687
72200 196.157
72300 197.376
72400 198.402
72500 199.298
72600 200.119
72700 200.907
72800 201.696
72900 202.543
73000 203.549
73100 204.883
73200 206.78
73300 209.401
73400 212.7
73500 216.479
73600 220.499
73700 224.561
73800 228.518
73900 232.233
74000 235.589
74100 238.574
74200 241.252
74300 243.669
74400 245.84
74500 247.824
74600 249.707
74700 251.537
74800 253.33
74900 255.165
75000 257.218
75100 259.718
75200 262.932
75300 267.122
75400 272.361
75500 278.27
75600 284.107
75700 289.267
75800 293.57
75900 297.092
76000 299.997
76100 302.502
76200 304.824
76300 307.088
76400 309.333
76500 311.62
76600 314.067
76700 316.758
76800 319.717
76900 322.993
77000 326.686
77100 330.823
77200 335.299
77300 339.975
77400 344.737
77500 349.391
77600 353.591
77700 356.842
77800 358.942
77900 360.325
78000 361.386
78100 362.304
78200 363.176
78300 364.065
78400 365.01
78500 366.068
78600 367.346
78700 368.978
78800 371.087
78900 373.77
79000 377.095
79100 381.057
79200 385.56
79300 390.462
79400 395.603
79500 400.779
79600 405.769
79700 410.403
79800 414.584
79900 418.272
80000 421.47
80100 424.214
80200 426.557
80300 428.548
80400 430.233
80500 431.649
80600 432.833
80700 433.819
80800 434.643
80900 435.34
81000 435.941
81100 436.473
81200 436.959
81300 437.422
81400 437.887
81500 438.388
81600 438.99
81700 439.799
81800 440.95
81900 442.535
82000 444.575
82100 447.078
82200 450.08
82300 453.641
82400 457.83
82500 462.687
82600 468.18
82700 474.162
82800 480.371
82900 486.467
83000 492.124
83100 497.123
83200 501.385
83300 504.953
83400 507.955
83500 510.539
83600 512.829
83700 514.919
83800 516.897
83900 518.85
84000 520.883
84100 523.192
84200 526.192
84300 530.524
84400 536.604
84500 544.159
84600 552.406
84700 560.456
84800 567.607
84900 573.56
85000 578.444
85100 582.568
85200 586.186
85300 589.455
85400 592.53
85500 595.571
85600 598.689
85700 601.968
85800 605.577
85900 609.841
86000 615.243
86100 622.388
86200 631.638
86300 642.316
86400 652.602
86500 660.874
86600 666.96
86700 671.71
86800 675.883
86900 679.823
87000 683.693
87100 687.648
87200 691.788
87300 696.159
87400 700.852
87500 706.031
87600 711.807
87700 718.181
87800 725.103
87900 732.459
88000 739.954
88100 747.129
88200 753.558
88300 758.991
88400 763.375
88500 766.84
88600 769.635
88700 772.018
88800 774.171
88900 776.209
89000 778.237
89100 780.381
89200 782.813
89300 785.83
89400 790.023
89500 796.176
89600 804.33
89700 813.492
89800 822.637
89900 831.15
90000 838.734
90100 845.337
90200 851.067
90300 856.097
90400 860.602
90500 864.74
90600 868.646
90700 872.445
90800 876.259
90900 880.241
91000 884.608
91100 889.714
91200 896.121
91300 904.5
91400 915.082
91500 927.011
91600 938.577
91700 948.328
91800 955.903
91900 961.85
92000 966.891
92100 971.518
92200 975.999
92300 980.498
92400 985.141
92500 990.03
92600 995.258
92700 1000.96
92800 1007.27
92900 1014.29
93000 1022.07
93100 1030.58
93200 1039.69
93300 1049.01
93400 1057.92
93500 1065.76
93600 1072.03
93700 1076.76
93800 1080.33
93900 1083.22
94000 1085.77
94100 1088.18
94200 1090.54
94300 1092.99
94400 1095.72
94500 1098.92
94600 1102.84
94700 1107.84
94800 1114.24
94900 1121.93
95000 1130.44
95100 1139.25
95200 1148.05
95300 1156.56
95400 1164.54
95500 1171.95
95600 1178.85
95700 1185.27
95800 1191.22
95900 1196.78
96000 1202.11
96100 1207.26
96200 1212.29
96300 1217.32
96400 1222.57
96500 1228.37
96600 1235.1
96700 1243.28
96800 1253.32
96900 1265.04
97000 1277.45
97100 1289.21
97200 1299.28
97300 1307.34
97400 1313.71
97500 1318.93
97600 1323.49
97700 1327.72
97800 1331.83
97900 1335.97
98000 1340.33
98100 1345.06
98200 1350.35
98300 1356.39
98400 1363.4
98500 1371.51
98600 1380.67
98700 1390.59
98800 1400.82
98900 1410.87
99000 1420.45
99100 1429.54
99200 1438.24
99300 1446.63
99400 1454.74
99500 1462.58
99600 1470.15
99700 1477.48
99800 1484.6
99900 1491.55
100000 1498.39
100100 1505.2
100200 1512.07
100300 1519.11
100400 1526.46
100500 1534.32
100600 1542.92
100700 1552.47
100800 1563.11
100900 1574.74
101000 1586.87
101100 1598.64
101200 1609.2
101300 1618.02
101400 1625.09
101500 1630.74
101600 1635.43
101700 1639.56
101800 1643.36
101900 1647.02
102000 1650.75
102100 1654.75
102200 1659.3
102300 1664.88
102400 1672.38
102500 1682.83
102600 1696.23
102700 1710.99
102800 1725.35
102900 1738.39
103000 1749.85
103100 1759.84
103200 1768.65
103300 1776.59
103400 1783.85
103500 1790.58
103600 1796.99
103700 1803.27
103800 1809.56
103900 1815.99
104000 1822.84
104100 1830.55
104200 1839.7
104300 1851.08
104400 1865.33
104500 1882.01
104600 1899.04
104700 1913.75
104800 1924.9
104900 1933.08
105000 1939.52
105100 1945.12
105200 1950.38
105300 1955.62
105400 1961.01
105500 1966.71
105600 1972.91
105700 1979.86
105800 1987.81
105900 1996.95
106000 2007.46
106100 2019.3
106200 2032.14
106300 2045.31
106400 2057.96
106500 2069.12
106600 2077.87
106700 2083.99
106800 2088.25
106900 2091.55
107000 2094.46
107100 2097.24
107200 2100.06
107300 2103.07
107400 2106.43
107500 2110.33
107600 2115.01
107700 2120.74
107800 2127.72
107900 2136.01
108000 2145.5
108100 2155.92
108200 2166.95
108300 2178.27
108400 2189.56
108500 2200.55
108600 2211.07
108700 2220.98
108800 2230.24
108900 2238.84
109000 2246.77
109100 2254
109200 2260.44
109300 2265.96
109400 2270.5
109500 2274.15
109600 2277.11
109700 2279.63
109800 2281.86
109900 2283.96
110000 2286.03
110100 2288.22
110200 2290.71
110300 2293.81
110400 2298.02
110500 2303.86
110600 2311.44
110700 2320.49
110800 2330.65
110900 2341.64
111000 2353.2
111100 2365.04
111200 2376.84
111300 2388.3
111400 2399.19
111500 2409.3
111600 2418.5
111700 2426.8
111800 2434.24
111900 2440.87
112000 2446.77
112100 2452.06
112200 2456.86
112300 2461.28
112400 2465.41
112500 2469.43
112600 2473.56
112700 2478.04
112800 2483.3
112900 2489.99
113000 2498.87
113100 2510.41
113200 2524.34
113300 2539.82
113400 2555.66
113500 2570.63
113600 2583.91
113700 2595.32
113800 2605.1
113900 2613.57
114000 2621.08
114100 2628
114200 2634.65
114300 2641.24
114400 2647.95
114500 2655.11
114600 2663.27
114700 2673.62
114800 2688.71
114900 2710.82
115000 2736.75
115100 2760.01
115200 2777.92
115300 2791.78
115400 2803.34
115500 2813.52
115600 2822.77
115700 2831.42
115800 2839.71
115900 2847.83
116000 2855.94
116100 2864.28
116200 2873.09
116300 2882.7
116400 2893.48
116500 2905.88
116600 2920.26
116700 2936.67
116800 2954.43
116900 2972.14
117000 2988.01
117100 3000.72
117200 3010.22
117300 3017.42
117400 3023.33
117500 3028.63
117600 3033.75
117700 3038.96
117800 3044.51
117900 3050.65
118000 3057.65
118100 3065.84
118200 3075.53
118300 3086.95
118400 3100.08
118500 3114.57
118600 3129.82
118700 3145.24
118800 3160.37
118900 3175
119000 3189.07
119100 3202.64
119200 3215.77
119300 3228.54
119400 3241.04
119500 3253.35
119600 3265.52
119700 3277.6
119800 3289.63
119900 3301.62
120000 3313.5
120100 3325.1
120200 3336.08
120300 3346.02
120400 3354.61
120500 3361.96
120600 3368.45
120700 3374.51
120800 3380.49
120900 3386.68
121000 3393.38
121100 3400.91
121200 3409.68
121300 3420.36
121400 3433.94
121500 3451.62
121600 3474.02
121700 3499.63
121800 3524.48
121900 3544.58
122000 3559.37
122100 3571.19
122200 3582.23
122300 3593.56
122400 3605.65
122500 3618.68
122600 3632.61
122700 3647.21
122800 3661.96
122900 3676.2
123000 3689.2
123100 3700.43
123200 3709.61
123300 3716.78
123400 3722.16
123500 3726.14
123600 3729.21
123700 3731.85
123800 3734.39
123900 3736.92
124000 3739.33
124100 3741.43
124200 3743.08
124300 3744.3
124400 3745.19
124500 3745.87
124600 3746.45
124700 3746.99
124800 3747.49
124900 3747.89
125000 3748
125100 3747.48
125200 3745.66
125300 3741.57
125400 3734.81
125500 3726.61
125600 3718.96
125700 3712.86
125800 3708.34
125900 3705.23
126000 3703.4
126100 3702.81
126200 3703.42
126300 3705.18
126400 3708
126500 3711.71
126600 3716.04
126700 3720.59
126800 3724.86
126900 3728.37
127000 3730.74
127100 3731.82
127200 3731.65
127300 3730.39
127400 3728.3
127500 3725.65
127600 3722.73
127700 3719.79
127800 3717.03
127900 3714.62
128000 3712.65
128100 3711.18
128200 3710.23
128300 3709.83
128400 3710.03
128500 3710.82
128600 3711.96
128700 3712.63
128800 3711.6
128900 3707.8
129000 3701.88
129100 3695.22
129200 3689.12
129300 3684.37
129400 3681.18
129500 3679.46
129600 3679.06
129700 3679.85
129800 3681.74
129900 3684.65
130000 3688.5
130100 3693.15
130200 3698.54
130300 3704.62
130400 3711.12
130500 3716.97
130600 3720.53
130700 3720.03
130800 3714.75
130900 3706.27
131000 3697.36
131100 3689.68
131200 3683.56
131300 3678.89
131400 3675.54
131500 3673.43
131600 3672.53
131700 3672.89
131800 3674.56
131900 3677.64
132000 3682.11
132100 3687.67
132200 3693.36
132300 3697.53
132400 3698.13
132500 3693.78
132600 3685.11
132700 3674.66
132800 3665.34
132900 3658.84
133000 3654.78
133100 3652.34
133200 3651.12
133300 3651.04
133400 3652.1
133500 3654.36
133600 3657.92
133700 3662.89
133800 3669.27
133900 3676.78
134000 3684.61
134100 3691.52
134200 3696.23
134300 3697.71
134400 3695.21
134500 3689.4
134600 3682.08
134700 3674.77
134800 3668.58
134900 3664.02
135000 3661.25
135100 3660.22
135200 3660.84
135300 3662.94
135400 3666.23
135500 3670.31
135600 3674.91
135700 3679.84
135800 3684.97
135900 3690.1
136000 3694.97
136100 3699.26
136200 3702.64
136300 3704.79
136400 3705.38
136500 3704.09
136600 3700.81
136700 3695.94
136800 3690.39
136900 3685.16
137000 3680.9
137100 3677.87
137200 3676
137300 3675.12
137400 3675.01
137500 3675.52
137600 3676.48
137700 3677.76
137800 3679.26
137900 3680.86
138000 3682.5
138100 3684.23
138200 3686.21
138300 3688.4
138400 3689.98
138500 3689.77
138600 3687.58
138700 3683.81
138800 3678.84
138900 3673.15
139000 3667.34
139100 3661.99
139200 3657.52
139300 3654.2
139400 3652.24
139500 3651.79
139600 3653.03
139700 3656.2
139800 3661.46
139900 3668.68
140000 3676.99
140100 3684.65
140200 3689.79
140300 3691.51
140400 3690.12
140500 3686.57
140600 3681.73
140700 3676.3
140800 3670.79
140900 3665.63
141000 3661.15
141100 3657.61
141200 3655.21
141300 3654.17
141400 3654.71
141500 3657.08
141600 3661.43
141700 3667.7
141800 3675.63
141900 3684.71
142000 3694.14
142100 3702.88
142200 3709.79
142300 3713.67
142400 3713.58
142500 3709.76
142600 3703.45
142700 3695.85
142800 3688.02
142900 3680.73
143000 3674.47
143100 3669.47
143200 3665.81
143300 3663.59
143400 3662.97
143500 3664.25
143600 3667.75
143700 3673.61
143800 3681.54
143900 3690.86
144000 3700.65
144100 3710.13
144200 3718.95
144300 3727.19
144400 3735.16
144500 3743.2
144600 3751.51
144700 3760.04
144800 3768.53
144900 3776.42
145000 3783.06
145100 3787.87
145200 3790.56
145300 3791.24
145400 3790.35
145500 3788.24
145600 3785.02
145700 3780.75
145800 3775.45
145900 3769.36
146000 3762.79
146100 3756.34
146200 3750.77
146300 3746.78
146400 3744.68
146500 3744.15
146600 3744.74
146700 3746.25
146800 3748.64
146900 3751.93
147000 3756.13
147100 3761.14
147200 3766.69
147300 3772.35
147400 3777.62
147500 3782.08
147600 3785.28
147700 3786.53
147800 3784.51
147900 3777.29
148000 3763.42
148100 3742.74
148200 3717.92
148300 3694.17
148400 3675.31
148500 3661.67
148600 3652.02
148700 3645.29
148800 3640.9
148900 3638.59
149000 3638.35
149100 3640.36
149200 3644.91
149300 3652.22
149400 3662.1
149500 3673.41
149600 3683.99
149700 3691.5
149800 3694.6
149900 3693.29
150000 3688.6
150100 3681.53
150200 3673.07
150300 3664.14
150400 3655.59
150500 3648.03
150600 3641.9
150700 3637.43
150800 3634.79
150900 3634.19
151000 3635.96
151100 3640.64
151200 3648.87
151300 3661.13
151400 3677.18
151500 3695.58
151600 3713.59
151700 3727.84
151800 3735.82
151900 3737.12
152000 3732.92
152100 3724.96
152200 3715.25
152300 3705.83
152400 3698.19
152500 3693.01
152600 3690.29
152700 3689.59
152800 3690.5
152900 3692.78
153000 3696.35
153100 3701.22
153200 3707.39
153300 3714.8
153400 3723.17
153500 3731.88
153600 3739.88
153700 3745.98
153800 3748.99
153900 3747.14
154000 3738.49
154100 3722.61
154200 3702.65
154300 3683.71
154400 3668.91
154500 3658.2
154600 3650.47
154700 3644.95
154800 3641.26
154900 3639.24
155000 3638.89
155100 3640.29
155200 3643.59
155300 3648.96
155400 3656.3
155500 3665.02
155600 3673.96
155700 3681.92
155800 3688.12
155900 3692.22
156000 3694.2
156100 3694.24
156200 3692.79
156300 3690.58
156400 3688.11
156500 3685.55
156600 3683.03
156700 3680.78
156800 3679.07
156900 3678.16
157000 3678.31
157100 3679.84
157200 3683.13
157300 3688.6
157400 3696.62
157500 3707.16
157600 3719.5
157700 3732.23
157800 3743.6
157900 3752.32
158000 3757.9
158100 3760.38
158200 3760.14
158300 3757.83
158400 3754.21
158500 3749.88
158600 3745.09
158700 3739.74
158800 3733.41
158900 3725.77
159000 3717.01
159100 3707.96
159200 3699.64
159300 3692.81
159400 3687.74
159500 3684.3
159600 3682.24
159700 3681.32
159800 3681.42
159900 3682.47
160000 3684.5
160100 3687.6
160200 3691.89
160300 3697.53
160400 3704.69
160500 3713.21
160600 3722.24
160700 3730.31
160800 3736.18
160900 3739.46
161000 3740.25
161100 3738.67
161200 3734.79
161300 3728.72
161400 3720.72
161500 3711.13
161600 3700.35
161700 3688.74
161800 3676.55
161900 3664.03
162000 3651.48
162100 3639.41
162200 3628.58
162300 3619.87
162400 3613.94
162500 3610.86
162600 3610.03
162700 3610.72
162800 3612.44
162900 3614.96
163000 3618.07
163100 3621.59
163200 3625.35
163300 3629.14
163400 3632.81
163500 3636.25
163600 3639.33
163700 3641.98
163800 3644.17
163900 3645.95
164000 3647.49
164100 3648.97
164200 3650.55
164300 3652.43
164400 3654.83
164500 3658.02
164600 3662.24
164700 3667.64
164800 3674.25
164900 3682.05
165000 3690.94
165100 3700.75
165200 3711.18
165300 3721.75
165400 3731.92
165500 3741.13
165600 3749.05
165700 3755.54
165800 3760.65
165900 3764.48
166000 3767.22
166100 3769.05
166200 3770.22
166300 3770.97
166400 3771.53
166500 3772.1
166600 3772.89
166700 3774.03
166800 3775.42
166900 3776.77
167000 3777.92
167100 3778.94
167200 3780
167300 3781.25
167400 3782.81
167500 3784.74
167600 3786.99
167700 3789.4
167800 3791.64
167900 3793.24
168000 3793.63
168100 3792.22
168200 3788.63
168300 3782.98
168400 3775.85
168500 3768.06
168600 3760.36
168700 3753.32
168800 3747.29
168900 3742.34
169000 3738.32
169100 3735.09
169200 3732.51
169300 3730.53
169400 3729.09
169500 3728.1
169600 3727.43
169700 3726.81
169800 3725.7
169900 3723.09
170000 3717.36
170100 3707.81
170200 3695.8
170300 3683.64
170400 3672.78
170500 3663.76
170600 3656.42
170700 3650.37
170800 3645.18
170900 3640.55
171000 3636.27
171100 3632.23
171200 3628.41
171300 3624.81
171400 3621.45
171500 3618.38
171600 3615.65
171700 3613.25
171800 3610.98
171900 3608.6
172000 3605.83
172100 3602.37
172200 3598.06
172300 3593.17
172400 3588.44
172500 3584.77
172600 3582.8
172700 3582.85
172800 3584.96
172900 3589.02
173000 3594.74
173100 3601.61
173200 3608.92
173300 3615.82
173400 3621.74
173500 3626.53
173600 3630.32
173700 3632.95
173800 3633.78
173900 3632.03
174000 3627.93
174100 3622.84
174200 3618.16
174300 3614.49
174400 3612.08
174500 3611.17
174600 3611.97
174700 3614.7
174800 3619.63
174900 3627.09
175000 3637.41
175100 3650.75
175200 3666.77
175300 3684.1
175400 3700.31
175500 3712.77
175600 3720.32
175700 3723.73
175800 3724.36
175900 3723.36
176000 3721.6
176100 3719.7
176200 3718.07
176300 3716.98
176400 3716.61
176500 3717.12
176600 3718.67
176700 3721.46
176800 3725.68
176900 3731.36
177000 3738.05
177100 3744.86
177200 3750.97
177300 3755.96
177400 3759.67
177500 3762.02
177600 3763
177700 3762.59
177800 3760.79
177900 3757.73
178000 3753.82
178100 3749.63
178200 3745.71
178300 3742.45
178400 3740.04
178500 3738.54
178600 3737.88
178700 3737.89
178800 3738.25
178900 3738.57
179000 3738.39
179100 3737.3
179200 3734.92
179300 3730.82
179400 3724.46
179500 3715.41
179600 3703.66
179700 3689.77
179800 3674.97
179900 3660.89
180000 3648.99
180100 3640.03
180200 3633.99
180300 3630.5
180400 3629.13
180500 3629.59
180600 3631.71
180700 3635.41
180800 3640.72
180900 3647.71
181000 3656.6
181100 3667.75
181200 3681.09
181300 3694.55
181400 3702.83
181500 3701
181600 3687.78
181700 3667.65
181800 3648.69
181900 3635.32
182000 3627.19
182100 3622.58
182200 3620.4
182300 3620.17
182400 3621.7
182500 3624.88
182600 3629.64
182700 3635.82
182800 3643.02
182900 3650.07
183000 3655.66
183100 3658.97
183200 3660.32
183300 3661
183400 3661.46
183500 3661.69
183600 3661.68
183700 3661.38
183800 3660.73
183900 3659.74
184000 3658.55
184100 3657.55
184200 3657.38
184300 3658.61
184400 3661.54
184500 3666.2
184600 3672.39
184700 3679.68
184800 3687.46
184900 3695.08
185000 3702.05
185100 3708.09
185200 3713.19
185300 3717.52
185400 3721.36
185500 3725
185600 3728.66
185700 3732.18
185800 3734.82
185900 3735.85
186000 3734.94
186100 3732.38
186200 3728.79
186300 3724.83
186400 3721.11
186500 3718.06
186600 3715.93
186700 3714.88
186800 3714.98
186900 3716.33
187000 3719.03
187100 3723.17
187200 3728.68
187300 3734.76
187400 3739.71
187500 3741.79
187600 3740.5
187700 3735.14
187800 3724.83
187900 3711
188000 3696.66
188100 3684.02
188200 3673.86
188300 3666.07
188400 3660.26
188500 3656.18
188600 3653.66
188700 3652.7
188800 3653.38
188900 3656.02
189000 3661.18
189100 3669.63
189200 3681.34
189300 3693.99
189400 3703.72
189500 3707.47
189600 3703.8
189700 3695.21
189800 3683.58
189900 3670.09
190000 3656.77
190100 3645.02
190200 3635.4
190300 3628
190400 3622.71
190500 3619.36
190600 3617.88
190700 3618.31
190800 3620.88
190900 3626.13
191000 3634.68
191100 3646.62
191200 3660.85
191300 3675.47
191400 3688.91
191500 3700.4
191600 3709.68
191700 3716.53
191800 3720.73
191900 3721.8
192000 3719.65
192100 3715.18
192200 3709.8
192300 3704.62
192400 3700.38
192500 3697.44
192600 3695.91
192700 3695.83
192800 3697.31
192900 3700.73
193000 3706.63
193100 3714.7
193200 3723.13
193300 3730.06
193400 3735.11
193500 3739
193600 3742.47
193700 3745.95
193800 3749.54
193900 3753.07
194000 3756.08
194100 3758
194200 3758.23
194300 3756.27
194400 3751.75
194500 3744.59
194600 3735.04
194700 3723.61
194800 3711.12
194900 3698.76
195000 3687.86
195100 3679.38
195200 3673.34
195300 3669.06
195400 3665.91
195500 3663.59
195600 3661.97
195700 3661.04
195800 3660.85
195900 3661.52
196000 3663.18
196100 3665.87
196200 3669.34
196300 3672.89
196400 3675.98
196500 3678.92
196600 3679.36
196700 3673.26
196800 3664.41
196900 3654.72
197000 3643.94
197100 3633.1
197200 3623.16
197300 3614.5
197400 3607.19
197500 3601.26
197600 3596.76
197700 3593.8
197800 3592.52
197900 3593.14
198000 3595.93
198100 3601.25
198200 3609.51
198300 3621.01
198400 3635.55
198500 3651.81
198600 3667.09
198700 3678.65
198800 3685.81
198900 3689.57
199000 3690.89
199100 3690.45
199200 3688.79
199300 3686.37
199400 3683.65
199500 3680.97
199600 3678.66
199700 3677.03
199800 3676.43
199900 3677.27
200000 3679.86
