# Fix print output for fix totenergy
-13596.6756865817
-13596.6675894879
-13596.6470536616
-13596.5852796453
-13596.4440972768
-13596.1700459971
-13595.841752331
-13595.5883844163
-13595.5177405819
-13595.6478776276
-13595.897149616
-13596.1530825693
-13596.2668025296
-13596.3453827775
-13596.4161679756
-13596.5783307841
-13596.7728061725
-13596.9455290888
-13597.0637722156
-13597.1478813444
-13597.2140015677
-13597.2757615091
-13597.3286195527
-13597.3724039613
-13597.4016891591
-13597.4192234081
-13597.4251776851
-13597.4205392864
-13597.4015130664
-13597.3487531379
-13597.2249383118
-13596.9499839928
-13596.5030725508
-13595.9905460371
-13595.6738603238
-13595.6665384278
-13595.8153391487
-13595.8948764161
-13595.9498253236
-13596.1641277164
-13596.5504700183
-13596.9933987911
-13597.3369763858
-13597.5520806863
-13597.6649149572
-13597.7227832718
-13597.7480613131
-13597.7554051646
-13597.748211745
-13597.7212809081
-13597.6509004488
-13597.4022984634
-13596.6241981126
-13595.5700766838
-13595.1532416666
-13595.3427295375
-13595.8861079261
-13596.5253766092
-13597.0238681055
-13597.3309457975
-13597.4889533121
-13597.5736353498
-13597.6179318005
-13597.6377457933
-13597.6322747057
-13597.5965002299
-13597.5228702755
-13597.3887972076
-13597.1696588799
-13596.8147608177
-13596.3385567862
-13595.82925514
-13595.4821393674
-13595.3948372747
-13595.5345648027
-13595.7830261307
-13596.0239999209
-13596.218211394
-13596.3474760899
-13596.4273691262
-13596.4648265467
-13596.4724578767
-13596.456730064
-13596.4237461123
-13596.3815687658
-13596.3338897365
-13596.2872304414
-13596.2440122032
-13596.2113012606
-13596.1965156173
-13596.2116469175
-13596.2709729567
-13596.3810718036
-13596.5439151722
-13596.7318750627
-13596.9110046383
-13597.0412089948
-13597.1349878473
-13597.2268346605
-13597.3599742232
-13597.5135543425
-13597.6454121808
-13597.7277891708
-13597.7725519695
-13597.7924870025
-13597.7990851085
-13597.79726886
-13597.7884915749
-13597.7705728102
-13597.7300319039
-13597.6418960507
-13597.476967814
-13597.2886490365
-13597.1314758358
-13597.0029908229
-13596.8833341786
-13596.7713954014
-13596.6732161645
-13596.6043593028
-13596.5779359556
-13596.5989069982
-13596.6616722367
-13596.7511077421
-13596.856034122
-13596.9653698191
-13597.0765887636
-13597.1832076556
-13597.2831371076
-13597.3697130913
-13597.4413336666
-13597.4935591179
-13597.5256018896
-13597.5345612253
-13597.5172851001
-13597.4652226109
-13597.3562846776
-13597.1452455305
-13596.7545608437
-13596.1694491892
-13595.5785226131
-13595.3218316797
-13595.5301966464
-13595.9986029794
-13596.4518538087
-13596.7649791413
-13596.9538188294
-13597.0585670945
-13597.1119887705
-13597.1293203655
-13597.1183365227
-13597.0808281511
-13597.0175528699
-13596.9307242013
-13596.8283631583
-13596.7264901416
-13596.6458226063
-13596.595263492
-13596.5666876517
-13596.544609383
-13596.5197485355
-13596.4878734103
-13596.4541263708
-13596.4320348596
-13596.440546985
-13596.4891108302
-13596.577161258
-13596.6955195443
-13596.8330594564
-13596.978056164
-13597.1191475363
-13597.2436833739
-13597.3413987432
-13597.4106034332
-13597.456114731
-13597.4857234041
-13597.5044738135
-13597.5131552852
-13597.5061034073
-13597.4658871353
-13597.3532796863
-13597.0874290029
-13596.5819972891
-13595.9018137628
-13595.347449366
-13595.0648386042
-13595.0048485854
-13595.2070548425
-13595.6860289698
-13596.2362368512
-13596.6469447854
-13596.8848397844
-13596.99956844
-13597.0447288692
-13597.0505428642
-13597.03165433
-13596.9943375825
-13596.9376659124
-13596.8610304028
-13596.7603552681
-13596.6413624769
-13596.5168741174
-13596.4191036484
-13596.3806691384
-13596.4122055925
-13596.477147572
-13596.5290101267
-13596.5619463365
-13596.5921514625
-13596.6500740727
-13596.767259802
-13596.9271032705
-13597.0726305623
-13597.1776331568
-13597.2416299803
-13597.276120121
-13597.2866877266
-13597.275594427
-13597.2403570464
-13597.1672516054
-13597.0361618961
-13596.8026850554
-13596.4497693316
-13596.0011055557
-13595.5967615766
-13595.3781101337
-13595.4192587198
-13595.6663810886
-13595.9911020826
-13596.2967176072
-13596.5303185513
-13596.6987423874
-13596.8097896196
-13596.8831401842
-13596.9261565267
-13596.9457747346
-13596.9393883603
-13596.8866276194
-13596.7149287368
-13596.2506801661
-13595.3943823715
-13594.519439229
-13594.361782765
-13594.7419633419
-13595.2717018005
-13595.9766465806
-13596.6222973973
-13597.0587900471
-13597.2966132005
-13597.4189589773
-13597.4755560462
-13597.4957074062
-13597.4899680627
-13597.4597066201
-13597.3995980121
-13597.2854044401
-13597.081213253
-13596.7197213786
-13596.2148132793
-13595.7185897478
-13595.4860010391
-13595.5731069956
-13595.846568067
-13596.1613846332
-13596.4305302611
-13596.6419484817
-13596.7948373403
-13596.9063528329
-13596.9822793064
-13597.0328140078
-13597.0606744382
-13597.0690893449
-13597.0571004107
-13597.0193417529
-13596.9437055671
-13596.7927445767
-13596.5032753559
-13595.9638946342
-13595.1795424877
-13594.5314849309
-13594.7165324134
-13595.6784266415
-13596.6029539295
-13597.1400798584
-13597.3885164417
-13597.507177515
-13597.5601956346
-13597.5780115799
-13597.5679102991
-13597.527957315
-13597.4506308813
-13597.3135568531
-13597.0931197034
-13596.7530115715
-13596.3092998481
-13595.856732675
-13595.6243388823
-13595.8317456193
-13596.4769146158
-13597.1830009095
-13597.5809389909
-13597.7573990501
-13597.8346587104
-13597.8704998293
-13597.879745548
-13597.8674477026
-13597.8335539345
-13597.7724357489
-13597.6784085376
-13597.5371157761
-13597.3480629259
-13597.1104041476
-13596.8619475322
-13596.6313178734
-13596.455076808
-13596.3401117888
-13596.2895880902
-13596.2899567157
-13596.321903209
-13596.3682339218
-13596.4133399966
-13596.4512960585
-13596.4762593384
-13596.487081427
-13596.4778691695
-13596.4360820514
-13596.3393846285
-13596.1504714306
-13595.8576390055
-13595.5063643273
-13595.2753193691
-13595.3568464884
-13595.7602712058
-13596.2863920093
-13596.723157594
-13597.0307329438
-13597.2245406084
-13597.3473584113
-13597.4176674775
-13597.4528159276
-13597.4589049082
-13597.4400215903
-13597.3925145207
-13597.2864419343
-13597.0411333596
-13596.4635753875
-13595.492948755
-13594.6725539707
-13594.6942818021
-13595.3033422714
-13595.8983004098
-13596.2938316615
-13596.5275464902
-13596.6735331284
-13596.765757045
-13596.826690933
-13596.8627363047
-13596.8795159772
-13596.8778198337
-13596.8582553306
-13596.8202102713
-13596.7630484894
-13596.6907030952
-13596.6155050394
-13596.5727781214
-13596.61635409
-13596.7715986687
-13596.9873427191
-13597.1639234592
-13597.27460218
-13597.3492655842
-13597.4160244043
-13597.472246681
-13597.5116822374
-13597.5275615435
-13597.5160552336
-13597.4703612141
-13597.3743672309
-13597.1967240809
-13596.873720476
-13596.3508832327
-13595.6828759397
-13595.1421891034
-13594.9974108416
-13595.2613097111
-13595.7087572939
-13596.1109911438
-13596.3918942643
-13596.5580128149
-13596.6480999856
-13596.6873712153
-13596.6930207113
-13596.6722138752
-13596.6305306056
-13596.5751042844
-13596.515517243
-13596.4638436459
-13596.4349235297
-13596.4436708085
-13596.496164032
-13596.570456666
-13596.6244581857
-13596.6400819471
-13596.6245195642
-13596.5646579809
-13596.4669895582
-13596.3584153417
-13596.2427190817
-13596.1060098958
-13595.9455805096
-13595.7984562976
-13595.7301918149
-13595.7785931987
-13595.919100299
-13596.0885017638
-13596.238232383
-13596.3465461372
-13596.4148777869
-13596.4501213548
-13596.459763303
-13596.4448462056
-13596.3990970824
-13596.300886776
-13596.1033767107
-13595.730755047
-13595.1645582569
-13594.5774932607
-13594.278649599
-13594.423858641
-13594.8831587206
-13595.3996881212
-13595.8182583262
-13596.1087948018
-13596.2968078504
-13596.4159449649
-13596.4912077015
-13596.5381750683
-13596.5671619055
-13596.5842114204
-13596.5929782806
-13596.592740795
-13596.5826133528
-13596.5617538719
-13596.5361354274
-13596.5182032273
-13596.5201712935
-13596.537891508
-13596.5647609294
-13596.6030378394
-13596.6636083501
-13596.7505772538
-13596.8512092198
-13596.9454847282
-13597.0180918732
-13597.0641276594
-13597.0832435535
-13597.0745509771
-13597.033854937
-13596.9483250066
-13596.7994959155
-13596.5579862278
-13596.2198028458
-13595.8368327029
-13595.563775053
-13595.5793902529
-13595.9515068804
-13596.5361317958
-13597.0715566607
-13597.4183097668
-13597.5919622396
-13597.6689189886
-13597.6969523768
-13597.7007467298
-13597.6888313481
-13597.6606222521
-13597.6140829691
-13597.5434423986
-13597.453035051
-13597.3467339633
-13597.239497226
-13597.1333430967
-13597.033311108
-13596.931404226
-13596.8277293375
-13596.7129151879
-13596.5909541115
-13596.45898362
-13596.3304680101
-13596.2140368379
-13596.1373899195
-13596.1245239543
-13596.2032982879
-13596.3998611404
-13596.7041407334
-13597.0421747647
-13597.2845942621
-13597.4177459013
-13597.4749188761
-13597.5009065804
-13597.5104935877
-13597.5102194915
-13597.4976264274
-13597.4610302097
-13597.3826473904
-13597.2159688072
-13596.9240204539
-13596.516084059
-13596.1575299482
-13595.9818491411
-13595.9986973344
-13596.1337017307
-13596.3161147335
-13596.5078266768
-13596.6788274128
-13596.8251064685
-13596.9407715626
-13597.033842377
-13597.1046418326
-13597.1598298057
-13597.2003981511
-13597.2295085249
-13597.2449689656
-13597.2412728435
-13597.2083875326
-13597.1332730563
-13597.0120134354
-13596.8255779227
-13596.5408989275
-13596.0883224619
-13595.579240747
-13595.3054447381
-13595.4726575095
-13595.9528310239
-13596.4547487815
-13596.8296802054
-13597.0491758141
-13597.1729220261
-13597.2332291119
-13597.259622981
-13597.2609035233
-13597.2385044113
-13597.1859701634
-13597.0711576225
-13596.8330220501
-13596.2897960642
-13595.2750412936
-13594.1325535508
-13593.8267957651
-13594.1193420257
-13594.5810801087
-13595.1914450017
-13595.7767250245
-13596.1399008025
-13596.3609428327
-13596.5260730531
-13596.6479999574
-13596.7350968063
-13596.7862554842
-13596.8079954084
-13596.8015947592
-13596.7636766222
-13596.6879786105
-13596.5527529508
-13596.3453113778
-13596.0356056036
-13595.6578330365
-13595.2920261269
-13595.109829668
-13595.2360659654
-13595.6539237454
-13596.1964294004
-13596.6438763783
-13596.9392212978
-13597.0947540038
-13597.176254431
-13597.211392508
-13597.2194475961
-13597.2047571219
-13597.1656219882
-13597.1013455357
-13597.0066206664
-13596.8936873385
-13596.780980703
-13596.699168276
-13596.6535451452
-13596.626528697
-13596.5938355545
-13596.5425622218
-13596.476819649
-13596.4520373647
-13596.5086368165
-13596.6290703915
-13596.7752701927
-13596.9120671058
-13597.0328760919
-13597.1370944651
-13597.2430219334
-13597.3545120582
-13597.4647671686
-13597.5427341187
-13597.5933981007
-13597.622536986
-13597.6415408696
-13597.6515219882
-13597.6515449185
-13597.6334319321
-13597.5753451421
-13597.4300772754
-13597.1016223965
-13596.5178239589
-13595.8489316359
-13595.5051112708
-13595.5439898171
-13595.5151089399
-13595.3487195402
-13595.5307558607
-13596.1848476031
-13596.9134797536
-13597.3739446066
-13597.5593153349
-13597.6155565898
-13597.6275170361
-13597.6263074756
-13597.6174522125
-13597.5957755017
-13597.5498704492
-13597.457047393
-13597.2924638558
-13597.0397144465
-13596.738114304
-13596.4644635775
-13596.2678784507
-13596.036700924
-13595.641631385
-13595.4286135487
-13595.6760725861
-13596.0777169099
-13596.41017153
-13596.6778725877
-13596.8853218708
-13597.0328181844
-13597.1214758013
-13597.16697856
-13597.1815985047
-13597.1741093515
-13597.1414903094
-13597.0427097087
-13596.7719477107
-13596.2759584587
-13595.8005292896
-13595.4205788827
-13595.1512450016
-13594.9865251022
-13594.9341321802
-13594.9746208704
-13595.0720471578
-13595.1947146643
-13595.3078462426
-13595.4035350573
-13595.4699490509
-13595.5121910084
-13595.526850201
-13595.5135864368
-13595.4658900455
-13595.3624918016
-13595.176768542
-13594.8404176194
-13594.3278342586
-13593.6850054034
-13593.2102627505
-13593.2101754154
-13593.7008187312
-13594.3858515222
-13594.9292757414
-13595.2611110447
-13595.4226303952
-13595.4953356713
-13595.5167624347
-13595.5102054906
-13595.4842325407
-13595.4405306595
-13595.3779177446
-13595.2901016651
-13595.1731307998
-13595.0202144103
-13594.8340945282
-13594.6250896835
-13594.4232416276
-13594.2702143155
-13594.20806759
-13594.2645576349
-13594.442698923
-13594.7343311912
-13595.0991972717
-13595.4271393026
-13595.6241862498
-13595.7125666989
-13595.7496523339
-13595.7630799455
-13595.7639050737
-13595.7551444622
-13595.7347165197
-13595.6998245036
-13595.640344931
-13595.5516054658
-13595.4246934952
-13595.2767809877
-13595.1193633396
-13594.9754256997
-13594.8428185335
-13594.7314994909
-13594.6407514609
-13594.5828706428
-13594.5607087709
-13594.5798210717
-13594.6388705284
-13594.7313744274
-13594.8552985578
-13594.9988193103
-13595.1630679798
-13595.3235346177
-13595.472001194
-13595.5803319114
-13595.6586153086
-13595.7048693208
-13595.7346330481
-13595.7491514496
-13595.7537053143
-13595.7470547849
-13595.7204858072
-13595.6592686029
-13595.5020154865
-13595.2118518799
-13594.799849568
-13594.4421458543
-13594.1981794938
-13594.1107546505
-13594.1688423689
-13594.3360980291
-13594.5680072404
-13594.7955584539
-13595.0032369764
-13595.1602427648
-13595.2837520207
-13595.3673244338
-13595.4289160332
-13595.4659670157
-13595.4856946681
-13595.4820204876
-13595.4395390261
-13595.3310220583
-13595.0728183427
-13594.601544933
-13593.8755722714
-13593.2057781801
-13592.9739263031
-13593.3293307331
-13593.9988192646
-13594.5823051233
-13594.9803598389
-13595.1955373894
-13595.3153916388
-13595.3695972233
-13595.3876561959
-13595.3767016124
-13595.3385282231
-13595.2747850846
-13595.1746099685
-13595.041593238
-13594.8633332695
-13594.6614864957
-13594.4506291171
-13594.2859394256
-13594.2052630862
-13594.2412764652
-13594.4175198353
-13594.774566248
-13595.2937694453
-13595.6076955724
-13595.7234327566
-13595.7615656639
-13595.7775184051
-13595.7810605361
-13595.775579305
-13595.7598562781
-13595.7266933232
-13595.668269435
-13595.5634527969
-13595.4036798862
-13595.1802699021
-13594.919470033
-13594.6457197807
-13594.4049446203
-13594.2382496147
-13594.1839358039
-13594.2536515496
-13594.4221462924
-13594.6480123292
-13594.8818880399
-13595.0956542756
-13595.2727506366
-13595.4139972961
-13595.5229187507
-13595.6069955274
-13595.6720730878
-13595.7225929876
-13595.7617296832
-13595.7909836263
-13595.8126775731
-13595.8278618363
-13595.8385336163
-13595.8454156648
-13595.8495916459
-13595.8510726132
-13595.8490994544
-13595.8418345375
-13595.822611994
-13595.7837332673
-13595.7127183958
-13595.6205425061
-13595.5073513534
-13595.3775246706
-13595.2093102111
-13595.0007378441
-13594.7360021615
-13594.4465182361
-13594.1688208879
-13593.9939232887
-13593.9850783042
-13594.1576166382
-13594.4593771535
-13594.7840068758
-13595.0739506264
-13595.2820503157
-13595.4289218096
-13595.5187200887
-13595.5775761226
-13595.6100842599
-13595.6262853016
-13595.6242918445
-13595.5913973293
-13595.4933509736
-13595.2106596716
-13594.6376558532
-13593.8189108737
-13593.2029196453
-13593.0952172
-13593.4928193515
-13594.1067421458
-13594.6210315586
-13594.9820616787
-13595.1897436537
-13595.3160167778
-13595.3812109922
-13595.4126750328
-13595.4142183293
-13595.3859109949
-13595.3224284777
-13595.1879447813
-13594.9320524345
-13594.3782486035
-13593.3993192593
-13592.2103848837
-13591.8848297152
-13592.817919339
-13594.0311213631
-13594.7984137477
-13595.1006675906
-13595.209771649
-13595.2402555802
-13595.2380889021
-13595.2112667811
-13595.1560400888
-13595.0723260071
-13594.9454012523
-13594.7797700434
-13594.5648410235
-13594.3353781278
-13594.1258008361
-13594.0181234163
-13594.0731413557
-13594.301463496
-13594.6578090344
-13595.0132247039
-13595.3016597898
-13595.4794559698
-13595.5870407224
-13595.6421949685
-13595.6711657652
-13595.6797071589
-13595.6718373608
-13595.6435664718
-13595.5731486823
-13595.4088657343
-13594.9902228462
-13594.2465175481
-13593.572966661
-13593.391147558
-13593.6012266295
-13593.9861362505
-13594.3934873239
-13594.7284085801
-13594.9791440923
-13595.1497778578
-13595.264404943
-13595.33533563
-13595.3754322724
-13595.3876168904
-13595.3716059523
-13595.3163645334
-13595.1937332637
-13594.9361936979
-13594.4205169671
-13593.5602616964
-13592.6593932127
-13592.4170504131
-13593.0717716642
-13594.0314137864
-13594.7187311421
-13595.0739559544
-13595.2261398878
-13595.2849781842
-13595.297782736
-13595.2822195416
-13595.2438448386
-13595.1780277719
-13595.0838148197
-13594.9488211301
-13594.7746404562
-13594.553553961
-13594.3131900252
-13594.0843968058
-13593.9467563409
-13593.9790067693
-13594.2408046203
-13594.6948804112
-13595.1298417588
-13595.4245740547
-13595.5703388706
-13595.644871598
-13595.6771063062
-13595.6888831604
-13595.6843125872
-13595.6612935471
-13595.6161691891
-13595.5234685192
-13595.364619216
-13595.0872839844
-13594.7415645167
-13594.4166724366
-13594.2413877125
-13594.2110310429
-13594.2872696288
-13594.4288316572
-13594.5898303587
-13594.755417576
-13594.8970244666
-13595.0199318762
-13595.1123900612
-13595.1858169449
-13595.2353441306
-13595.2680963264
-13595.2791415953
-13595.26095085
-13595.1955778148
-13595.0357706196
-13594.7414734065
-13594.2364032155
-13593.6191953795
-13593.1286409365
-13593.1252921084
-13593.6401236579
-13594.3124035695
-13594.8612110732
-13595.1759803931
-13595.3521328253
-13595.4351247298
-13595.473729724
-13595.4793788122
-13595.4592196402
-13595.4143300718
-13595.3332745868
-13595.2137845625
-13595.0308114912
-13594.7932756944
-13594.5034109656
-13594.2412851883
-13594.0810801558
-13594.0817068494
-13594.2101740729
-13594.3704994567
-13594.5053991342
-13594.6020462261
-13594.6848503261
-13594.7585619738
-13594.8304166977
-13594.8940464956
-13594.9513886357
-13594.9963731421
-13595.0304654383
-13595.0489975214
-13595.05135576
-13595.0326717222
-13594.9868709597
-13594.9045222344
-13594.7693569508
-13594.5693129221
-13594.2977630555
-13593.9961180726
-13593.7642705068
-13593.7433568899
-13594.0022501356
-13594.4436150079
-13594.8868682568
-13595.2084053637
-13595.4047825101
-13595.5141605146
-13595.5723630743
-13595.5989742671
-13595.6032006947
-13595.5852074777
-13595.5378229161
-13595.433375663
-13595.2058903379
-13594.7042776612
-13593.8700153553
-13593.1165575092
-13592.9912064412
-13593.3680146117
-13593.8665901039
-13594.3025035526
-13594.6262432755
-13594.8617965033
-13595.0230313305
-13595.1354068027
-13595.2071278549
-13595.2496751724
-13595.2649225304
-13595.2521646125
-13595.205764202
-13595.1005652384
-13594.8981500031
-13594.4910227146
-13593.7958836976
-13592.8713662513
-13592.3273589423
-13592.7355454095
-13593.7781325514
-13594.6910309795
-13595.1480260482
-13595.3480673412
-13595.4219639605
-13595.4458954434
-13595.4393461307
-13595.4068429619
-13595.3501214809
-13595.2539210763
-13595.1169302038
-13594.9106633048
-13594.6488860197
-13594.3289444342
-13594.0372880533
-13593.8544338636
-13593.8820577057
-13594.1590570891
-13594.6266803701
-13595.1569717228
-13595.4911400427
-13595.650409798
-13595.7058156262
-13595.7273811481
-13595.7299140562
-13595.7197441429
-13595.6981203472
-13595.6555594575
-13595.5909450825
-13595.4802906686
-13595.3288597469
-13595.1210344723
-13594.9028318313
-13594.6910808922
-13594.5346477685
-13594.4411596999
-13594.4221456657
-13594.4691337362
-13594.5614805526
-13594.6853054709
-13594.8130286581
-13594.9429761163
-13595.0595031842
-13595.1745788921
-13595.2839922022
-13595.4055820288
-13595.522120931
-13595.6284616473
-13595.6993525283
-13595.7470678616
-13595.7725345224
-13595.7873149996
-13595.7923760482
-13595.7896943494
-13595.7772063864
-13595.7446992743
-13595.6773851103
-13595.5341929369
-13595.3170727626
-13595.0658499506
-13594.84815063
-13594.6675789634
-13594.5327705656
-13594.4489656598
-13594.428116856
-13594.4744586481
-13594.5768304637
-13594.7206159054
-13594.8788881773
-13595.0378891033
-13595.1799480096
-13595.3034495764
-13595.4034292878
-13595.4844974125
-13595.5463764758
-13595.5932277718
-13595.6252156814
-13595.6437479956
-13595.646292768
-13595.6278698542
-13595.5742192825
-13595.4565326869
-13595.2202475296
-13594.82096457
-13594.2939327497
-13593.8175894553
-13593.5826241806
-13593.677180682
-13594.0148322465
-13594.422878639
-13594.7809863573
-13595.036659453
-13595.2067181379
-13595.3086685222
-13595.3666722488
-13595.3903480029
-13595.385547488
-13595.3507174246
-13595.264628328
-13595.0681014391
-13594.4953833716
-13592.9673294883
-13590.8257565804
-13590.7258762911
-13592.4446843263
-13593.8004116017
-13594.4820953886
-13594.8044212056
-13594.9913127034
-13595.1026583621
-13595.1752341651
-13595.2144565549
-13595.2278413309
-13595.2146450731
-13595.1683140086
-13595.0837613208
-13594.9343426953
-13594.708833806
-13594.3640496599
-13593.9391022612
-13593.519676278
-13593.3492907139
-13593.6082062443
-13594.2132635627
-13594.8702081954
-13595.2841769319
-13595.5044008446
-13595.5982458379
-13595.6413460583
-13595.6520626823
-13595.6412730451
-13595.6107372353
-13595.5505141597
-13595.4586674381
-13595.3110723238
-13595.1152789757
-13594.8687041945
-13594.6392350696
-13594.481692229
-13594.4486029858
-13594.5268136646
-13594.6660712589
-13594.8299212134
-13594.9841890702
-13595.1289176188
-13595.2541686875
-13595.3689634995
-13595.4682549048
-13595.5601673024
-13595.6416231723
-13595.7203593954
-13595.7956011607
-13595.8774589351
-13595.9717310349
-13596.0998496851
-13596.2708645936
-13596.4786210363
-13596.6664311851
-13596.8098191105
-13596.9031126287
-13596.965143385
-13597.003451748
-13597.0245118816
-13597.026011384
-13596.9988810153
-13596.9201959731
-13596.7346099541
-13596.3410248229
-13595.634319462
-13594.8249773678
-13594.6936959406
-13595.7464635381
-13597.1688858479
-13598.0234139319
-13598.3882760622
-13598.5485216392
-13598.6353739866
-13598.6953787504
-13598.7549745213
-13598.8417691431
-13598.9886766173
-13599.2177227096
-13599.5173644278
-13599.8335880491
-13600.1058988752
-13600.3094517753
-13600.4601394464
-13600.5864413864
-13600.7100013275
-13600.8415672747
-13600.9849764103
-13601.1381473511
-13601.2937047442
-13601.434663283
-13601.5385191485
-13601.6002163098
-13601.6382915386
-13601.6690617034
-13601.6965291736
-13601.7170304434
-13601.7239689797
-13601.7081180146
-13601.6534380729
-13601.5227375458
-13601.2145416817
-13600.4922469338
-13599.2231158631
-13598.2648631557
-13598.665605298
-13599.7896753003
-13600.644027171
-13601.1017534977
-13601.3452728412
-13601.4921812775
-13601.5931846321
-13601.6711182092
-13601.7396599915
-13601.8110752655
-13601.8996164686
-13602.0197033904
-13602.1786277607
-13602.3680245325
-13602.5650024798
-13602.7463343172
-13602.9007196036
-13603.0274479962
-13603.1301805261
-13603.2126368975
-13603.2780557901
-13603.3285384029
-13603.3662246284
-13603.3928844333
-13603.4093261927
-13603.4144156948
-13603.4033802775
-13603.3625060391
-13603.2576529491
-13603.0235245667
-13602.6024557463
-13602.063415757
-13601.600002151
-13601.3654222078
-13601.253946638
-13601.3722090691
-13601.6841271469
-13602.0823499558
-13602.4282097577
-13602.6658824774
-13602.8124255882
-13602.9015438295
-13602.9568752857
-13602.9890912776
-13602.9993183805
-13602.9787567239
-13602.8960097562
-13602.6636816352
-13602.1344592184
-13601.254470211
-13600.2861899795
-13599.73191576
-13599.7875437454
-13600.3121259035
-13601.1873577696
-13602.0457131319
-13602.5598801395
-13602.792829351
-13602.8841873424
-13602.9134051789
-13602.9138705079
-13602.8945948109
-13602.8477684745
-13602.7476641834
-13602.5515423703
-13602.2267256687
-13601.8235500242
-13601.5067487622
-13601.3953021117
-13601.457103023
-13601.5483526021
-13601.7137941464
-13602.1375523464
-13602.712903259
-13603.0786198019
-13603.2061656529
-13603.2438893009
-13603.2553330833
-13603.2567590821
-13603.2485730115
-13603.2211062562
-13603.1526577014
-13603.0082255395
-13602.7540866221
-13602.3995049155
-13602.0298233944
-13601.7555123573
-13601.6233552645
-13601.6336846817
-13601.6867758661
-13601.7902900057
-13602.016725336
-13602.2871597761
-13602.5213323404
-13602.6779577166
-13602.7656936386
-13602.8119819307
-13602.8410504945
-13602.87031196
-13602.9110543913
-13602.9637053893
-13603.0198954143
-13603.0708232053
-13603.1098805242
-13603.1324155464
-13603.1361346235
-13603.121679857
-13603.0910277623
-13603.0374432026
-13602.9230430491
-13602.6633523722
-13602.2090008335
-13601.7127187727
-13601.4644819113
-13601.5808426681
-13601.9183645297
-13602.2754106707
-13602.5489980233
-13602.7281917553
-13602.835966668
-13602.8954018468
-13602.9208336465
-13602.9178141715
-13602.8826052967
-13602.794401277
-13602.5777491578
-13601.9630646877
-13600.3464458509
-13598.284227072
-13598.6229052083
-13600.6344454279
-13601.8536707487
-13602.3256268888
-13602.5300578293
-13602.6404092236
-13602.7049015406
-13602.7370228054
-13602.7412265343
-13602.7185492101
-13602.6652602695
-13602.5678761626
-13602.3968698484
-13602.1099089975
-13601.695748221
-13601.2798628867
-13601.1442064559
-13601.4297527021
-13601.90556719
-13602.297044144
-13602.556123398
-13602.7380182834
-13602.8728784665
-13602.9648675709
-13603.0157476654
-13603.0319076583
-13603.0223867462
-13602.9956884573
-13602.9570785415
-13602.9066019068
-13602.8389884178
-13602.7489925102
-13602.6409270943
-13602.5297211401
-13602.4345614042
-13602.3793095749
-13602.3831739797
-13602.4364156379
-13602.4965662783
-13602.5572225831
-13602.5574783205
-13602.4931269773
-13602.4145014117
-13602.3047399094
-13602.1860856479
-13602.066028562
-13601.9337967835
-13601.771247836
-13601.5593858715
-13601.2756502444
-13600.8940774455
-13600.4079315333
-13599.8804311705
-13599.4749988562
-13599.3825972615
-13599.6673729141
-13600.1988842377
-13600.7629150926
-13601.2191882082
-13601.5439529896
-13601.7687999221
-13601.9259807331
-13602.0367755498
-13602.1172615306
-13602.1803870183
-13602.2303727878
-13602.26096405
-13602.2659136263
-13602.2471829043
-13602.2041759257
-13602.1999445795
-13602.0869092197
-13601.9430478665
-13601.7479007467
-13601.3825898582
-13600.9650084916
-13600.529941905
-13600.3420729711
-13600.5694337267
-13601.1059008965
-13601.5517903453
-13601.7434806175
-13601.8214186958
-13601.8704847866
-13601.9093697694
-13601.9350415706
-13601.9393026562
-13601.9188010949
-13601.8818412624
-13601.8422599717
-13601.8050998977
-13601.817315692
-13601.759558071
-13601.6859742774
-13601.6402338233
-13601.4421216412
-13600.803065836
-13599.7439488698
-13599.4721376093
-13600.2947621005
-13601.1945431945
-13601.6531141014
-13601.8196891046
-13601.8692826885
-13601.8779031975
-13601.866044189
-13601.8248739186
-13601.7243747033
-13601.5305177016
-13601.2703443206
-13601.1308334103
-13601.3834831376
-13601.9970997063
-13602.5408877
-13602.7953176164
-13602.8270228731
-13602.8811442796
-13602.94066422
-13602.977300071
-13602.9825613394
-13602.9658382073
-13602.9370700245
-13602.9023725011
-13602.8670108769
-13602.8359736613
-13602.8103267446
-13602.7798521029
-13602.7126129162
-13602.5557660548
-13602.2799578041
-13601.959460762
-13601.7650858317
-13601.7674607972
-13601.8567692703
-13601.8725821032
-13601.822426812
-13601.7515808144
-13601.6686042639
-13601.7016555933
-13601.9041854665
-13602.17837494
-13602.3871320158
-13602.4808483922
-13602.5065272474
-13602.5180099567
-13602.535840167
-13602.558767979
-13602.5757192141
-13602.5709403284
-13602.527945532
-13602.4351884305
-13602.2882911715
-13602.0838268128
-13601.8144416287
-13601.486068619
-13600.9605404771
-13600.1618949819
-13599.387867475
-13599.6435106054
-13600.8369744939
-13601.8396221793
-13602.3066186331
-13602.4758455621
-13602.5289449393
-13602.5387348248
-13602.5286736685
-13602.4993173775
-13602.4336052841
-13602.2972894808
-13602.0543855854
-13601.7175704157
-13601.3867810386
-13601.1705128339
-13601.0921772245
-13601.132902371
-13601.2911846797
-13601.5878158677
-13602.0418784936
-13602.5787102482
-13602.9800200016
-13603.1774501127
-13603.2611519642
-13603.292925085
-13603.2965968369
-13603.2804509105
-13603.2463909142
-13603.1911975477
-13603.1035803539
-13602.960427424
-13602.7315195036
-13602.4096134676
-13602.0574988476
-13601.7980419495
-13601.7042252086
-13601.7216136635
-13601.7568763661
-13601.7729885395
-13601.7675859092
-13601.7425695266
-13601.7023447533
-13601.6469585989
-13601.5571940702
-13601.3817837149
-13601.0329074442
-13600.4150892428
-13599.5573812755
-13598.763799189
-13598.4159042683
-13598.5844201288
-13599.0054463883
-13599.40061193
-13599.6678380397
-13599.8259039721
-13599.9179407524
-13599.9735467862
-13600.0060773749
-13600.0172313545
-13599.9992715215
-13599.9348982046
-13599.8010000917
-13599.6135298935
-13599.5566428852
-13599.9504158365
-13600.7399519424
-13601.4372711528
-13601.8215132944
-13601.9915160021
-13602.0615379675
-13602.0901575757
-13602.0987028147
-13602.0826326158
-13602.0230756092
-13601.9009302687
-13601.7021771097
-13601.4171170745
-13601.0465661733
-13600.6253800606
-13600.258238967
-13600.1220807086
-13600.3715423992
-13600.9514537609
-13601.5456643703
-13601.9164616365
-13602.0964155137
-13602.1809614927
-13602.2201009609
-13602.2326157709
-13602.2250098781
-13602.1995096358
-13602.1568540951
-13602.0955556221
-13602.0096313413
-13601.8884535407
-13601.7265721765
-13601.5449671352
-13601.3795246596
-13601.2476889776
-13601.1514135173
-13601.0927873011
-13601.0770190226
-13601.1063370768
-13601.1732442653
-13601.2606066327
-13601.351058525
-13601.4361312053
-13601.5170662428
-13601.6023393924
-13601.7063437067
-13601.8479729283
-13602.0405659177
-13602.2709324582
-13602.4928472752
-13602.6585456304
-13602.7541390053
-13602.798756658
-13602.8187842161
-13602.8274538433
-13602.819793055
-13602.7740116677
-13602.6465387193
-13602.3490665183
-13601.7386264402
-13600.801591718
-13600.024422012
-13600.0196386973
-13600.6318526482
-13601.2823946603
-13601.7050201955
-13601.9299700749
-13602.0413963212
-13602.0921843259
-13602.1086129769
-13602.1056274007
-13602.0949616398
-13602.085485163
-13602.0801286799
-13602.0770161247
-13602.0756704301
-13602.0872454359
-13602.1439340957
-13602.2803031268
-13602.4859690356
-13602.7048798972
-13602.8841339422
-13603.007343002
-13603.0875411041
-13603.1414359757
-13603.1782179734
-13603.2017510731
-13603.2128716734
-13603.2096917505
-13603.1843193906
-13603.1127926027
-13602.9287655592
-13602.4942333136
-13601.789163407
-13601.1041666573
-13600.8055007722
-13600.9413792177
-13601.443276041
-13602.0073345138
-13602.4391012038
-13602.70296107
-13602.8429308828
-13602.9081439938
-13602.9308308141
-13602.9266046901
-13602.8979494874
-13602.8341272878
-13602.7039295584
-13602.4417731628
-13601.9586526407
-13601.2813487595
-13600.7113997579
-13600.5259717809
-13600.6413254704
-13600.8386926605
-13601.0073968132
-13601.1389618946
-13601.2563538888
-13601.3759986258
-13601.4949031004
-13601.5988739145
-13601.6787569179
-13601.7346388242
-13601.770183584
-13601.7876288843
-13601.7858658143
-13601.7589937116
-13601.6926521135
-13601.5434594177
-13601.1671735526
-13600.301131415
-13599.1481895494
-13598.9321649788
-13599.8679097368
-13600.9372106846
-13601.6031433876
-13601.9693539834
-13602.1454375462
-13602.2260851001
-13602.2562701538
-13602.2546410467
-13602.2248636957
-13602.1589468671
-13602.0388891974
-13601.8478589691
-13601.6081434774
-13601.4428181932
-13601.5572165771
-13601.9946755964
-13602.4470378989
-13602.6755911122
-13602.7890093707
-13602.8958775927
-13602.9947611578
-13603.0639502172
-13603.0971478885
-13603.0991289245
-13603.0764865706
-13603.0327131029
-13602.9643489311
-13602.8564993832
-13602.6787492772
-13602.3970181883
-13602.0320449625
-13601.7146990627
-13601.573486045
-13601.5943210894
-13601.7020483521
-13601.8423010423
-13601.975459745
-13602.0789666401
-13602.1506731524
-13602.1990663972
-13602.2335785917
-13602.2624848531
-13602.2927795417
-13602.3264694008
-13602.3610955739
-13602.393794028
-13602.4235865471
-13602.4508338947
-13602.4754269579
-13602.4941515983
-13602.4993121082
-13602.482028807
-13602.4332185351
-13602.3371591255
-13602.1711349394
-13601.9218010113
-13601.6169895812
-13601.3370593295
-13601.1837680714
-13601.2387970565
-13601.499055211
-13601.8455373573
-13602.1398355439
-13602.328942775
-13602.4347394466
-13602.4949346692
-13602.5338555225
-13602.5609539208
-13602.5749801238
-13602.5644336493
-13602.4994563249
-13602.3101894827
-13601.8831120389
-13601.2161614094
-13600.6821066752
-13600.4539257676
-13600.3404618153
-13599.703414927
-13599.3526434776
-13600.5743160928
-13601.7872612749
-13602.2913024201
-13602.442930703
-13602.4852667543
-13602.4934789783
-13602.483433925
-13602.4507460227
-13602.3820459455
-13602.2626687011
-13602.1230582008
-13601.9122042715
-13601.6502177159
-13601.2870932658
-13600.9531480564
-13601.0512703729
-13601.4203126354
-13601.7303487925
-13601.8979400108
-13601.9705044942
-13601.9932497072
-13601.9864567
-13601.9595187006
-13601.9310763861
-13601.9308377784
-13601.9709776881
-13602.0399001356
-13602.1228555135
-13602.2114191257
-13602.2986955891
-13602.3739642671
-13602.4271910103
-13602.4564909325
-13602.4637873608
-13602.4433114531
-13602.3616901119
-13602.1287619827
-13601.6339257662
-13600.9833522602
-13600.5981718621
-13600.6599613419
-13600.9375392323
-13601.2185237015
-13601.4507350285
-13601.6389217594
-13601.7875382418
-13601.8969439006
-13601.9709074462
-13602.017426291
-13602.0433143329
-13602.0481464445
-13602.0173788513
-13601.9119604984
-13601.6710939969
-13601.2909979722
-13600.9615058104
-13600.9205894067
-13601.2014700709
-13601.2778937537
-13601.1404999406
-13601.2442852542
-13601.5065884039
-13601.9860734817
-13602.4237438497
-13602.6907028874
-13602.8164695166
-13602.8657524866
-13602.8810850048
-13602.8827763776
-13602.8748563416
-13602.8421403972
-13602.7279311876
-13602.3844174309
-13601.6233179758
-13600.7324407841
-13600.4915065036
-13600.7097754536
-13600.8323085083
-13600.9282649025
-13601.0407502122
-13601.2877115053
-13601.5727575687
-13601.8973802755
-13602.1486500778
-13602.2993724126
-13602.3686857322
-13602.3879424274
-13602.38170477
-13602.3621009517
-13602.3248129961
-13602.2375440439
-13602.0235317134
-13601.6040425299
-13601.077532563
-13600.7511757971
-13600.8093505181
-13601.1794521203
-13601.6844903886
-13602.1393929173
-13602.4295314426
-13602.5917143627
-13602.6358296592
-13602.6456841173
-13602.5994029574
-13602.5704795192
-13602.544025771
-13602.5169111176
-13602.476045967
-13602.4050311093
-13602.2688576537
-13601.9650862211
-13601.2483793018
-13599.9604243663
-13598.8693647533
-13599.0666142132
-13600.1983190956
-13601.2212844784
-13601.8036804207
-13602.0981158274
-13602.2567825766
-13602.3504609797
-13602.404506361
-13602.4256144698
-13602.4181518626
-13602.3880275293
-13602.3210526395
-13602.151170991
-13601.8005367736
-13601.328211329
-13600.9818140487
-13600.9962668301
-13601.3837910613
-13601.9392904125
-13602.3822429892
-13602.6060162
-13602.6934609568
-13602.7260490205
-13602.7371670471
-13602.7356494288
-13602.7189629235
-13602.6756856895
-13602.5856687199
-13602.4264810963
-13602.1989957808
-13601.9596068447
-13601.7853763102
-13601.7396643545
-13601.6839455248
-13601.6781273532
-13601.6016342086
-13601.5504705742
-13601.5057965832
-13601.588653093
-13601.741383301
-13601.8895868844
-13601.9924664986
-13602.0504549035
-13602.0738684254
-13602.0701936927
-13602.0422386844
-13601.9877951934
-13601.8979280303
-13601.7541859516
-13601.528247564
-13601.1955070591
-13600.7885214483
-13600.4954746571
-13600.6643255861
-13601.3907516116
-13602.1114601393
-13602.4369634732
-13602.536075018
-13602.5710120649
-13602.5879783987
-13602.5902927278
-13602.5714986748
-13602.5234738008
-13602.4358102469
-13602.2917522496
-13602.0667708072
-13601.7421993576
-13601.3465979649
-13600.9871177986
