# Time-averaged data for fix msdoutX
# TimeStep c_msdO[2]
100 0.196974
200 0.195548
300 0.192919
400 0.188656
500 0.182048
600 0.172372
700 0.159544
800 0.144241
900 0.127362
1000 0.109796
1100 0.0925262
1200 0.0765774
1300 0.0628702
1400 0.0521285
1500 0.0447763
1600 0.0408498
1700 0.0403791
1800 0.0434683
1900 0.0504233
2000 0.0615632
2100 0.077488
2200 0.0990347
2300 0.127156
2400 0.162422
2500 0.204269
2600 0.250386
2700 0.297258
2800 0.341441
2900 0.380667
3000 0.414369
3100 0.443228
3200 0.468215
3300 0.490206
3400 0.510202
3500 0.529403
3600 0.54909
3700 0.570995
3800 0.598204
3900 0.635004
4000 0.683881
4100 0.742868
4200 0.807798
4300 0.874846
4400 0.940327
4500 1.00134
4600 1.05689
4700 1.10718
4800 1.1526
4900 1.19382
5000 1.23186
5100 1.26772
5200 1.3023
5300 1.33659
5400 1.37209
5500 1.41151
5600 1.46
5700 1.52586
5800 1.61728
5900 1.73391
6000 1.86169
6100 1.98008
6200 2.07706
6300 2.15344
6400 2.21523
6500 2.26788
6600 2.31546
6700 2.36098
6800 2.40629
6900 2.45274
7000 2.50199
7100 2.55616
7200 2.61746
7300 2.68842
7400 2.77215
7500 2.87147
7600 2.98745
7700 3.11747
7800 3.2519
7900 3.37264
8000 3.46433
8100 3.52899
8200 3.57741
8300 3.61764
8400 3.65393
8500 3.68855
8600 3.72343
8700 3.76082
8800 3.8033
8900 3.85413
9000 3.91773
9100 3.99866
9200 4.09849
9300 4.21391
9400 4.33886
9500 4.46683
9600 4.5918
9700 4.70965
9800 4.81875
9900 4.91927
10000 5.01243
10100 5.10005
10200 5.18407
10300 5.26639
10400 5.349
10500 5.43416
10600 5.5258
10700 5.63347
10800 5.77727
10900 5.97838
11000 6.2261
11100 6.47106
11200 6.66968
11300 6.81693
11400 6.93028
11500 7.0253
11600 7.11076
11700 7.19159
11800 7.2713
11900 7.35292
12000 7.43964
12100 7.53535
12200 7.64521
12300 7.7758
12400 7.93426
12500 8.12477
12600 8.34289
12700 8.57223
12800 8.78763
12900 8.96485
13000 9.09408
13100 9.18493
13200 9.25402
13300 9.31312
13400 9.36871
13500 9.4247
13600 9.4837
13700 9.54803
13800 9.62058
13900 9.70517
14000 9.80576
14100 9.92575
14200 10.0673
14300 10.2299
14400 10.4099
14500 10.6008
14600 10.7952
14700 10.9862
14800 11.1686
14900 11.34
15000 11.5
15100 11.6501
15200 11.7924
15300 11.929
15400 12.062
15500 12.1944
15600 12.3295
15700 12.4749
15800 12.647
15900 12.8681
16000 13.147
16100 13.4616
16200 13.7671
16300 14.0251
16400 14.2269
16500 14.3858
16600 14.5175
16700 14.6333
16800 14.7405
16900 14.8443
17000 14.9489
17100 15.0594
17200 15.1816
17300 15.3236
17400 15.4965
17500 15.7122
17600 15.976
17700 16.2765
17800 16.5858
17900 16.8734
18000 17.1195
18100 17.3201
18200 17.4837
18300 17.6234
18400 17.7509
18500 17.8748
18600 18.0005
18700 18.1315
18800 18.2704
18900 18.4203
19000 18.585
19100 18.7686
19200 18.9752
19300 19.2076
19400 19.4653
19500 19.7433
19600 20.0307
19700 20.3119
19800 20.5702
19900 20.7926
20000 20.9724
20100 21.112
20200 21.2208
20300 21.3097
20400 21.3868
20500 21.4581
20600 21.5278
20700 21.6003
20800 21.6803
20900 21.7753
21000 21.8985
21100 22.0703
21200 22.3043
21300 22.5863
21400 22.8891
21500 23.1929
21600 23.4847
21700 23.7563
21800 24.0036
21900 24.2267
22000 24.4284
22100 24.6128
22200 24.7842
22300 24.9476
22400 25.1076
22500 25.2693
22600 25.4393
22700 25.6276
22800 25.8486
22900 26.121
23000 26.4607
23100 26.8633
23200 27.2919
23300 27.6909
23400 28.0186
23500 28.2691
23600 28.4637
23700 28.6278
23800 28.7786
23900 28.9266
24000 29.0779
24100 29.2376
24200 29.4101
24300 29.6007
24400 29.8147
24500 30.0571
24600 30.331
24700 30.6364
24800 30.9679
24900 31.3133
25000 31.6568
25100 31.9817
25200 32.2705
25300 32.5058
25400 32.6788
25500 32.8
25600 32.8903
25700 32.9658
25800 33.0355
25900 33.1048
26000 33.1774
26100 33.2573
26200 33.3488
26300 33.4575
26400 33.5892
26500 33.7491
26600 33.9399
26700 34.1617
26800 34.4124
26900 34.6892
27000 34.9882
27100 35.3043
27200 35.6312
27300 35.9612
27400 36.2861
27500 36.599
27600 36.894
27700 37.1659
27800 37.41
27900 37.6229
28000 37.8023
28100 37.9491
28200 38.0679
28300 38.1661
28400 38.2502
28500 38.3256
28600 38.3964
28700 38.4669
28800 38.5418
28900 38.6289
29000 38.743
29100 38.9072
29200 39.1387
29300 39.4328
29400 39.7726
29500 40.1414
29600 40.5231
29700 40.9019
29800 41.2635
29900 41.598
30000 41.9011
30100 42.173
30200 42.4168
30300 42.6379
30400 42.8417
30500 43.0333
30600 43.2179
30700 43.402
30800 43.595
30900 43.8118
31000 44.0765
31100 44.4211
31200 44.8664
31300 45.3949
31400 45.9477
31500 46.4568
31600 46.8827
31700 47.2258
31800 47.5087
31900 47.7551
32000 47.9826
32100 48.2029
32200 48.4246
32300 48.6544
32400 48.8987
32500 49.1635
32600 49.454
32700 49.7749
32800 50.1282
32900 50.5114
33000 50.9172
33100 51.3342
33200 51.7484
33300 52.1421
33400 52.4904
33500 52.7603
33600 52.9433
33700 53.0693
33800 53.1678
33900 53.2543
34000 53.3364
34100 53.4194
34200 53.5083
34300 53.6096
34400 53.7325
34500 53.8887
34600 54.0909
34700 54.3472
34800 54.6581
34900 55.0178
35000 55.4168
35100 55.8426
35200 56.281
35300 56.7164
35400 57.1347
35500 57.5255
35600 57.8831
35700 58.205
35800 58.4913
35900 58.7437
36000 58.9642
36100 59.1544
36200 59.3162
36300 59.453
36400 59.5692
36500 59.6697
36600 59.7588
36700 59.8411
36800 59.9207
36900 60.002
37000 60.0917
37100 60.2009
37200 60.3486
37300 60.5572
37400 60.8392
37500 61.1914
37600 61.6031
37700 62.0623
37800 62.5548
37900 63.0629
38000 63.5665
38100 64.0468
38200 64.4902
38300 64.89
38400 65.2461
38500 65.5628
38600 65.8464
38700 66.1039
38800 66.3422
38900 66.5674
39000 66.7858
39100 67.006
39200 67.2411
39300 67.5122
39400 67.852
39500 68.3031
39600 68.8969
39700 69.6245
39800 70.4284
39900 71.2264
40000 71.9485
40100 72.5637
40200 73.0794
40300 73.5217
40400 73.9178
40500 74.2897
40600 74.6548
40700 75.0271
40800 75.4198
40900 75.8465
41000 76.3218
41100 76.8625
41200 77.4862
41300 78.2086
41400 79.0384
41500 79.9744
41600 80.9997
41700 82.0559
41800 83.0149
41900 83.7728
42000 84.3405
42100 84.7825
42200 85.1516
42300 85.4805
42400 85.7902
42500 86.0969
42600 86.4157
42700 86.7646
42800 87.1672
42900 87.6556
43000 88.2672
43100 89.0325
43200 89.9523
43300 90.9812
43400 92.0351
43500 93.023
43600 93.883
43700 94.5979
43800 95.1849
43900 95.6755
44000 96.1002
44100 96.482
44200 96.837
44300 97.1756
44400 97.5031
44500 97.8207
44600 98.1261
44700 98.4153
44800 98.6833
44900 98.9237
45000 99.1299
45100 99.2956
45200 99.4147
45300 99.4827
45400 99.4971
45500 99.4573
45600 99.3653
45700 99.2264
45800 99.0494
45900 98.8459
46000 98.6243
46100 98.3834
46200 98.1116
46300 97.7919
46400 97.4043
46500 96.9268
46600 96.3361
46700 95.6101
46800 94.7327
46900 93.6999
47000 92.5234
47100 91.2311
47200 89.8616
47300 88.4555
47400 87.046
47500 85.6556
47600 84.3
47700 82.9987
47800 81.7882
47900 80.7285
48000 79.8902
48100 79.3322
48200 79.0974
48300 79.2424
48400 79.7608
48500 80.5566
48600 81.4837
48700 82.3478
48800 83.0194
48900 83.4824
49000 83.7981
49100 84.0424
49200 84.2669
49300 84.4966
49400 84.7336
49500 84.9639
49600 85.161
49700 85.3034
49800 85.3941
49900 85.485
50000 85.761
50100 86.704
50200 88.6674
50300 91.3387
50400 94.0522
50500 96.3333
50600 98.0805
50700 99.337
50800 100.146
50900 100.535
51000 100.514
51100 100.077
51200 99.1934
51300 97.8131
51400 95.8847
51500 93.42
51600 90.6108
51700 87.8486
51800 85.4769
51900 83.6294
52000 82.5871
52100 82.4252
52200 82.9659
52300 84.1583
52400 85.7944
52500 87.4336
52600 88.7282
52700 89.5737
52800 90.011
52900 90.1024
53000 89.8876
53100 89.3834
53200 88.5911
53300 87.5029
53400 86.1085
53500 84.4091
53600 82.4526
53700 80.387
53800 78.4067
53900 76.661
54000 76.2995
54100 77.9687
54200 80.1344
54300 82.2426
54400 83.8122
54500 84.7771
54600 85.3688
54700 85.722
54800 85.8733
54900 85.8292
55000 85.587
55100 85.1395
55200 84.4809
55300 83.6308
55400 82.665
55500 81.7592
55600 81.1692
55700 81.1476
55800 81.8404
55900 83.1051
56000 84.6745
56100 86.3445
56200 87.955
56300 89.3994
56400 90.6255
56500 91.6142
56600 92.3641
56700 92.8752
56800 93.1403
56900 93.1466
57000 92.8795
57100 92.3401
57200 91.574
57300 90.6832
57400 89.8098
57500 89.1162
57600 88.7906
57700 88.8669
57800 89.3168
57900 90.1048
58000 91.1648
58100 92.3864
58200 93.6159
58300 94.6834
58400 95.456
58500 95.8638
58600 95.8937
58700 95.5691
58800 94.9319
58900 94.0345
59000 92.939
59100 91.7171
59200 90.4449
59300 89.1908
59400 88.0045
59500 86.9197
59600 85.9577
59700 85.1327
59800 84.4531
59900 83.9242
60000 83.5517
60100 83.3453
60200 83.3177
60300 83.4981
60400 83.9359
60500 84.6972
60600 85.8366
60700 87.3692
60800 89.2475
60900 91.3791
61000 93.6103
61100 95.7181
61200 97.5123
61300 98.915
61400 99.9294
61500 100.584
61600 100.903
61700 100.895
61800 100.546
61900 99.8083
62000 98.5664
62100 96.5818
62200 93.6085
62300 90.0233
62400 87.2406
62500 86.3397
62600 87.4119
62700 89.7405
62800 92.1621
62900 93.8622
63000 94.8957
63100 95.4874
63200 95.7287
63300 95.637
63400 95.2054
63500 94.4127
63600 93.2276
63700 91.6236
63800 89.6197
63900 87.3332
64000 84.9712
64100 82.754
64200 80.875
64300 79.5288
64400 78.8529
64500 78.853
64600 79.4292
64700 80.4333
64800 81.7053
64900 83.0805
65000 84.3939
65100 85.5183
65200 86.3796
65300 86.9552
65400 87.255
65500 87.3022
65600 87.1213
65700 86.7334
65800 86.1559
65900 85.4066
66000 84.5124
66100 83.5266
66200 82.5844
66300 81.955
66400 82.0583
66500 83.1908
66600 85.2697
66700 87.7834
66800 90.179
66900 92.1583
67000 93.684
67100 94.8306
67200 95.6596
67300 96.1952
67400 96.4326
67500 96.3495
67600 95.9167
67700 95.1091
67800 93.9256
67900 92.4175
68000 90.7133
68100 89.0521
68200 87.6395
68300 86.5306
68400 85.646
68500 84.9413
68600 84.4292
68700 84.1319
68800 84.0421
68900 84.1269
69000 84.3402
69100 84.6302
69200 84.939
69300 85.2094
69400 85.3919
69500 85.4492
69600 85.3494
69700 85.0664
69800 84.5994
69900 83.9922
70000 83.2876
70100 82.5058
70200 82.158
70300 83.1196
70400 84.9938
70500 87.1191
70600 89.1759
70700 90.8167
70800 91.8865
70900 92.4389
71000 92.5744
71100 92.3653
71200 91.8563
71300 91.0877
71400 90.1179
71500 89.0429
71600 88.0369
71700 87.3105
71800 86.9544
71900 86.9197
72000 87.0986
72100 87.5138
72200 88.3353
72300 89.6638
72400 91.2788
72500 92.7356
72600 93.7856
72700 94.4734
72800 94.8532
72900 94.9377
73000 94.7154
73100 94.1576
73200 93.218
73300 91.8355
73400 89.9573
73500 87.6129
73600 85.0371
73700 82.7632
73800 81.3383
73900 80.9387
74000 81.4273
74100 82.5143
74200 83.8717
74300 85.1743
74400 86.2401
74500 87.0506
74600 87.6511
74700 88.0789
74800 88.3492
74900 88.4538
75000 88.3703
75100 88.062
75200 87.4734
75300 86.5401
75400 85.2492
75500 83.7635
75600 82.3623
75700 81.2431
75800 81.1663
75900 82.4579
76000 84.4617
76100 86.8848
76200 89.4334
76300 91.8262
76400 93.9437
76500 95.7474
76600 97.2308
76700 98.4006
76800 99.2662
76900 99.8302
77000 100.078
77100 99.9659
77200 99.4192
77300 98.3619
77400 96.7895
77500 94.8379
77600 92.7665
77700 90.8524
77800 89.2932
77900 88.2031
78000 87.6413
78100 87.6762
78200 88.2889
78300 89.2992
78400 90.5019
78500 91.6848
78600 92.6795
78700 93.3869
78800 93.7592
78900 93.7756
79000 93.4243
79100 92.6878
79200 91.5194
79300 89.8175
79400 87.4882
79500 84.7186
79600 82.128
79700 80.312
79800 79.3412
79900 78.955
80000 78.9293
80100 79.1389
80200 79.5069
80300 79.9703
80400 80.4679
80500 80.9422
80600 81.3424
80700 81.6309
80800 81.7857
80900 81.8062
81000 81.7233
81100 81.6072
81200 81.5402
81300 81.5753
81400 81.7205
81500 81.948
81600 82.2216
81700 82.5318
81800 82.8911
81900 83.3051
82000 83.7725
82100 84.284
82200 84.8244
82300 85.3743
82400 85.9104
82500 86.4041
82600 86.8226
82700 87.135
82800 87.3306
82900 87.4415
83000 87.5404
83100 87.6958
83200 87.9217
83300 88.1882
83400 88.4772
83500 88.7887
83600 89.1223
83700 89.472
83800 89.8295
83900 90.1859
84000 90.5314
84100 90.8532
84200 91.1306
84300 91.3301
84400 91.4058
84500 91.3064
84600 90.9874
84700 90.418
84800 89.5909
84900 88.532
85000 87.311
85100 86.0394
85200 84.8461
85300 83.8381
85400 83.0641
85500 82.5171
85600 82.1587
85700 81.9388
85800 81.8061
85900 81.7125
86000 81.6258
86100 81.5255
86200 81.397
86300 81.2287
86400 81.0083
86500 80.7207
86600 80.3439
86700 79.843
86800 79.1625
86900 78.2449
87000 77.1025
87100 75.8674
87200 74.6995
87300 73.6971
87400 72.9935
87500 72.7198
87600 72.9312
87700 73.5664
87800 74.4834
87900 75.4806
88000 76.4015
88100 77.1719
88200 77.7696
88300 78.1967
88400 78.4656
88500 78.5872
88600 78.5736
88700 78.4383
88800 78.1993
88900 77.8787
89000 77.5018
89100 77.0947
89200 76.6881
89300 76.3182
89400 76.0285
89500 75.8694
89600 75.8967
89700 76.19
89800 76.8721
89900 78.0909
90000 79.915
90100 82.2158
90200 84.6996
90300 87.0408
90400 89.0064
90500 90.5015
90600 91.533
90700 92.1525
90800 92.4198
90900 92.3926
91000 92.1293
91100 91.6964
91200 91.1721
91300 90.634
91400 90.1437
91500 89.734
91600 89.4263
91700 89.2702
91800 89.338
91900 89.6619
92000 90.1797
92100 90.7107
92200 91.1611
92300 91.4755
92400 91.6089
92500 91.5244
92600 91.1925
92700 90.5866
92800 89.6848
92900 88.4747
93000 86.9711
93100 85.2499
93200 83.5122
93300 82.0339
93400 80.9811
93500 80.3706
93600 80.0368
93700 79.8174
93800 79.6138
93900 79.3804
94000 79.0931
94100 78.7303
94200 78.2657
94300 77.6737
94400 76.9312
94500 76.0152
94600 74.903
94700 73.5803
94800 72.0648
94900 70.4473
95000 68.9023
95100 67.5433
95200 66.3451
95300 65.9099
95400 66.6852
95500 67.918
95600 69.5622
95700 71.6134
95800 73.8169
95900 75.8826
96000 77.6127
96100 78.9599
96200 79.9803
96300 80.7521
96400 81.3319
96500 81.7524
96600 82.0302
96700 82.1696
96800 82.1678
96900 82.0174
97000 81.7136
97100 81.2715
97200 80.7751
97300 80.4079
97400 80.3268
97500 80.5173
97600 80.9267
97700 81.5604
97800 82.4522
97900 83.6173
98000 84.9967
98100 86.4588
98200 87.8682
98300 89.1359
98400 90.2197
98500 91.1119
98600 91.8267
98700 92.3929
98800 92.8442
98900 93.2011
99000 93.4518
99100 93.5532
99200 93.4777
99300 93.2529
99400 92.9352
99500 92.5666
99600 92.1739
99700 91.7815
99800 91.4126
99900 91.0798
100000 90.7789
100100 90.4908
100200 90.1936
100300 89.8764
100400 89.5562
100500 89.2685
100600 89.0427
100700 88.8752
100800 88.7357
100900 88.5971
101000 88.4552
101100 88.3183
101200 88.1917
101300 88.0747
101400 87.9615
101500 87.843
101600 87.7084
101700 87.5442
101800 87.3377
101900 87.0767
102000 86.7456
102100 86.3594
102200 86.0244
102300 85.9202
102400 86.1564
102500 86.6933
102600 87.4147
102700 88.2091
102800 88.9664
102900 89.5668
103000 89.913
103100 89.9585
103200 89.7072
103300 89.1955
103400 88.4864
103500 87.6688
103600 86.8554
103700 86.1676
103800 85.7043
103900 85.5716
104000 85.7884
104100 86.2534
104200 86.8839
104300 87.627
104400 88.4605
104500 89.3865
104600 90.4081
104700 91.5115
104800 92.6872
104900 93.9109
105000 95.1548
105100 96.295
105200 97.2489
105300 97.9851
105400 98.4924
105500 98.7665
105600 98.8018
105700 98.586
105800 98.0878
105900 97.2228
106000 95.794
106100 93.5236
106200 90.4084
106300 87.0878
106400 84.5315
106500 83.3026
106600 83.3766
106700 84.4451
106800 86.0475
106900 87.7379
107000 89.2085
107100 90.3345
107200 91.1125
107300 91.577
107400 91.7624
107500 91.6946
107600 91.3892
107700 90.8562
107800 90.1052
107900 89.1541
108000 88.0411
108100 86.8461
108200 85.6695
108300 84.5884
108400 83.6496
108500 82.8894
108600 82.3452
108700 82.0454
108800 81.9655
108900 82.0271
109000 82.1716
109100 82.38
109200 82.6574
109300 83.073
109400 83.7003
109500 84.6289
109600 85.8164
109700 87.0156
109800 87.9553
109900 88.5006
110000 88.6584
110100 88.497
110200 88.0812
110300 87.4517
110400 86.6328
110500 85.6493
110600 84.5455
110700 83.3903
110800 82.2645
110900 81.2483
111000 80.4015
111100 79.7578
111200 79.3244
111300 79.0911
111400 79.0339
111500 79.1251
111600 79.3424
111700 79.6753
111800 80.1205
111900 80.6673
112000 81.2795
112100 81.8965
112200 82.4437
112300 82.8563
112400 83.094
112500 83.1405
112600 82.9923
112700 82.6468
112800 82.0957
112900 81.3239
113000 80.3109
113100 79.0375
113200 77.507
113300 75.785
113400 74.0405
113500 72.535
113600 71.4878
113700 70.925
113800 70.7871
113900 70.9786
114000 71.4437
114100 72.1314
114200 73.009
114300 74.1299
114400 75.6212
114500 77.6112
114600 80.1216
114700 83.0043
114800 85.9522
114900 88.614
115000 90.7422
115100 92.2559
115200 93.2093
115300 93.7153
115400 93.8783
115500 93.7668
115600 93.4178
115700 92.8506
115800 92.0791
115900 91.1191
116000 89.9992
116100 88.756
116200 87.4368
116300 86.1138
116400 84.9157
116500 83.9937
116600 83.4345
116700 83.2375
116800 83.35
116900 83.6978
117000 84.2217
117100 84.8958
117200 85.7198
117300 86.6946
117400 87.7949
117500 88.9576
117600 90.1
117700 91.1488
117800 92.0478
117900 92.761
118000 93.2787
118100 93.6216
118200 93.8367
118300 93.9774
118400 94.0753
118500 94.1344
118600 94.1435
118700 94.0878
118800 93.9544
118900 93.7347
119000 93.425
119100 93.0281
119200 92.5493
119300 91.9927
119400 91.3489
119500 90.5728
119600 89.5878
119700 88.3889
119800 87.1467
119900 86.0708
120000 85.2288
120100 84.5757
120200 84.0508
120300 83.6042
120400 83.194
120500 82.7878
120600 82.3636
120700 81.909
120800 81.4226
120900 80.9079
121000 80.3633
121100 79.78
121200 79.1385
121300 78.4173
121400 77.618
121500 76.781
121600 75.9689
121700 75.2231
121800 74.5483
121900 73.9278
122000 73.3377
122100 72.756
122200 72.1656
122300 71.5559
122400 70.9257
122500 70.2879
122600 69.6735
122700 69.1308
122800 68.7196
122900 68.5026
123000 68.5335
123100 68.8499
123200 69.4617
123300 70.3385
123400 71.4136
123500 72.6116
123600 73.8613
123700 75.0966
123800 76.2572
123900 77.2919
124000 78.1612
124100 78.8404
124200 79.3211
124300 79.6139
124400 79.7509
124500 79.7853
124600 79.7886
124700 79.8392
124800 80.013
124900 80.3691
125000 80.9352
125100 81.7106
125200 82.6698
125300 83.7732
125400 84.9783
125500 86.2617
125600 87.6301
125700 89.1148
125800 90.7475
125900 92.5127
126000 94.3028
126100 95.9296
126200 97.2033
126300 98.019
126400 98.3841
126500 98.3791
126600 98.0991
126700 97.6219
126800 97.0062
126900 96.3
127000 95.5459
127100 94.7792
127200 94.0208
127300 93.2768
127400 92.5343
127500 91.7618
127600 90.9383
127700 90.105
127800 89.3621
127900 88.7576
128000 88.2375
128100 87.7146
128200 87.1236
128300 86.4338
128400 85.6353
128500 84.726
128600 83.7077
128700 82.587
128800 81.3783
128900 80.1091
129000 78.8223
129100 77.565
129200 76.3795
129300 75.2788
129400 74.2438
129500 73.2526
129600 72.2775
129700 71.4173
129800 70.9569
129900 71.0249
130000 71.4362
130100 72.0599
130200 72.8557
130300 73.7085
130400 74.4782
130500 75.0927
130600 75.5409
130700 75.8335
130800 75.9854
130900 76.009
131000 75.9122
131100 75.6959
131200 75.3412
131300 74.7949
131400 74.0328
131500 73.2082
131600 72.581
131700 72.2725
131800 72.2725
131900 72.5866
132000 73.261
132100 74.2584
132200 75.5398
132300 77.063
132400 78.7206
132500 80.3347
132600 81.758
132700 82.9183
132800 83.7965
132900 84.3987
133000 84.7345
133100 84.8044
133200 84.5893
133300 84.0436
133400 83.1072
133500 81.7858
133600 80.2864
133700 79.037
133800 78.4241
133900 78.5584
134000 79.3857
134100 80.7378
134200 82.4349
134300 84.2842
134400 86.1018
134500 87.7546
134600 89.1697
134700 90.311
134800 91.1578
134900 91.6896
135000 91.8784
135100 91.6863
135200 91.0736
135300 90.0188
135400 88.5499
135500 86.7769
135600 84.9002
135700 83.1753
135800 81.8351
135900 81.0324
136000 80.832
136100 81.2303
136200 82.1652
136300 83.5113
136400 85.0878
136500 86.7012
136600 88.1873
136700 89.4292
136800 90.3589
136900 90.9539
137000 91.2142
137100 91.135
137200 90.69
137300 89.8321
137400 88.524
137500 86.8134
137600 84.9264
137700 83.3006
137800 82.4536
137900 82.6452
138000 83.7842
138100 85.5925
138200 87.663
138300 89.6209
138400 91.2177
138500 92.3688
138600 93.0951
138700 93.453
138800 93.4925
138900 93.2441
139000 92.7193
139100 91.9136
139200 90.8066
139300 89.3633
139400 87.5726
139500 85.5754
139600 83.856
139700 83.0378
139800 83.4175
139900 84.7537
140000 86.4112
140100 87.8782
140200 89.0183
140300 89.8462
140400 90.3843
140500 90.6371
140600 90.598
140700 90.2522
140800 89.578
140900 88.5513
141000 87.1628
141100 85.4521
141200 83.5587
141300 81.7363
141400 80.2587
141500 79.3011
141600 78.8988
141700 78.9884
141800 79.4475
141900 80.102
142000 80.7803
142100 81.3771
142200 81.8518
142300 82.1886
142400 82.3794
142500 82.4183
142600 82.297
142700 82.0005
142800 81.5024
142900 80.7653
143000 79.7693
143100 78.5751
143200 77.3658
143300 76.4112
143400 75.9816
143500 76.2408
143600 77.2135
143700 78.7566
143800 80.6928
143900 82.8053
144000 84.8429
144100 86.6187
144200 88.0465
144300 89.1084
144400 89.8134
144500 90.1791
144600 90.2242
144700 89.9547
144800 89.3482
144900 88.354
145000 86.927
145100 85.1183
145200 83.1576
145300 81.4075
145400 80.2109
145500 79.846
145600 80.1695
145700 80.7584
145800 81.5439
145900 82.5027
146000 83.5315
146100 84.5344
146200 85.4506
146300 86.2469
146400 86.9036
146500 87.4063
146600 87.741
146700 87.89
146800 87.8211
146900 87.4803
147000 86.8046
147100 85.7935
147200 84.5972
147300 83.4657
147400 82.6025
147500 82.1254
147600 82.0941
147700 82.4982
147800 83.234
147900 84.1357
148000 85.0511
148100 85.8775
148200 86.5616
148300 87.0838
148400 87.4406
148500 87.6337
148600 87.6625
148700 87.5149
148800 87.1592
148900 86.5559
149000 85.7236
149100 84.8155
149200 84.09
149300 83.7791
149400 83.9855
149500 84.684
149600 85.7752
149700 87.1287
149800 88.6157
149900 90.1273
150000 91.5896
150100 92.9605
150200 94.2224
150300 95.3783
150400 96.4562
150500 97.5361
150600 98.7824
150700 100.289
150800 101.755
150900 102.798
151000 103.399
151100 103.685
151200 103.722
151300 103.535
151400 103.136
151500 102.538
151600 101.76
151700 100.836
151800 99.8233
151900 98.8175
152000 97.9415
152100 97.3102
152200 96.9957
152300 97.0311
152400 97.4311
152500 98.1849
152600 99.2317
152700 100.445
152800 101.647
152900 102.645
153000 103.298
153100 103.585
153200 103.55
153300 103.225
153400 102.61
153500 101.687
153600 100.435
153700 98.8442
153800 96.9389
153900 94.7956
154000 92.5594
154100 90.4249
154200 88.5823
154300 87.1674
154400 86.2383
154500 85.7724
154600 85.6759
154700 85.8099
154800 86.0346
154900 86.2694
155000 86.4845
155100 86.6628
155200 86.7849
155300 86.8294
155400 86.7767
155500 86.6083
155600 86.3073
155700 85.8674
155800 85.3062
155900 84.6772
156000 84.0637
156100 83.5685
156200 83.2935
156300 83.3388
156400 83.7986
156500 84.7258
156600 86.0875
156700 87.7506
156800 89.515
156900 91.1762
157000 92.5755
157100 93.616
157200 94.2512
157300 94.4671
157400 94.2729
157500 93.6949
157600 92.7707
157700 91.5483
157800 90.0944
157900 88.5083
158000 86.9306
158100 85.5331
158200 84.5064
158300 84.0312
158400 84.1466
158500 84.7934
158600 85.9429
158700 87.5726
158800 89.6436
158900 92.0512
159000 94.5985
159100 97.0504
159200 99.2126
159300 100.971
159400 102.285
159500 103.154
159600 103.599
159700 103.643
159800 103.293
159900 102.524
160000 101.272
160100 99.4573
160200 97.0645
160300 94.2627
160400 91.4356
160500 89.0026
160600 87.1726
160700 85.8992
160800 85.0308
160900 84.4357
161000 84.034
161100 83.7908
161200 83.703
161300 83.7773
161400 84.0128
161500 84.4175
161600 85.0244
161700 85.8849
161800 87.0221
161900 88.3691
162000 89.7608
162100 91.0089
162200 91.9915
162300 92.6916
162400 93.17
162500 93.5119
162600 93.7891
162700 94.0413
162800 94.2757
162900 94.4694
163000 94.5785
163100 94.55
163200 94.3454
163300 93.9606
163400 93.4416
163500 92.8672
163600 92.3179
163700 91.8482
163800 91.4739
163900 91.16
164000 90.8541
164100 90.5377
164200 90.2218
164300 89.9125
164400 89.6055
164500 89.2903
164600 88.9617
164700 88.6084
164800 88.2158
164900 87.7731
165000 87.2755
165100 86.7212
165200 86.1083
165300 85.4406
165400 84.728
165500 83.9903
165600 83.2613
165700 82.5978
165800 82.0753
165900 81.7211
166000 81.4855
166100 81.3131
166200 81.1723
166300 81.0473
166400 80.9315
166500 80.8266
166600 80.7353
166700 80.6692
166800 80.6612
166900 80.7728
167000 81.0903
167100 81.7164
167200 82.7579
167300 84.2276
167400 85.9428
167500 87.6184
167600 89.0568
167700 90.172
167800 90.97
167900 91.499
168000 91.8207
168100 92.0034
168200 92.1225
168300 92.2572
168400 92.4728
168500 92.8006
168600 93.225
168700 93.6799
168800 94.0763
168900 94.3369
169000 94.428
169100 94.3831
169200 94.3111
169300 94.3562
169400 94.6586
169500 95.1895
169600 95.8576
169700 96.5235
169800 97.0218
169900 97.2233
170000 97.1011
170100 96.7309
170200 96.2198
170300 95.6454
170400 95.0513
170500 94.4623
170600 93.8909
170700 93.3356
170800 92.7754
170900 92.1615
171000 91.4096
171100 90.4034
171200 89.0469
171300 87.3906
171400 85.7167
171500 84.4088
171600 83.6115
171700 83.249
171800 83.2099
171900 83.3458
172000 83.5065
172100 83.7078
172200 83.9909
172300 84.3701
172400 84.8011
172500 85.2435
172600 85.7118
172700 86.2593
172800 86.9519
172900 87.8515
173000 89.0162
173100 90.5023
173200 92.3539
173300 94.5739
173400 97.0866
173500 99.7364
173600 102.324
173700 104.669
173800 106.655
173900 108.226
174000 109.374
174100 110.111
174200 110.453
174300 110.418
174400 110.025
174500 109.283
174600 108.19
174700 106.77
174800 105.128
174900 103.478
175000 102.056
175100 101.074
175200 100.475
175300 100.056
175400 99.6714
175500 99.2228
175600 98.6711
175700 98.015
175800 97.278
175900 96.499
176000 95.722
176100 94.9786
176200 94.273
176300 93.5764
176400 92.8315
176500 92.0117
176600 91.2011
176700 90.6435
176800 90.4994
176900 90.675
177000 90.9202
177100 91.0808
177200 91.1154
177300 90.9988
177400 90.6999
177500 90.1858
177600 89.4257
177700 88.3949
177800 87.0831
177900 85.5141
178000 83.7732
178100 82.0326
178200 80.5345
178300 79.5045
178400 79.1064
178500 79.3106
178600 79.952
178700 80.8341
178800 81.7672
178900 82.6169
179000 83.325
179100 83.8893
179200 84.3231
179300 84.6414
179400 84.8533
179500 84.9668
179600 84.9906
179700 84.9344
179800 84.8139
179900 84.6765
180000 84.6506
180100 84.9386
180200 85.6847
180300 86.8983
180400 88.4933
180500 90.3354
180600 92.2633
180700 94.1321
180800 95.8399
180900 97.3332
181000 98.5898
181100 99.6067
181200 100.39
181300 100.947
181400 101.274
181500 101.337
181600 101.065
181700 100.409
181800 99.3989
181900 98.1148
182000 96.6368
182100 95.0403
182200 93.4088
182300 91.8671
182400 90.576
182500 89.654
182600 89.1609
182700 89.1436
182800 89.5101
182900 90.0061
183000 90.3869
183100 90.5249
183200 90.4106
183300 90.0735
183400 89.5388
183500 88.8217
183600 87.9356
183700 86.8974
183800 85.7333
183900 84.4849
184000 83.208
184100 81.962
184200 80.7922
184300 79.7305
184400 78.8665
184500 78.3566
184600 78.2751
184700 78.5354
184800 79.0154
184900 79.6312
185000 80.3102
185100 80.9699
185200 81.5358
185300 81.9527
185400 82.1881
185500 82.2223
185600 82.037
185700 81.6051
185800 80.885
185900 79.8254
186000 78.3999
186100 76.6781
186200 74.8827
186300 73.3277
186400 72.2554
186500 71.7149
186600 71.613
186700 71.8502
186800 72.3734
186900 73.149
187000 74.1341
187100 75.273
187200 76.5026
187300 77.77
187400 79.0342
187500 80.267
187600 81.45
187700 82.5703
187800 83.617
187900 84.5815
188000 85.4583
188100 86.2506
188200 86.9747
188300 87.6547
188400 88.3093
188500 88.9524
188600 89.6014
188700 90.265
188800 90.9318
188900 91.5754
189000 92.1646
189100 92.6714
189200 93.0728
189300 93.3491
189400 93.4784
189500 93.4311
189600 93.1728
189700 92.6911
189800 92.03
189900 91.2859
190000 90.5571
190100 89.8903
190200 89.2706
190300 88.649
190400 87.9717
190500 87.2025
190600 86.3335
190700 85.3797
190800 84.3795
190900 83.3844
191000 82.4418
191100 81.5872
191200 80.8417
191300 80.2224
191400 79.7457
191500 79.4117
191600 79.1878
191700 79.0185
191800 78.8515
191900 78.6454
192000 78.3696
192100 78.0166
192200 77.6007
192300 77.1478
192400 76.6738
192500 76.1756
192600 75.6406
192700 75.0575
192800 74.4227
192900 73.7432
193000 73.0431
193100 72.362
193200 71.7631
193300 71.3345
193400 71.1852
193500 71.4588
193600 72.219
193700 73.404
193800 74.8608
193900 76.4397
194000 77.9949
194100 79.4132
194200 80.6335
194300 81.6411
194400 82.4496
194500 83.0888
194600 83.5941
194700 84.0023
194800 84.3479
194900 84.6611
195000 84.971
195100 85.2942
195200 85.6248
195300 85.9393
195400 86.2164
195500 86.4459
195600 86.6317
195700 86.7803
195800 86.8873
195900 86.9394
196000 86.9142
196100 86.796
196200 86.5834
196300 86.2937
196400 85.9686
196500 85.6658
196600 85.4433
196700 85.3555
196800 85.4473
196900 85.7541
197000 86.2991
197100 87.0793
197200 88.048
197300 89.0996
197400 90.0881
197500 90.8845
197600 91.4216
197700 91.6903
197800 91.7074
197900 91.4906
198000 91.0497
198100 90.3859
198200 89.4943
198300 88.3676
198400 87.0057
198500 85.4395
198600 83.7822
198700 82.295
198800 81.301
198900 81.0751
199000 81.7089
199100 82.843
199200 83.9914
199300 84.949
199400 85.7433
199500 86.4292
199600 87.0211
199700 87.5076
199800 87.8674
199900 88.0679
200000 88.0682
