# Fix print output for fix totenergy
-4854.00548280335
-4853.98022240779
-4853.97572990988
-4853.96326101434
-4853.92970925689
-4853.85956543335
-4853.78137139051
-4853.66990911361
-4853.52191900156
-4853.37733548383
-4853.21496608756
-4853.05653438122
-4852.95541041769
-4852.96800422199
-4853.14332887088
-4853.4662281314
-4853.86192811031
-4854.24340795667
-4854.55954631165
-4854.80283200596
-4854.99203442359
-4855.13622410509
-4855.25320502037
-4855.3536392396
-4855.47310609716
-4855.57523932391
-4855.72886955153
-4855.87435437523
-4856.16641510317
-4856.56621307029
-4856.93351646881
-4857.12727826503
-4857.2097777169
-4857.25038864616
-4857.26964727097
-4857.2663195459
-4857.23040480259
-4857.1524512981
-4857.03649723395
-4856.9155933971
-4856.85302416619
-4856.90105466393
-4857.03631745806
-4857.18388780555
-4857.2985584851
-4857.38433839001
-4857.47043394731
-4857.58595759986
-4857.74501547321
-4857.93332750113
-4858.11350032833
-4858.25591981456
-4858.35305259271
-4858.41219029066
-4858.44352123603
-4858.45527884447
-4858.4521391719
-4858.43226306191
-4858.373979237
-4858.19543527684
-4857.73262946199
-4857.00464301596
-4856.46480356131
-4856.31352846462
-4856.41363467416
-4856.50266265321
-4856.59458912535
-4856.67960053502
-4856.74836321754
-4856.88153095005
-4857.02119363163
-4857.14261495974
-4857.2266119667
-4857.27800769346
-4857.30938124641
-4857.33178817685
-4857.34879726306
-4857.35406407428
-4857.32973497622
-4857.24955446966
-4857.0697186529
-4856.77325222213
-4856.41687140959
-4856.20135767099
-4856.24656882504
-4856.49092579663
-4856.88371640157
-4857.29178573454
-4857.68249358656
-4857.97994592818
-4858.17912174323
-4858.29664497241
-4858.35572360243
-4858.37659303123
-4858.37293178549
-4858.35080343282
-4858.30708049587
-4858.22459158181
-4858.06291816432
-4857.76437772753
-4857.34181209813
-4857.02916905782
-4856.90286441797
-4856.84119066438
-4856.75441978169
-4856.68615079903
-4856.75503358366
-4856.92012700244
-4857.10447124397
-4857.25026632803
-4857.34521959777
-4857.39957804359
-4857.42404956248
-4857.42243443812
-4857.39012022425
-4857.31033050963
-4857.14404416978
-4856.81679080335
-4856.24859455653
-4855.51301944794
-4854.97560966084
-4854.99447573327
-4855.50577341307
-4856.15139196381
-4856.66678724526
-4857.00056849462
-4857.2002469825
-4857.31610146397
-4857.38270830049
-4857.44049278023
-4857.46499765798
-4857.46726769696
-4857.44743349271
-4857.39570976703
-4857.37547548055
-4857.37470102055
-4857.38450785388
-4857.39812713392
-4857.41561950981
-4857.44496600184
-4857.49825959455
-4857.57797217999
-4857.66555658522
-4857.73439084331
-4857.77125681243
-4857.77906731127
-4857.76722446053
-4857.74148234528
-4857.6977903256
-4857.612889002
-4857.43722654511
-4857.12485474562
-4856.71015813067
-4856.33284771907
-4856.13898976351
-4856.1638923587
-4856.31622925993
-4856.50317728081
-4856.68447232337
-4856.85779628788
-4857.0152447666
-4857.16618926801
-4857.31369700946
-4857.45548817047
-4857.58509865126
-4857.69465756696
-4857.77835533897
-4857.83762159791
-4857.88004274776
-4857.91332094685
-4857.94180746663
-4857.96619100724
-4857.98430274426
-4857.98959721752
-4857.96657350066
-4857.87455404704
-4857.61501759399
-4857.02076038511
-4856.06388405284
-4855.23742931904
-4855.16891770675
-4855.79047446641
-4856.48899131658
-4856.99811948013
-4857.34908132536
-4857.56229568434
-4857.6913676656
-4857.75215268279
-4857.76937830169
-4857.75758267098
-4857.72232458259
-4857.66154111006
-4857.56890746347
-4857.44237029491
-4857.29593846304
-4857.15648520851
-4857.03749957092
-4856.96567151017
-4856.88918384563
-4856.77476264443
-4856.60224979646
-4856.30780123664
-4855.97865453896
-4855.80154998232
-4855.90218697707
-4856.10632336797
-4856.34704022113
-4856.597480847
-4856.816692967
-4856.97534425354
-4857.07025181724
-4857.11476064415
-4857.12557733574
-4857.11400195148
-4857.07866778527
-4857.01092354962
-4856.78634088865
-4856.2589209286
-4855.55511336998
-4855.30724412387
-4855.94217348695
-4856.82528612222
-4857.35267700808
-4857.57067855668
-4857.65990775072
-4857.69795484565
-4857.7045663369
-4857.68916602305
-4857.6612179296
-4857.62640634911
-4857.58486548643
-4857.53305198253
-4857.46599405367
-4857.3776060453
-4857.27975695718
-4857.05646907718
-4856.69636564939
-4856.04886845002
-4855.1889761937
-4854.60354186086
-4854.59662579352
-4854.86043600318
-4855.18409364831
-4855.57614467766
-4856.02175336399
-4856.377319603
-4856.55912668658
-4856.64645693598
-4856.68602403491
-4856.69406384508
-4856.67401442591
-4856.62450166262
-4856.54224304425
-4856.42444022242
-4856.2723757133
-4856.09822185823
-4855.93576158335
-4855.85894109807
-4855.9714411901
-4856.38485320053
-4857.05117991977
-4857.68524126894
-4858.07027714424
-4858.24281426363
-4858.30578222383
-4858.32279273526
-4858.32162350268
-4858.30727044441
-4858.26630313737
-4858.17188906673
-4857.99972564881
-4857.75683519637
-4857.50021983699
-4857.30685153529
-4857.21083437915
-4857.18340138692
-4857.17646199753
-4857.17838631184
-4857.14927094109
-4857.08558013206
-4857.0274682663
-4856.96806353937
-4856.91426969923
-4856.86526193691
-4856.81563928927
-4856.75974669367
-4856.6923165495
-4856.60717241104
-4856.49564621714
-4856.3460383199
-4856.14664088523
-4855.89338932328
-4855.64016533603
-4855.35477023142
-4855.10015480048
-4854.900591281
-4854.89696913954
-4855.30780789102
-4856.04992666526
-4856.54860832427
-4856.6620386169
-4856.67784297018
-4856.68975331564
-4856.6672607597
-4856.65431883107
-4856.60661338196
-4856.50828688961
-4856.34200592871
-4856.09867254598
-4855.80725414477
-4855.57009377201
-4855.53656918995
-4855.7827073605
-4856.23229180255
-4856.70010010057
-4857.03202754669
-4857.2232214185
-4857.33673992022
-4857.41088811933
-4857.45654175748
-4857.47505917471
-4857.46800505703
-4857.44028831052
-4857.4015386197
-4857.36678264705
-4857.35231655769
-4857.36416083486
-4857.39065498709
-4857.41152759018
-4857.41161899145
-4857.37300921723
-4857.25246845055
-4856.98772344126
-4856.60289879079
-4856.31253109445
-4856.34527388191
-4856.66770650182
-4857.0509200781
-4857.33302444689
-4857.49512554642
-4857.57502765777
-4857.61699141101
-4857.63567710344
-4857.63467801886
-4857.6041747818
-4857.52068644597
-4857.34192648533
-4857.01525144391
-4856.52653658242
-4855.97077761099
-4855.50629299312
-4855.19974209992
-4855.02596724129
-4855.00466926372
-4855.20662948029
-4855.58370464249
-4855.96136081517
-4856.24049951246
-4856.4158396408
-4856.51728608941
-4856.57169771143
-4856.59432781853
-4856.5912213128
-4856.56500238202
-4856.52061524671
-4856.46856116468
-4856.4172812687
-4856.36002317298
-4856.2674278129
-4856.15092207054
-4855.87250501307
-4855.4386142836
-4854.79837648611
-4854.1309058809
-4854.21075138495
-4855.15464568358
-4856.13982789707
-4856.69556467886
-4856.91936630345
-4856.99943254367
-4857.04346432967
-4857.05897651417
-4857.04812555642
-4857.00045658731
-4856.91853033722
-4856.75918377803
-4856.52733383581
-4856.20903542713
-4855.88788268579
-4855.46193077689
-4854.83033479282
-4853.92547530244
-4853.61161702325
-4854.85892066271
-4856.25380097392
-4856.84551369428
-4857.04686713431
-4857.10230847858
-4857.13645794368
-4857.138906255
-4857.11518333202
-4857.06480620409
-4856.98135454078
-4856.85169918696
-4856.66306334732
-4856.43173060097
-4856.25277420742
-4856.29439069038
-4856.62525134049
-4857.05020849096
-4857.35158574039
-4857.49947305374
-4857.50895101521
-4857.59810193274
-4857.69657030265
-4857.7965302316
-4857.89127269128
-4857.97859878214
-4858.06029063188
-4858.14119650239
-4858.22390537309
-4858.29796713475
-4858.34650297859
-4858.36825687624
-4858.37587663728
-4858.37876786809
-4858.37098418456
-4858.32613587352
-4858.19962722413
-4857.9476753093
-4857.57373316059
-4857.19333698473
-4856.83899352969
-4856.55165178126
-4856.28135803694
-4856.0017367725
-4855.79843980809
-4855.74047564497
-4855.93163083517
-4856.23531075565
-4856.51269867207
-4856.69210812794
-4856.77194233163
-4856.7937541761
-4856.80134941082
-4856.8145332361
-4856.8337462145
-4856.85062714874
-4856.85214064207
-4856.82201541974
-4856.74354005205
-4856.60299286207
-4856.3797425138
-4855.98851085305
-4855.21238348984
-4853.74970135447
-4852.25142280451
-4851.74752065695
-4853.92005564787
-4856.07356993836
-4856.79762691433
-4857.00215599696
-4857.08574245806
-4857.14329964593
-4857.19910272656
-4857.27470076874
-4857.3776434711
-4857.48245051104
-4857.56232748994
-4857.61023155969
-4857.62963489862
-4857.62130674126
-4857.57672171347
-4857.47547889909
-4857.28835845347
-4857.01929152512
-4856.63422802182
-4856.25557951755
-4855.82472027557
-4855.3593995962
-4854.96872552348
-4854.85361884296
-4855.18717728533
-4855.89351359814
-4856.57048967786
-4857.02507847673
-4857.26422304122
-4857.36714591965
-4857.39831037916
-4857.39474334691
-4857.37568994279
-4857.34860912134
-4857.31042852011
-4857.24788348356
-4857.14087904274
-4856.9754844965
-4856.76344005814
-4856.54319910438
-4856.35626640116
-4856.2284320914
-4856.19127089102
-4856.20053548023
-4856.24668675872
-4856.33919608489
-4856.49921903157
-4856.75699575644
-4856.95135654105
-4857.10311979441
-4857.29071715243
-4857.53618996663
-4857.83043688639
-4858.08592981074
-4858.25896498915
-4858.35798140681
-4858.41209206152
-4858.43943027024
-4858.44722337414
-4858.43913871977
-4858.41874089005
-4858.38936317782
-4858.35217725383
-4858.30302328388
-4858.23246396526
-4858.1293922548
-4857.98970782053
-4857.82490623605
-4857.65969647476
-4857.51937104522
-4857.41604965242
-4857.34321617241
-4857.28326381912
-4857.21817502498
-4857.1298678028
-4856.9914695952
-4856.75778107264
-4856.35842709711
-4855.72163385206
-4854.93686224848
-4854.4584589414
-4854.71091322316
-4855.40952666212
-4855.98274793557
-4856.27924210006
-4856.41333579867
-4856.47932620697
-4856.51472263561
-4856.52831121732
-4856.51671548749
-4856.47055787275
-4856.37540071526
-4856.24365626207
-4855.96294405636
-4855.38849803377
-4854.4147794793
-4854.01974563261
-4855.24973377595
-4856.92597224874
-4857.71625619013
-4857.94812454604
-4858.01645437176
-4858.03430313415
-4858.02273913823
-4857.9812167753
-4857.90400322306
-4857.78536679036
-4857.62299547549
-4857.42364369979
-4857.20691199591
-4857.0031122441
-4856.84038247399
-4856.73196884402
-4856.67869529574
-4856.67888632294
-4856.73390715849
-4856.84408738373
-4856.99711539932
-4857.16359914932
-4857.31093862829
-4857.42262711132
-4857.49946305957
-4857.54883309105
-4857.57681217701
-4857.58592838651
-4857.57475172036
-4857.53573087192
-4857.44533044414
-4857.23833776785
-4856.79900417329
-4856.1283645399
-4855.58067727859
-4855.41144884924
-4855.41832123519
-4855.47252061102
-4855.66141929583
-4856.05584389191
-4856.52365843554
-4856.95311120503
-4857.27331538357
-4857.46911089359
-4857.56640349373
-4857.60138259423
-4857.60046683495
-4857.5768092563
-4857.53389325293
-4857.47117609117
-4857.39123120681
-4857.30521670952
-4857.23019535318
-4857.17524450623
-4857.13619585137
-4857.13723844291
-4857.11451362416
-4857.12583835024
-4857.20049677651
-4857.43059767119
-4857.71570166688
-4857.94928270237
-4858.09075166664
-4858.16581503843
-4858.20588758252
-4858.22691166517
-4858.23175259056
-4858.2300185799
-4858.21663451588
-4858.18607640945
-4858.0998804126
-4857.88439970496
-4857.45812043191
-4856.94725652357
-4856.63693062494
-4856.61173947403
-4856.74726654343
-4856.93750501505
-4857.01654890981
-4857.09940607163
-4857.16708682336
-4857.23763612818
-4857.32690282366
-4857.43843856368
-4857.55933165083
-4857.67384692277
-4857.77304913409
-4857.8544021689
-4857.9176752012
-4857.96301029373
-4857.99138127912
-4858.00483000423
-4858.00415103098
-4857.98132776984
-4857.90491698292
-4857.70237705273
-4857.28836297382
-4856.71952919171
-4856.26586654456
-4855.97373620013
-4855.82930385318
-4855.66450563233
-4855.43290324476
-4855.61640581473
-4856.28254813733
-4856.98715991723
-4857.37510115089
-4857.51240045916
-4857.55130038055
-4857.56202956256
-4857.55899494262
-4857.53520042102
-4857.47853012372
-4857.38520614688
-4857.2806995267
-4857.23095067126
-4857.2960925654
-4857.43761022767
-4857.54874088716
-4857.59146345814
-4857.59706716266
-4857.58604108162
-4857.50701644867
-4857.13328568184
-4856.08877944469
-4854.81573182922
-4854.66305941503
-4855.49020903013
-4856.19845692374
-4856.49055950184
-4856.56862024274
-4856.58395783248
-4856.58604740766
-4856.57687128239
-4856.53753264108
-4856.44752271316
-4856.31543331902
-4856.20954375689
-4856.22211995814
-4856.35809952824
-4856.54958731834
-4856.63363622664
-4856.69170524241
-4856.69007823216
-4856.64596946065
-4856.70787905813
-4856.99854652777
-4857.38698846926
-4857.7103794201
-4857.9068761287
-4857.99754868744
-4858.02583852216
-4858.02657809857
-4858.02016754268
-4858.01344404283
-4858.0038011463
-4857.98244203118
-4857.933044787
-4857.83012222969
-4857.64309567904
-4857.35470681636
-4857.00228892835
-4856.70587910207
-4856.58342991648
-4856.64915003189
-4856.74742928056
-4856.7545745108
-4856.76580405616
-4856.74556804005
-4856.66312808007
-4856.62806249438
-4856.66589814588
-4856.77452035743
-4856.90616017206
-4857.01660182028
-4857.09277945217
-4857.14117204451
-4857.16907749501
-4857.1756769494
-4857.15092031182
-4857.07852309412
-4856.94138834848
-4856.72273901756
-4856.4394065892
-4855.99725428956
-4855.48166773993
-4855.25981740552
-4855.77127830442
-4856.4393500483
-4856.86274443765
-4857.06286258684
-4857.21546768312
-4857.32885431498
-4857.51515614621
-4857.63764836258
-4857.74175510763
-4857.79816049908
-4857.81443228915
-4857.80267286866
-4857.77185967704
-4857.72591714457
-4857.6660682662
-4857.59436831609
-4857.51658130563
-4857.44143704611
-4857.37550272055
-4857.3177069546
-4857.25231617687
-4857.14504170467
-4856.96449803135
-4856.75575443892
-4856.67542303481
-4856.82559673755
-4857.10339132489
-4857.33643415075
-4857.49712799355
-4857.54574314793
-4857.5618489856
-4857.51423736524
-4857.46101320864
-4857.32398987978
-4856.98941053174
-4856.18559636499
-4854.71514473654
-4853.39627220247
-4853.37439878789
-4854.35967654666
-4855.33162243908
-4855.91544264165
-4856.19949814931
-4856.33514509942
-4856.39992515978
-4856.42478316808
-4856.4207252684
-4856.39003717175
-4856.33077610844
-4856.2361330386
-4856.09542954448
-4855.94224460065
-4855.76260744766
-4855.70951755734
-4856.1149635404
-4856.80890745426
-4857.38202199529
-4857.69501641743
-4857.83112986067
-4857.90759842762
-4857.94007439208
-4857.94659935293
-4857.93048594615
-4857.88418076037
-4857.78943952807
-4857.61803358113
-4857.33876670901
-4856.94477567427
-4856.50607815237
-4856.18701893457
-4856.14641153086
-4856.38929798625
-4856.76541055608
-4857.09485718703
-4857.2957758451
-4857.38570057128
-4857.44120743892
-4857.50434274455
-4857.54673795603
-4857.56389709796
-4857.55815065737
-4857.54201710655
-4857.53787113779
-4857.56575554157
-4857.62242582296
-4857.67739901538
-4857.70227978107
-4857.69818543763
-4857.67268096785
-4857.55650801137
-4857.05571550687
-4855.86069407245
-4854.77876966731
-4854.91304943914
-4855.72038000313
-4856.32570693768
-4856.59718328884
-4856.69032549434
-4856.71484985014
-4856.7157653934
-4856.70360808898
-4856.66744432112
-4856.57482378246
-4856.37895886895
-4856.07472383155
-4855.83529356332
-4855.84606287388
-4856.10123393416
-4856.36769018603
-4856.53246360505
-4856.63608594846
-4856.63067637913
-4856.55652959462
-4856.49560365627
-4856.33701264924
-4856.27515869702
-4856.26510763751
-4856.32363735594
-4856.4177073563
-4856.49706678571
-4856.54011714005
-4856.55037592945
-4856.53332903163
-4856.47474123796
-4856.30415210317
-4855.82814806231
-4854.83247685002
-4853.85579292362
-4854.1846580377
-4855.46875097963
-4856.38198561368
-4856.66379946491
-4856.69520234701
-4856.6931665108
-4856.70034318652
-4856.77572900221
-4856.90700653712
-4857.06148439612
-4857.19865257273
-4857.30185803006
-4857.37406528527
-4857.42364277286
-4857.45657630085
-4857.47455715251
-4857.47398872791
-4857.44433711874
-4857.37115052438
-4857.2755940623
-4857.03887795638
-4856.60578399185
-4855.90488403991
-4855.39516256364
-4855.42095578833
-4855.8455381871
-4856.27679536327
-4856.62487032698
-4856.95248069169
-4857.21782649221
-4857.45862446379
-4857.61614488856
-4857.71712100133
-4857.76220493895
-4857.77212970763
-4857.75577575631
-4857.70829498003
-4857.60958756343
-4857.42217751974
-4857.08999173535
-4856.53087489096
-4855.6398593641
-4854.19088699973
-4852.35966462567
-4850.70041971868
-4851.8849275402
-4854.30706344107
-4855.52485533952
-4856.08958988931
-4856.44408287989
-4856.75697482037
-4856.99158644641
-4857.14485627352
-4857.23420825125
-4857.28140483928
-4857.29997098629
-4857.29137753012
-4857.24592510362
-4857.14756992854
-4856.98020674822
-4856.78056866661
-4856.53512148483
-4856.28095899425
-4856.00419087838
-4855.75959576761
-4855.75259119259
-4855.8724163003
-4856.07098242161
-4856.40608728022
-4856.77585167874
-4857.10668471828
-4857.36103641823
-4857.54581910116
-4857.67501649707
-4857.75819223823
-4857.80341965898
-4857.81814126499
-4857.80499935997
-4857.75842224898
-4857.65875232978
-4857.45420987695
-4857.00879837907
-4856.03096566706
-4854.44265253712
-4853.46536323953
-4853.5336954861
-4853.70163548718
-4854.87547917245
-4856.73830439675
-4857.64228435907
-4857.8930298799
-4857.95796765295
-4857.9700085329
-4857.95488955012
-4857.91486836381
-4857.84550324735
-4857.73862443991
-4857.58110707649
-4857.35493693601
-4857.04573739189
-4856.69865814764
-4856.36430653205
-4856.08611747487
-4855.81841386937
-4855.6538854501
-4855.80653801545
-4856.16843175366
-4856.56016774229
-4856.85606490847
-4857.03781904848
-4857.14115088836
-4857.2033982928
-4857.24754648955
-4857.28505258056
-4857.32305242812
-4857.37243022988
-4857.45186685223
-4857.57546429501
-4857.73492213678
-4857.89957949354
-4858.03358960568
-4858.11750988507
-4858.15766230865
-4858.17024622735
-4858.15924168019
-4858.10714641918
-4857.98208935845
-4857.7607604999
-4857.4697019408
-4857.14418165624
-4856.83189666583
-4856.48182161026
-4856.10023931475
-4855.89510046598
-4855.90950384718
-4856.0609202085
-4856.24678402136
-4856.39388071287
-4856.48634141537
-4856.54169951613
-4856.58456747258
-4856.63031714401
-4856.68353482817
-4856.743238288
-4856.80780421045
-4856.88002332578
-4856.96821049607
-4857.0794464273
-4857.20496592591
-4857.31709341175
-4857.39422836456
-4857.44002967586
-4857.47055575458
-4857.49160506677
-4857.49555110235
-4857.48167985795
-4857.45739104723
-4857.44799079732
-4857.46288603119
-4857.4957969245
-4857.53276895469
-4857.5594615142
-4857.56479530231
-4857.54356366793
-4857.49775505581
-4857.42949142541
-4857.3249750815
-4857.13180646787
-4856.7658392954
-4856.23321427652
-4855.77787385248
-4855.72063436429
-4856.03853535024
-4856.42977873444
-4856.70758783147
-4856.86288319298
-4856.94170210747
-4856.97783366643
-4856.98523203921
-4856.96446299035
-4856.90416954265
-4856.7677378644
-4856.43886819593
-4855.60439164945
-4854.016482654
-4852.84062965526
-4853.36130633127
-4854.09958392127
-4854.39916875986
-4854.76348039296
-4855.19329068863
-4855.57075428181
-4855.79544012149
-4855.93476279637
-4856.03583717585
-4856.10107928222
-4856.18192315257
-4856.26258261298
-4856.34680944749
-4856.43156829832
-4856.54776922051
-4856.59957973148
-4856.62495356562
-4856.62708881015
-4856.59098637724
-4856.46234816102
-4856.36856436484
-4856.33011735237
-4856.36115187193
-4856.43034625937
-4856.50864643395
-4856.58507551556
-4856.65748458156
-4856.72435940784
-4856.78185835628
-4856.82519120234
-4856.85036765878
-4856.85423917157
-4856.83148183924
-4856.77335533337
-4856.67392235896
-4856.55604333511
-4856.51311134926
-4856.68995457005
-4857.1132123021
-4857.57107064816
-4857.82315171505
-4857.95119570457
-4858.02040574136
-4858.07853727941
-4858.11915059532
-4858.14133231515
-4858.13881506153
-4858.10347010885
-4858.0193177788
-4857.84720170971
-4857.49774922747
-4856.83640025261
-4855.89476724536
-4855.08918278999
-4854.73984599518
-4854.7410123885
-4854.87117022685
-4855.00508653108
-4855.10585892009
-4855.17301306485
-4855.21291293317
-4855.22907256934
-4855.21835902986
-4855.16383283431
-4855.01649757063
-4854.66631154156
-4853.96005167674
-4852.96368544078
-4852.29191352811
-4852.56638123953
-4853.50974431035
-4854.38381339257
-4854.90807817238
-4855.18143767597
-4855.32556537732
-4855.40289857107
-4855.43964026172
-4855.44591755855
-4855.42472113661
-4855.42741766095
-4855.34413616298
-4855.20232949806
-4854.93948426207
-4854.49970062434
-4854.03185901052
-4854.13089589893
-4855.04751805804
-4856.07354057308
-4856.57480138091
-4856.74672126546
-4856.80902938
-4856.83417057359
-4856.83718864354
-4856.81130437823
-4856.73808426856
-4856.60136801236
-4856.41990288431
-4856.27988842707
-4856.30251905235
-4856.43347044738
-4856.63107097542
-4856.8895775875
-4857.18910300972
-4857.40046486581
-4857.59610194686
-4857.78407852946
-4857.95235808675
-4858.06699838223
-4858.13761665833
-4858.1745928995
-4858.18437010343
-4858.16818749082
-4858.11648795432
-4857.9877581657
-4857.62799593379
-4856.64582438318
-4855.10293472175
-4854.4812040115
-4855.2228823419
-4856.21123722413
-4856.84057929985
-4857.16271102606
-4857.32086306575
-4857.39655096151
-4857.42685751416
-4857.42650654418
-4857.39727673703
-4857.330306313
-4857.20499387798
-4856.98927118173
-4856.6526908729
-4856.23397641436
-4855.81722471371
-4855.57367748817
-4855.4310433308
-4854.95872711193
-4854.22763873996
-4854.22202372536
-4854.85627278629
-4855.41828484756
-4855.72825613704
-4855.8778703332
-4855.94554655178
-4855.96963973585
-4855.96383439091
-4855.92674709482
-4855.84716577044
-4855.71298373978
-4855.53405284057
-4855.38612632165
-4855.40897581286
-4855.74003143788
-4856.31249135
-4856.90489042761
-4857.21351647574
-4857.41011876492
-4857.5234928066
-4857.59203017804
-4857.62927837073
-4857.6389599416
-4857.6227678233
-4857.58314073424
-4857.52538082554
-4857.46127769204
-4857.41104425429
-4857.39449356517
-4857.4074596991
-4857.42186675552
-4857.41336913562
-4857.37094365589
-4857.26035317038
-4856.9878846171
-4856.5144176979
-4856.11956521612
-4856.14268243951
-4856.48961216627
-4856.84773659642
-4857.07183428815
-4857.18027629442
-4857.22502245984
-4857.24012206464
-4857.24148728402
-4857.23362973005
-4857.21086658866
-4857.14601441919
-4856.96070903207
-4856.55051812148
-4856.00831937206
-4855.63880399316
-4855.62709360822
-4855.955208257
-4856.35431482411
-4856.65620951414
-4856.86457668688
-4856.97960101831
-4857.04556607447
-4857.0722033624
-4857.07211658803
-4857.03467330163
-4856.93114145097
-4856.74573205052
-4856.52009756531
-4856.36915951925
-4856.43764354907
-4856.75551104554
-4857.15368919212
-4857.44719921033
-4857.60028891111
-4857.66463502274
-4857.68833648077
-4857.69592529164
-4857.69440208781
-4857.67599351651
-4857.61065811639
-4857.42560232661
-4857.00171424954
-4856.31234606093
-4855.68143905737
-4855.59691428054
-4855.98455904686
-4856.45885542757
-4856.78809342595
-4856.97718920422
-4857.11023513562
-4857.09587861026
-4857.09498159075
-4857.07284690613
-4857.03751663522
-4856.99342801793
-4856.94116022679
-4856.87914156276
-4856.80473185601
-4856.71312692058
-4856.59117831515
-4856.40900621849
-4856.12107776012
-4855.70015043723
-4855.27698884424
-4855.1136409228
-4855.2963313705
-4855.60290390152
-4855.8311709492
-4855.96508980998
-4856.07624120154
-4856.16165500434
-4856.26039337834
-4856.41395703033
-4856.54769419704
-4856.6510971926
-4856.73289281837
-4856.79653970235
-4856.84498979953
-4856.88870076842
-4856.94691302144
-4857.04260532816
-4857.19344984486
-4857.39941945115
-4857.63130727992
-4857.83882649543
-4858.00568590489
-4858.07632831055
-4858.11846574912
-4858.14491279815
-4858.20751525873
-4858.28512600906
-4858.37510270693
-4858.46809374952
-4858.55013634759
-4858.61039299924
-4858.64636599759
-4858.66278863317
-4858.66758260031
-4858.66766540562
-4858.66618845444
-4858.65855890079
-4858.6233392161
-4858.51538096022
-4858.30741798934
-4858.04891446626
-4857.80979146311
-4857.61460771063
-4857.4534555457
-4857.33319201274
-4857.19232284908
-4857.01572597935
-4856.75686705622
-4856.46621959512
-4856.21777388039
-4856.04150992573
-4855.99818655273
-4856.02229011718
-4856.0680063188
-4856.11075956872
-4856.1412207195
-4856.15419395689
-4856.14143432314
-4856.09018179732
-4855.99323062452
-4855.87834267618
-4855.83022843863
-4855.92191944598
-4856.1278587246
-4856.24651926645
-4856.3089215078
-4856.36380601397
-4856.39930260114
-4856.50443262608
-4856.63874796945
-4856.77299723997
-4856.88421358497
-4856.96749889683
-4857.02568953089
-4857.06172195673
-4857.07670459062
-4857.06882599318
-4857.02900694049
-4856.93034190488
-4856.75039117309
-4856.44863339962
-4856.13274808777
-4855.76557174014
-4855.25990900595
-4854.96659160584
-4855.31357282582
-4855.96885155515
-4856.53365192364
-4856.88689235453
-4857.07860460255
-4857.17491560859
-4857.21621253239
-4857.22266002684
-4857.20474974215
-4857.16551774327
-4857.09592010694
-4856.96315290868
-4856.70337266833
-4856.26972010051
-4855.78809713081
-4855.59574939814
-4855.87777227007
-4856.40065959432
-4856.82404437268
-4857.03250916663
-4857.09356890253
-4857.09621054814
-4857.08397537594
-4857.05985358935
-4856.98207979186
-4856.78468267729
-4856.47089398118
-4856.18180879422
-4856.08359201616
-4856.20987033803
-4856.46140833317
-4856.71422179743
-4856.90167141311
-4857.0221505747
-4857.10188297939
-4857.16516464339
-4857.22573761524
-4857.29051938428
-4857.36543774014
-4857.45623789712
-4857.56456961206
-4857.68429504996
-4857.80526471993
-4857.91914878284
-4858.0213270168
-4858.10979635605
-4858.18257420624
-4858.23766509116
-4858.29301304305
-4858.30385480332
-4858.26668897547
-4858.21144558835
-4858.10939721385
-4857.97714144195
-4857.7628873771
-4857.38533790341
-4856.79329801535
-4856.29779146264
-4856.10625247016
-4856.16849042564
-4856.32060518081
-4856.45949407782
-4856.5567587867
-4856.6159185681
-4856.64506095509
-4856.64745541351
-4856.61710666727
-4856.5269437892
-4856.2987213716
-4855.77445463525
-4854.86044767627
-4853.9259267516
-4853.38179918763
-4853.16159502891
-4853.02447943118
-4853.81844860315
-4855.07787314556
-4855.79092523607
-4856.04104713551
-4856.11557339969
-4856.13383710071
-4856.1273757348
-4856.09703902175
-4856.03125320811
-4855.91456099752
-4855.73903583655
-4855.56332966657
-4855.33473852812
-4855.09708418545
-4854.80710251009
-4854.56861662273
-4854.74477495138
-4855.53019150535
-4856.23784173606
-4856.64503986161
-4856.84039495482
-4856.97599834326
-4857.04613760704
-4857.07389098763
-4857.07299827461
-4857.04961528224
-4857.00470822631
-4856.93542724642
-4856.83625692955
-4856.73073206998
-4856.57084027968
-4856.39649700901
-4856.25460342316
-4856.30413629835
-4856.55313906086
-4856.93177511495
-4857.21491010611
-4857.40125026003
-4857.58482205162
-4857.75830889962
-4857.93160958931
-4858.06648639952
-4858.1627448132
-4858.22395679943
-4858.25430376646
-4858.25652643761
-4858.23089622053
-4858.17369843891
-4858.06330461001
-4857.80898339473
-4857.23412618882
-4856.49146192213
-4856.047535965
-4856.00793648842
-4856.20841943337
-4856.41067075113
-4856.59434034486
-4856.77696718274
-4856.92731437103
-4857.08072623837
-4857.18783534376
-4857.24902493164
-4857.27550416432
-4857.27456478963
-4857.25813348512
-4857.21101859398
-4857.08684952645
-4856.7799373275
-4856.19664048295
-4855.5762404792
-4855.19020317615
-4855.16868217041
-4855.42838806202
-4855.87415851829
-4856.25422629687
-4856.53702746815
-4856.81222158048
-4857.02486753952
-4857.17433057346
-4857.26620702376
-4857.31198226778
-4857.32340813053
-4857.30862690091
-4857.2716094231
-4857.18295966249
-4856.95277423924
-4856.27070286288
-4854.90408357816
-4853.98538016851
-4854.3977948487
-4855.38299564597
-4856.20738217241
-4856.72662397606
-4857.02144106523
-4857.17927547881
-4857.25826997327
-4857.29294500234
-4857.29878324396
-4857.27393478069
-4857.20093580804
-4857.05671691982
-4856.83741471856
-4856.60872381896
-4856.44214973604
-4856.38972330529
-4856.40437996261
-4856.47414728811
-4856.53602058772
-4856.62761305094
-4856.63878648294
-4856.61829710456
-4856.51063992919
-4856.38835577321
-4856.30259200788
-4856.26152886638
-4856.26643633284
-4856.30305129501
-4856.35529183925
-4856.41158345707
-4856.46462910575
-4856.50834652222
-4856.53562859346
-4856.53921143345
-4856.51451417204
-4856.4570335698
-4856.39359085348
-4856.15939896876
-4855.60629338171
-4854.84497872727
-4854.4703795082
-4855.17861047397
-4856.3273938101
-4857.05919392074
-4857.3699596277
-4857.4885562573
-4857.53237966451
-4857.53984841909
-4857.51919611694
-4857.46890203744
-4857.38654035298
-4857.27394943394
-4857.13915784987
-4856.99980444701
-4856.87974643253
-4856.82101313943
-4856.85445602066
-4856.89849162329
-4856.93328570797
-4856.96593266585
-4856.99580300213
-4857.10685837326
-4857.24752320946
-4857.37683741409
-4857.4686884053
-4857.52033326929
-4857.53998541936
-4857.53537894203
-4857.5080739382
-4857.44947728798
-4857.33547255417
-4857.12019966462
-4856.75079528729
-4856.24438736103
-4855.78363778084
-4855.66301357194
-4856.03097618982
-4856.66297612965
-4857.19644286296
-4857.52355597615
-4857.66931278937
-4857.71807827239
-4857.74442885805
-4857.74049356605
-4857.71045275409
-4857.65476041829
-4857.57015097516
-4857.44931217959
-4857.28594466512
-4857.08828955598
-4856.89454881014
-4856.76278044665
-4856.72070910068
-4856.73846972822
-4856.80302193883
-4856.8372187206
-4856.81923808553
-4856.76716932119
-4856.6250544628
-4856.3522289259
-4855.97003801172
-4855.58129380287
-4855.43783606609
-4855.57105852462
-4855.79571578478
-4855.97019051594
-4856.06793489945
-4856.11328537584
-4856.1305833677
-4856.12778129915
-4856.09046794768
-4855.9690057187
-4855.66300978279
-4855.08509539125
-4854.46469441986
-4854.55059966066
-4855.26237456644
-4855.70745851583
-4855.86133840034
-4856.08401643925
-4856.38732022325
-4856.66310770591
-4856.86293144131
-4857.03261954045
-4857.13244319337
-4857.17720790458
-4857.18368391041
-4857.16548668414
-4857.13157280032
-4857.0863768506
-4857.03042905363
-4856.96121366636
-4856.8744307051
-4856.76650747904
-4856.63810157704
-4856.49804117409
-4856.36718556558
-4856.27540681202
-4856.24231915696
-4856.25376562707
-4856.27551513768
-4856.34093659394
-4856.33676472526
-4856.26284041575
-4856.23415783566
-4856.22605534337
-4856.33544035816
-4856.71426081525
-4857.2936485113
-4857.74499262298
-4857.97079947078
-4858.06992666321
-4858.11691171361
-4858.14039984874
-4858.14548442688
-4858.12471256738
-4858.06290817091
-4857.94085485362
-4857.76401813273
-4857.49882752136
-4857.14073804155
-4856.60375046245
-4855.96688337366
-4855.66158361469
-4855.87724173464
-4856.4276937117
-4856.97757038207
-4857.34824451818
-4857.54401292389
-4857.63116996545
-4857.66209554456
-4857.66451762858
-4857.65156499122
-4857.62646839667
-4857.5834166831
-4857.50977115016
-4857.38822311143
-4857.20601767911
-4856.97533655768
-4856.74798790703
-4856.60848531613
-4856.54078559833
-4856.49532719123
-4856.40044282984
-4856.26531893082
-4856.32360250066
-4856.53272720823
-4856.7943081506
-4857.09475646306
-4857.38681287504
-4857.60257384958
-4857.71971485835
-4857.77595600585
-4857.8006298862
-4857.80882869985
-4857.80522800383
-4857.784808956
-4857.72277992897
-4857.53482854151
-4857.01260457092
-4856.07228794279
-4855.37662665329
-4855.4919112101
-4856.04839514727
-4856.5959126458
-4857.01042805318
-4857.31019049174
-4857.5235695383
-4857.66703572784
-4857.75445685755
-4857.80044365488
-4857.81498974575
-4857.80096206937
-4857.75288822258
-4857.65291970923
-4857.45751449986
-4857.07496113537
-4856.38656215138
-4855.50182510736
-4854.80805274377
-4854.60014017598
-4854.89315970802
-4855.54209820288
-4856.14747901488
-4856.55210146306
-4856.7705495044
-4856.87129137688
-4856.9101975914
-4856.91619711694
-4856.89990941104
-4856.86371572348
-4856.80916686133
-4856.74608579068
-4856.70039053906
-4856.70674978605
-4856.78502439256
-4856.92696296907
-4857.10546808642
-4857.30678784705
-4857.41700374411
-4857.4852196562
-4857.55061012535
-4857.62647492222
-4857.6670023045
-4857.71844118628
-4857.74962861596
-4857.76402149126
-4857.76120823861
-4857.73087574097
-4857.64027061716
-4857.41126579617
-4856.92573167441
-4856.19169848829
-4855.54803694114
-4855.40301564943
-4855.65657544115
-4856.05551654735
-4856.42077899431
-4856.68944820083
-4856.97789618712
-4857.16834263379
-4857.29658281091
-4857.38117082742
-4857.40305314047
-4857.41411515574
-4857.39901001462
-4857.3682115104
-4857.32983883413
-4857.28727065055
-4857.23718136367
-4857.17022461455
-4857.07430983851
-4856.94495684277
-4856.80539707
-4856.71867348127
-4856.74408422332
-4856.85343543808
-4856.95090815594
-4856.99860605063
-4857.01570108664
-4857.02668526828
-4856.96735201199
-4856.79207266131
-4856.43025477013
-4856.06745558033
-4856.16980515204
-4856.68727654494
-4857.20555818815
-4857.5018685434
-4857.62370866359
-4857.66546245492
-4857.68001754114
-4857.68372371007
-4857.66796079061
-4857.60048237189
-4857.42072080744
-4857.05329150437
-4856.49320791731
-4855.96984991121
-4855.83568289464
-4856.06153356285
-4856.35035966106
-4856.50491507378
-4856.63798353418
-4856.79827402256
-4857.06179287969
-4857.35804957162
-4857.62229329437
-4857.81070508665
-4857.921976327
-4857.97752298443
-4857.99810066281
-4857.99454136826
-4857.96326379448
-4857.87463897845
-4857.63149336684
-4856.98492287968
-4855.72222011702
-4854.57626208798
-4854.26029366416
-4854.30841467541
-4854.59571363207
-4855.31797781774
-4856.14186785435
-4856.67720832469
-4856.97254579904
-4857.14618857205
-4857.25851695142
-4857.3314438129
-4857.37336218807
-4857.38833671092
-4857.37764247313
-4857.33926598124
-4857.26985022775
-4857.16691579925
-4857.02788644182
-4856.840437183
-4856.66571357988
-4856.44191338804
-4856.2196737967
-4855.91415720419
-4855.65912514016
-4855.6814124094
-4855.86176024121
-4856.20677946551
-4856.68981734425
-4857.11875601388
-4857.39598734607
-4857.55511611594
-4857.64190604091
-4857.68548316228
-4857.6992441228
-4857.68536860646
-4857.63587992653
-4857.54926710683
-4857.33246766751
-4856.80926954461
-4855.76687041198
-4854.41059481232
-4853.63297171006
-4853.71702328115
-4854.33374355965
-4855.28585741539
-4856.05014290781
-4856.50160282439
-4856.74251392535
-4856.87611380208
-4856.95434158005
-4856.99743344267
-4857.01343963657
-4857.00498086244
-4856.97036010687
-4856.90464171405
-4856.80161603715
-4856.65647024064
-4856.49657329698
-4856.29226383406
-4856.05582991643
-4855.67203773915
-4855.0252749989
-4854.4126197963
-4854.69356242832
-4855.60289010849
-4856.23025255391
-4856.48175177803
-4856.59347590573
-4856.63689370461
-4856.66868479064
-4856.67026057103
-4856.64736923731
-4856.60651148844
-4856.55269489753
-4856.48928505717
-4856.41823820611
-4856.34235768277
-4856.24793623262
-4856.12467579203
-4855.95150423974
-4855.72616178153
-4855.57794991263
-4855.91453057428
-4856.86135692899
-4857.57511135667
-4857.80977245969
-4857.88585890446
-4857.93349191324
-4857.96733719672
-4857.9797146133
-4857.96517593146
-4857.92171580314
-4857.84626863569
-4857.73220222297
-4857.56918570726
-4857.34773736155
-4857.06423384906
-4856.7243741683
-4856.34630354178
-4855.88805264936
-4855.30604080558
-4854.62854523931
-4854.49198354067
-4855.30578906318
-4856.3730397951
-4856.98064020815
-4857.22025371996
-4857.31827462491
-4857.36399681699
-4857.37959149386
-4857.36962449179
-4857.34362079437
-4857.32746570182
-4857.35000420567
-4857.40485097233
-4857.44933818155
-4857.5017950831
-4857.44430008633
-4857.35483340764
-4857.03757513078
-4856.34738869871
-4855.58006436028
-4855.4454612285
-4855.94188796366
-4856.54974578002
-4856.94745023464
-4857.15914610522
-4857.24179475201
-4857.2704405868
-4857.27774404516
-4857.27430372149
-4857.25848118171
-4857.21715024198
-4857.11966249174
-4856.91613951694
-4856.57922551094
-4856.20538881562
-4855.96236313203
-4855.93954345702
