# Time-averaged data for fix msdoutZ
# TimeStep c_msdO[4]
100 21.4229
200 21.4477
300 21.4986
400 21.5879
500 21.7393
600 21.9927
700 22.431
800 23.1006
900 23.9945
1000 25.054
1100 26.1616
1200 27.2271
1300 28.1996
1400 29.0551
1500 29.7904
1600 30.4124
1700 30.9298
1800 31.3483
1900 31.6746
2000 31.9188
2100 32.0928
2200 32.2108
2300 32.2925
2400 32.3635
2500 32.4522
2600 32.5894
2700 32.803
2800 33.1079
2900 33.4985
3000 33.9477
3100 34.4169
3200 34.8628
3300 35.2423
3400 35.5217
3500 35.685
3600 35.7274
3700 35.6512
3800 35.4684
3900 35.2011
4000 34.8737
4100 34.499
4200 34.0718
4300 33.605
4400 33.1757
4500 32.8841
4600 32.7527
4700 32.7118
4800 32.6805
4900 32.61
5000 32.482
5100 32.301
5200 32.0889
5300 31.8853
5400 31.7452
5500 31.7416
5600 31.9809
5700 32.5952
5800 33.623
5900 34.7759
6000 35.6001
6100 35.9901
6200 36.0644
6300 35.8793
6400 35.469
6500 34.891
6600 34.2341
6700 33.6076
6800 33.1198
6900 32.8501
7000 32.8363
7100 33.0847
7200 33.5815
7300 34.2915
7400 35.1482
7500 36.0456
7600 36.8574
7700 37.4543
7800 37.728
7900 37.6148
8000 37.1247
8100 36.3587
8200 35.499
8300 34.7458
8400 34.2208
8500 33.9183
8600 33.7836
8700 33.7764
8800 33.8674
8900 34.025
9000 34.2119
9100 34.3927
9200 34.5358
9300 34.6181
9400 34.6332
9500 34.5922
9600 34.5185
9700 34.437
9800 34.369
9900 34.3311
10000 34.3312
10100 34.374
10200 34.4584
10300 34.5718
10400 34.6743
10500 34.7039
10600 34.613
10700 34.3881
10800 34.0478
10900 33.6301
11000 33.1848
11100 32.7681
11200 32.4375
11300 32.2515
11400 32.2544
11500 32.4562
11600 32.8244
11700 33.2847
11800 33.7479
11900 34.1476
12000 34.4473
12100 34.6388
12200 34.7245
12300 34.712
12400 34.6152
12500 34.4602
12600 34.2799
12700 34.1108
12800 33.9878
12900 33.9348
13000 33.9616
13100 34.0649
13200 34.2355
13300 34.4531
13400 34.673
13500 34.8209
13600 34.8218
13700 34.6383
13800 34.277
13900 33.7713
14000 33.165
14100 32.5082
14200 31.8621
14300 31.2961
14400 30.8848
14500 30.7034
14600 30.837
14700 31.4039
14800 32.4878
14900 33.9095
15000 35.191
15100 36.0035
15200 36.3641
15300 36.3661
15400 36.0614
15500 35.4974
15600 34.7494
15700 33.9337
15800 33.1921
15900 32.6529
16000 32.399
16100 32.465
16200 32.8574
16300 33.5643
16400 34.5549
16500 35.7463
16600 36.9986
16700 38.1469
16800 39.0483
16900 39.5973
17000 39.7144
17100 39.3342
17200 38.4197
17300 37.0136
17400 35.3005
17500 33.6046
17600 32.2327
17700 31.2644
17800 30.7432
17900 31.1509
18000 32.4438
18100 33.8751
18200 35.1681
18300 36.2663
18400 37.1245
18500 37.6926
18600 37.9414
18700 37.8605
18800 37.4584
18900 36.7749
19000 35.9021
19100 34.9797
19200 34.1509
19300 33.5003
19400 33.058
19500 32.8365
19600 32.85
19700 33.1117
19800 33.6026
19900 34.2284
20000 34.84
20100 35.307
20200 35.5575
20300 35.5616
20400 35.2985
20500 34.7805
20600 34.1506
20700 33.6301
20800 33.3205
20900 33.1904
21000 33.1922
21100 33.3036
21200 33.5121
21300 33.799
21400 34.1354
21500 34.4842
21600 34.8094
21700 35.0807
21800 35.2826
21900 35.4186
22000 35.5022
22100 35.5428
22200 35.5473
22300 35.5199
22400 35.4682
22500 35.3999
22600 35.3271
22700 35.2591
22800 35.1997
22900 35.1431
23000 35.0781
23100 34.9887
23200 34.8505
23300 34.6339
23400 34.3316
23500 33.9906
23600 33.6866
23700 33.4791
23800 33.4251
23900 33.5758
24000 33.922
24100 34.3914
24200 34.8999
24300 35.3759
24400 35.7609
24500 36.0043
24600 36.0677
24700 35.9269
24800 35.5796
24900 35.0558
25000 34.407
25100 33.69
25200 32.9843
25300 32.4815
25400 32.3706
25500 32.5972
25600 33.001
25700 33.5035
25800 34.0854
25900 34.7298
26000 35.4059
26100 36.0772
26200 36.7035
26300 37.2405
26400 37.6421
26500 37.8612
26600 37.8582
26700 37.6285
26800 37.2335
26900 36.7846
27000 36.3805
27100 36.0834
27200 35.9187
27300 35.8773
27400 35.9376
27500 36.0813
27600 36.2921
27700 36.5474
27800 36.8215
27900 37.0849
28000 37.2958
28100 37.3995
28200 37.3459
28300 37.1137
28400 36.7398
28500 36.3072
28600 35.9211
28700 35.6607
28800 35.5667
28900 35.6494
29000 35.8933
29100 36.2577
29200 36.6765
29300 37.076
29400 37.3988
29500 37.6031
29600 37.6579
29700 37.5394
29800 37.2301
29900 36.7219
30000 36.0376
30100 35.2589
30200 34.5219
30300 33.9821
30400 33.7397
30500 33.7906
30600 34.0711
30700 34.5177
30800 35.0711
30900 35.6681
31000 36.2358
31100 36.6932
31200 36.9645
31300 36.9836
31400 36.6975
31500 36.066
31600 35.0871
31700 33.9021
31800 32.8701
31900 32.23
32000 31.9454
32100 31.9674
32200 32.2488
32300 32.6938
32400 33.1829
32500 33.6384
32600 34.0255
32700 34.3596
32800 34.6631
32900 34.9592
33000 35.2334
33100 35.4369
33200 35.5273
33300 35.5068
33400 35.4076
33500 35.2663
33600 35.1121
33700 34.9642
33800 34.8385
33900 34.749
34000 34.7031
34100 34.7051
34200 34.7542
34300 34.8401
34400 34.9387
34500 35.0087
34600 35.008
34700 34.9101
34800 34.7179
34900 34.4565
35000 34.1684
35100 33.9045
35200 33.7073
35300 33.6038
35400 33.6074
35500 33.7268
35600 33.9789
35700 34.3909
35800 34.9666
35900 35.6338
36000 36.262
36100 36.7508
36200 37.065
36300 37.2063
36400 37.1829
36500 37.0016
36600 36.6867
36700 36.2941
36800 35.8998
36900 35.5683
37000 35.3292
37100 35.1956
37200 35.1813
37300 35.2815
37400 35.4574
37500 35.6412
37600 35.7662
37700 35.7962
37800 35.7302
37900 35.5781
38000 35.3466
38100 35.0555
38200 34.7483
38300 34.469
38400 34.2462
38500 34.0963
38600 34.0251
38700 34.0355
38800 34.1293
38900 34.3048
39000 34.5471
39100 34.8205
39200 35.0761
39300 35.2701
39400 35.3709
39500 35.3618
39600 35.2442
39700 35.0328
39800 34.7571
39900 34.458
40000 34.1857
40100 33.9784
40200 33.8471
40300 33.802
40400 33.8898
40500 34.1887
40600 34.7253
40700 35.3958
40800 36.03
40900 36.484
41000 36.6976
41100 36.6874
41200 36.4853
41300 36.1031
41400 35.5498
41500 34.8525
41600 34.0738
41700 33.3242
41800 32.7387
41900 32.4254
42000 32.4295
42100 32.7504
42200 33.3588
42300 34.1804
42400 35.0824
42500 35.9116
42600 36.5473
42700 36.9239
42800 37.0167
42900 36.8187
43000 36.3255
43100 35.532
43200 34.4697
43300 33.2696
43400 32.1539
43500 31.2464
43600 30.5691
43700 30.6838
43800 31.6724
43900 32.9564
44000 34.46
44100 35.8918
44200 36.8973
44300 37.385
44400 37.4548
44500 37.2223
44600 36.7577
44700 36.1121
44800 35.3404
44900 34.5155
45000 33.7398
45100 33.1343
45200 32.7853
45300 32.7008
45400 32.842
45500 33.1733
45600 33.6753
45700 34.3012
45800 34.945
45900 35.4815
46000 35.8295
46100 35.9668
46200 35.9049
46300 35.6722
46400 35.2971
46500 34.7947
46600 34.1755
46700 33.4745
46800 32.787
46900 32.2646
47000 31.9708
47100 31.7888
47200 32.1523
47300 33.1695
47400 34.1953
47500 35.1339
47600 35.9383
47700 36.4618
47800 36.6397
47900 36.5223
48000 36.208
48100 35.7861
48200 35.3182
48300 34.8424
48400 34.3908
48500 34.0014
48600 33.7125
48700 33.5548
48800 33.5389
48900 33.6505
49000 33.8597
49100 34.1206
49200 34.3747
49300 34.5707
49400 34.6826
49500 34.7038
49600 34.6433
49700 34.5139
49800 34.3312
49900 34.1079
50000 33.8598
50100 33.6202
50200 33.4559
50300 33.4417
50400 33.6021
50500 33.8946
50600 34.2611
50700 34.6553
50800 35.0509
50900 35.444
51000 35.8554
51100 36.3106
51200 36.7832
51300 37.1909
51400 37.4801
51500 37.6621
51600 37.7651
51700 37.8026
51800 37.7711
51900 37.642
52000 37.3538
52100 36.8697
52200 36.2777
52300 35.7314
52400 35.2893
52500 34.9318
52600 34.6389
52700 34.4119
52800 34.2697
52900 34.2165
53000 34.2215
53100 34.2441
53200 34.2719
53300 34.317
53400 34.3934
53500 34.5008
53600 34.6186
53700 34.7076
53800 34.7285
53900 34.6715
54000 34.6026
54100 34.6087
54200 34.6953
54300 34.8389
54400 35.0322
54500 35.229
54600 35.3736
54700 35.4576
54800 35.4849
54900 35.4532
55000 35.3406
55100 35.1279
55200 34.832
55300 34.4936
55400 34.1608
55500 33.8814
55600 33.6978
55700 33.6454
55800 33.7443
55900 33.9881
56000 34.3467
56100 34.7592
56200 35.1508
56300 35.4541
56400 35.6174
56500 35.6095
56600 35.433
56700 35.1409
56800 34.8028
56900 34.4604
57000 34.1316
57100 33.8369
57200 33.605
57300 33.4638
57400 33.4334
57500 33.5337
57600 33.7823
57700 34.1898
57800 34.7484
57900 35.4081
58000 36.0679
58100 36.618
58200 36.9734
58300 37.087
58400 36.9548
58500 36.6119
58600 36.1265
58700 35.5842
58800 35.0599
58900 34.6003
59000 34.2363
59100 34.0032
59200 33.9615
59300 34.1915
59400 34.7511
59500 35.5827
59600 36.4991
59700 37.3647
59800 38.1318
59900 38.7943
60000 39.3562
60100 39.8063
60200 40.105
60300 40.2163
60400 40.1525
60500 39.9207
60600 39.4969
60700 38.8565
60800 38.004
60900 37.0021
61000 35.9902
61100 35.1406
61200 34.5466
61300 34.1889
61400 34.0168
61500 33.9912
61600 34.0901
61700 34.3042
61800 34.6338
61900 35.0649
62000 35.541
62100 35.9675
62200 36.2547
62300 36.3321
62400 36.1351
62500 35.5949
62600 34.6838
62700 33.5214
62800 32.405
62900 31.6183
63000 31.2415
63100 31.2496
63200 31.5917
63300 32.1854
63400 32.9409
63500 33.7625
63600 34.5427
63700 35.1719
63800 35.5734
63900 35.7132
64000 35.605
64100 35.3051
64200 34.8952
64300 34.4634
64400 34.0806
64500 33.7943
64600 33.6299
64700 33.5991
64800 33.7006
64900 33.9187
65000 34.2257
65100 34.5867
65200 34.9707
65300 35.3466
65400 35.6716
65500 35.8914
65600 35.9721
65700 35.9259
65800 35.7838
65900 35.5692
66000 35.3056
66100 35.0219
66200 34.7556
66300 34.5496
66400 34.4566
66500 34.5285
66600 34.7979
66700 35.2544
66800 35.8336
66900 36.4296
67000 36.9195
67100 37.2012
67200 37.2156
67300 36.9609
67400 36.4946
67500 35.9155
67600 35.327
67700 34.8113
67800 34.4128
67900 34.1541
68000 34.0463
68100 34.0858
68200 34.249
68300 34.4958
68400 34.785
68500 35.0746
68600 35.3197
68700 35.4681
68800 35.4804
68900 35.3542
69000 35.1211
69100 34.8342
69200 34.5579
69300 34.3512
69400 34.258
69500 34.3036
69600 34.4982
69700 34.8412
69800 35.3221
69900 35.9161
70000 36.5612
70100 37.1274
70200 37.4503
70300 37.4416
70400 37.141
70500 36.6263
70600 35.9569
70700 35.2047
70800 34.4644
70900 33.8397
71000 33.4128
71100 33.2438
71200 33.3615
71300 33.7663
71400 34.4369
71500 35.3349
71600 36.3817
71700 37.432
71800 38.2941
71900 38.8001
72000 38.8566
72100 38.457
72200 37.6839
72300 36.7029
72400 35.7082
72500 34.8469
72600 34.1899
72700 33.7592
72800 33.5341
72900 33.4641
73000 33.5175
73100 33.6807
73200 33.9443
73300 34.2973
73400 34.7227
73500 35.1925
73600 35.6557
73700 36.0342
73800 36.2394
73900 36.2071
74000 35.9394
74100 35.5068
74200 35.0103
74300 34.5336
74400 34.1276
74500 33.8188
74600 33.6155
74700 33.5073
74800 33.4809
74900 33.5177
75000 33.5982
75100 33.708
75200 33.8382
75300 33.9817
75400 34.1286
75500 34.2692
75600 34.4082
75700 34.5715
75800 34.7905
75900 35.0622
76000 35.3384
76100 35.5561
76200 35.6569
76300 35.61
76400 35.4156
76500 35.0932
76600 34.6777
76700 34.2153
76800 33.7676
76900 33.4072
77000 33.2004
77100 33.1982
77200 33.4423
77300 33.9988
77400 34.9366
77500 36.1571
77600 37.3453
77700 38.21
77800 38.6679
77900 38.7624
78000 38.5365
78100 38.0146
78200 37.2242
78300 36.2235
78400 35.1263
78500 34.079
78600 33.1904
78700 32.4732
78800 31.8819
78900 31.416
79000 31.1715
79100 31.2037
79200 31.3888
79300 31.6139
79400 31.8667
79500 32.1956
79600 32.6618
79700 33.3046
79800 34.0971
79900 34.936
80000 35.7086
80100 36.3458
80200 36.8283
80300 37.1614
80400 37.3545
80500 37.4034
80600 37.2992
80700 37.0517
80800 36.6942
80900 36.2852
81000 35.8876
81100 35.5581
81200 35.3332
81300 35.2308
81400 35.269
81500 35.4621
81600 35.7869
81700 36.1678
81800 36.5283
81900 36.8235
82000 37.0237
82100 37.1072
82200 37.0607
82300 36.8785
82400 36.5638
82500 36.1309
82600 35.6044
82700 35.0193
82800 34.4197
82900 33.8675
83000 33.4236
83100 33.142
83200 33.0605
83300 33.1961
83400 33.5361
83500 34.0346
83600 34.6159
83700 35.1917
83800 35.6856
83900 36.0386
84000 36.2039
84100 36.1438
84200 35.8355
84300 35.2861
84400 34.5552
84500 33.7767
84600 33.1012
84700 32.605
84800 32.3049
84900 32.2054
85000 32.3274
85100 32.6867
85200 33.313
85300 34.2014
85400 35.1804
85500 35.9581
85600 36.4007
85700 36.5483
85800 36.4627
85900 36.1822
86000 35.7364
86100 35.1627
86200 34.5211
86300 33.9031
86400 33.4168
86500 33.156
86600 33.174
86700 33.4914
86800 34.1152
86900 35.0108
87000 36.0499
87100 37.0319
87200 37.7902
87300 38.2497
87400 38.4099
87500 38.3033
87600 37.9747
87700 37.4788
87800 36.8759
87900 36.2178
88000 35.5345
88100 34.838
88200 34.1393
88300 33.4719
88400 32.9025
88500 32.5056
88600 32.3097
88700 32.2837
88800 32.384
88900 32.5863
89000 32.8927
89100 33.3359
89200 33.9881
89300 34.939
89400 36.1943
89500 37.5536
89600 38.6842
89700 39.3518
89800 39.5487
89900 39.378
90000 38.9204
90100 38.2142
90200 37.2904
90300 36.1916
90400 34.9874
90500 33.7978
90600 32.8078
90700 32.2075
90800 32.0772
90900 32.372
91000 32.9817
91100 33.7387
91200 34.4308
91300 34.9253
91400 35.2059
91500 35.2971
91600 35.2228
91700 35.0049
91800 34.6696
91900 34.2571
92000 33.8216
92100 33.4327
92200 33.1661
92300 33.0831
92400 33.2003
92500 33.4868
92600 33.8903
92700 34.3611
92800 34.8367
92900 35.226
93000 35.4378
93100 35.4119
93200 35.136
93300 34.6438
93400 34.0017
93500 33.2942
93600 32.6125
93700 32.0564
93800 31.7329
93900 31.7187
94000 31.9704
94100 32.3378
94200 32.7349
94300 33.1869
94400 33.6724
94500 34.1328
94600 34.5545
94700 34.9236
94800 35.19
94900 35.2988
95000 35.2431
95100 35.0417
95200 34.7222
95300 34.3305
95400 33.9286
95500 33.586
95600 33.3652
95700 33.3104
95800 33.4559
95900 33.8259
96000 34.4152
96100 35.1858
96200 36.0747
96300 37.002
96400 37.8612
96500 38.5212
96600 38.8585
96700 38.7944
96800 38.3272
96900 37.5442
97000 36.5969
97100 35.6424
97200 34.8068
97300 34.2185
97400 33.9601
97500 33.9672
97600 34.1614
97700 34.4969
97800 34.9199
97900 35.358
98000 35.7349
98100 35.9811
98200 36.0366
98300 35.8515
98400 35.3917
98500 34.6614
98600 33.7487
98700 32.8291
98800 32.0362
98900 31.4528
99000 31.5795
99100 32.661
99200 34.168
99300 35.97
99400 37.8946
99500 39.5744
99600 40.716
99700 41.2335
99800 41.2207
99900 40.8145
100000 40.1141
100100 39.191
100200 38.1114
100300 36.9384
100400 35.7144
100500 34.4594
100600 33.2031
100700 32.0311
100800 31.0756
100900 30.4557
101000 30.2388
101100 30.4147
101200 30.8874
101300 31.5133
101400 32.1468
101500 32.684
101600 33.0776
101700 33.3185
101800 33.4094
101900 33.3511
102000 33.1377
102100 32.7512
102200 32.15
102300 31.3318
102400 30.5686
102500 30.2589
102600 30.5588
102700 31.6331
102800 33.0846
102900 34.3832
103000 35.522
103100 36.5275
103200 37.3352
103300 37.8748
103400 38.1115
103500 38.0417
103600 37.6811
103700 37.0585
103800 36.2267
103900 35.277
104000 34.3546
104100 33.6401
104200 33.2802
104300 33.3053
104400 33.6312
104500 34.1039
104600 34.5736
104700 34.9898
104800 35.3764
104900 35.7498
105000 36.0832
105100 36.3202
105200 36.4125
105300 36.3373
105400 36.1076
105500 35.7526
105600 35.3081
105700 34.8189
105800 34.3424
105900 33.9415
106000 33.6679
106100 33.5416
106200 33.5496
106300 33.6611
106400 33.8474
106500 34.0795
106600 34.3227
106700 34.542
106800 34.7073
106900 34.8067
107000 34.8474
107100 34.8588
107200 34.9018
107300 35.0576
107400 35.3694
107500 35.7999
107600 36.2715
107700 36.7194
107800 37.1047
107900 37.4052
108000 37.6077
108100 37.7022
108200 37.6764
108300 37.5277
108400 37.2656
108500 36.9202
108600 36.5425
108700 36.1888
108800 35.9083
108900 35.728
109000 35.6403
109100 35.6131
109200 35.6002
109300 35.5593
109400 35.4626
109500 35.2963
109600 35.0583
109700 34.7503
109800 34.3869
109900 33.9876
110000 33.5613
110100 33.1037
110200 32.6785
110300 32.4705
110400 32.5762
110500 32.9191
110600 33.3923
110700 33.922
110800 34.4493
110900 34.9048
111000 35.2271
111100 35.3879
111200 35.3883
111300 35.2534
111400 35.0226
111500 34.7385
111600 34.4498
111700 34.2195
111800 34.1312
111900 34.2829
112000 34.7574
112100 35.5752
112200 36.6049
112300 37.5386
112400 38.0674
112500 38.1062
112600 37.7547
112700 37.111
112800 36.2271
112900 35.1659
113000 34.0355
113100 32.9877
113200 32.1883
113300 31.7573
113400 31.6952
113500 31.8882
113600 32.1984
113700 32.6347
113800 33.3362
113900 34.2125
114000 35.1063
114100 36.0433
114200 36.9625
114300 37.6469
114400 37.9682
114500 37.9659
114600 37.7647
114700 37.4688
114800 37.1176
114900 36.7093
115000 36.235
115100 35.6984
115200 35.1255
115300 34.5616
115400 34.0719
115500 33.7182
115600 33.4756
115700 33.2331
115800 32.9197
115900 32.6388
116000 32.5443
116100 32.5851
116200 32.6531
116300 32.7888
116400 33.1039
116500 33.6506
116600 34.3624
116700 35.1143
116800 35.7923
116900 36.3091
117000 36.5976
117100 36.6145
117200 36.3525
117300 35.8584
117400 35.2545
117500 34.7109
117600 34.3677
117700 34.2951
117800 34.5083
117900 34.9993
118000 35.7172
118100 36.5518
118200 37.3578
118300 38.0101
118400 38.4332
118500 38.5831
118600 38.4267
118700 37.9379
118800 37.1157
118900 36.0388
119000 34.9125
119100 33.9533
119200 33.2034
119300 32.5792
119400 32.0269
119500 31.5805
119600 31.3004
119700 31.1799
119800 31.1648
119900 31.2312
120000 31.4018
120100 31.7447
120200 32.373
120300 33.416
120400 34.8768
120500 36.4528
120600 37.7154
120700 38.4416
120800 38.6545
120900 38.4489
121000 37.8943
121100 37.0362
121200 35.9368
121300 34.7102
121400 33.5321
121500 32.5775
121600 31.9212
121700 31.5479
121800 31.4186
121900 31.4964
122000 31.7339
122100 32.0608
122200 32.4055
122300 32.7159
122400 32.9603
122500 33.1193
122600 33.1838
122700 33.15
122800 33.0174
122900 32.7887
123000 32.4714
123100 32.086
123200 31.6801
123300 31.3499
123400 31.2457
123500 31.5188
123600 32.1665
123700 32.9693
123800 33.6901
123900 34.2091
124000 34.4972
124100 34.5601
124200 34.4126
124300 34.0777
124400 33.5948
124500 33.0302
124600 32.4827
124700 32.0714
124800 31.8899
124900 31.9696
125000 32.2923
125100 32.8124
125200 33.4628
125300 34.154
125400 34.7872
125500 35.2856
125600 35.602
125700 35.72
125800 35.6455
125900 35.3951
126000 34.9965
126100 34.491
126200 33.9253
126300 33.3593
126400 32.8733
126500 32.5712
126600 32.5539
126700 32.8401
126800 33.3163
126900 33.8005
127000 34.1587
127100 34.337
127200 34.334
127300 34.1771
127400 33.9125
127500 33.6014
127600 33.3074
127700 33.0887
127800 32.9904
127900 33.0382
128000 33.2371
128100 33.5712
128200 33.9995
128300 34.4607
128400 34.8805
128500 35.1942
128600 35.3657
128700 35.3897
128800 35.2844
128900 35.0813
129000 34.8151
129100 34.5262
129200 34.2499
129300 34.0159
129400 33.8472
129500 33.758
129600 33.7588
129700 33.8649
129800 34.0733
129900 34.3285
130000 34.5358
130100 34.6108
130200 34.5044
130300 34.2071
130400 33.735
130500 33.1184
130600 32.4027
130700 31.6462
130800 30.916
130900 30.277
131000 29.7987
131100 29.5935
131200 29.8347
131300 30.6399
131400 31.9112
131500 33.3341
131600 34.6055
131700 35.5793
131800 36.2211
131900 36.5369
132000 36.552
132100 36.3073
132200 35.8631
132300 35.3022
132400 34.7197
132500 34.2115
132600 33.8599
132700 33.724
132800 33.842
132900 34.2269
133000 34.8507
133100 35.6368
133200 36.468
133300 37.1998
133400 37.702
133500 37.8858
133600 37.7006
133700 37.1182
133800 36.1307
133900 34.7797
134000 33.2067
134100 31.6746
134200 30.4788
134300 29.8228
134400 29.7852
134500 30.3723
134600 31.5255
134700 33.0346
134800 34.4589
134900 35.4392
135000 35.9548
135100 36.1033
135200 35.9579
135300 35.5764
135400 35.0258
135500 34.3919
135600 33.7791
135700 33.2955
135800 33.028
135900 33.0272
136000 33.3089
136100 33.864
136200 34.6537
136300 35.5923
136400 36.5353
136500 37.3199
136600 37.8125
136700 37.9252
136800 37.6014
136900 36.8013
137000 35.514
137100 33.8152
137200 31.9407
137300 30.2589
137400 29.0918
137500 28.5406
137600 28.5094
137700 28.8574
137800 29.4805
137900 30.2902
138000 31.1838
138100 32.057
138200 32.8225
138300 33.422
138400 33.8236
138500 34.018
138600 34.0218
138700 33.8854
138800 33.6861
138900 33.4908
139000 33.3358
139100 33.2412
139200 33.226
139300 33.3083
139400 33.4946
139500 33.7773
139600 34.1343
139700 34.5302
139800 34.922
139900 35.2679
140000 35.5267
140100 35.6681
140200 35.6741
140300 35.5361
140400 35.2557
140500 34.8643
140600 34.4218
140700 33.996
140800 33.6351
140900 33.3581
141000 33.1667
141100 33.0491
141200 32.9931
141300 32.9919
141400 33.0473
141500 33.169
141600 33.3813
141700 33.7194
141800 34.1889
141900 34.7151
142000 35.1736
142100 35.4984
142200 35.6953
142300 35.7856
142400 35.78
142500 35.6839
142600 35.5044
142700 35.2524
142800 34.9486
142900 34.6176
143000 34.2952
143100 34.0291
143200 33.8561
143300 33.7918
143400 33.8255
143500 33.9323
143600 34.0867
143700 34.2597
143800 34.4237
143900 34.5554
144000 34.6382
144100 34.6623
144200 34.6235
144300 34.5216
144400 34.3572
144500 34.133
144600 33.8664
144700 33.6165
144800 33.4794
144900 33.5275
145000 33.7577
145100 34.1003
145200 34.4716
145300 34.8079
145400 35.0629
145500 35.2032
145600 35.2081
145700 35.0655
145800 34.7772
145900 34.368
146000 33.8959
146100 33.4653
146200 33.1996
146300 33.1986
146400 33.4999
146500 34.0643
146600 34.8058
146700 35.6276
146800 36.4332
146900 37.1376
147000 37.6702
147100 37.9834
147200 38.0454
147300 37.8426
147400 37.3839
147500 36.71
147600 35.9064
147700 35.1116
147800 34.4913
147900 34.1549
148000 34.1038
148100 34.2643
148200 34.5486
148300 34.8868
148400 35.2355
148500 35.5672
148600 35.8621
148700 36.1014
148800 36.2584
148900 36.2939
149000 36.166
149100 35.861
149200 35.4359
149300 34.9897
149400 34.6073
149500 34.3317
149600 34.1707
149700 34.1145
149800 34.1509
149900 34.2654
150000 34.4369
150100 34.6441
150200 34.8649
150300 35.0686
150400 35.2182
150500 35.289
150600 35.2823
150700 35.2208
150800 35.136
150900 35.0476
151000 34.9535
151100 34.8405
151200 34.6972
151300 34.5344
151400 34.3807
151500 34.2653
151600 34.217
151700 34.2518
151800 34.3643
151900 34.5259
152000 34.7062
152100 34.8892
152200 35.0812
152300 35.283
152400 35.4721
152500 35.6228
152600 35.7233
152700 35.7798
152800 35.8099
152900 35.8234
153000 35.8285
153100 35.8643
153200 35.9534
153300 36.0272
153400 36.0458
153500 36.3818
153600 37.2276
153700 38.0477
153800 38.6214
153900 38.8121
154000 38.6736
154100 38.3212
154200 37.8446
154300 37.2819
154400 36.6219
154500 35.8472
154600 34.9907
154700 34.1784
154800 33.5935
154900 33.3353
155000 33.3562
155100 33.5467
155200 33.8237
155300 34.1487
155400 34.5045
155500 34.8685
155600 35.1974
155700 35.439
155800 35.5487
155900 35.4935
156000 35.2593
156100 34.853
156200 34.3131
156300 33.72
156400 33.1906
156500 32.842
156600 32.7632
156700 32.9904
156800 33.5088
156900 34.2748
157000 35.2059
157100 36.1697
157200 37.0124
157300 37.6215
157400 37.9474
157500 37.984
157600 37.74
157700 37.218
157800 36.4253
157900 35.4249
158000 34.396
158100 33.4964
158200 32.8339
158300 33.3538
158400 34.4585
158500 35.4274
158600 36.2493
158700 36.8449
158800 37.1596
158900 37.1959
159000 36.9785
159100 36.5332
159200 35.8924
159300 35.112
159400 34.2802
159500 33.5115
159600 32.9248
159700 32.6031
159800 32.5776
159900 32.8375
160000 33.3306
160100 33.9578
160200 34.5998
160300 35.1562
160400 35.555
160500 35.7539
160600 35.722
160700 35.4378
160800 34.9065
160900 34.2006
161000 33.4832
161100 32.9486
161200 32.7274
161300 32.8654
161400 33.3519
161500 34.1414
161600 35.1534
161700 36.2641
161800 37.3225
161900 38.1871
162000 38.763
162100 38.994
162200 38.8406
162300 38.2587
162400 37.23
162500 35.8765
162600 34.5321
162700 33.5326
162800 32.9593
162900 32.7141
163000 32.6943
163100 32.8561
163200 33.2033
163300 33.7497
163400 34.4724
163500 35.2712
163600 35.9857
163700 36.4689
163800 36.6316
163900 36.4423
164000 35.9194
164100 35.1294
164200 34.1649
164300 33.1173
164400 32.1192
164500 31.4087
164600 31.2126
164700 31.5568
164800 32.2529
164900 33.0372
165000 33.7258
165100 34.231
165200 34.5216
165300 34.6067
165400 34.5227
165500 34.3358
165600 34.1219
165700 33.9792
165800 33.9884
165900 34.1648
166000 34.4541
166100 34.7753
166200 35.0574
166300 35.2465
166400 35.3129
166500 35.2511
166600 35.0669
166700 34.7827
166800 34.439
166900 34.0948
167000 33.8082
167100 33.6294
167200 33.5927
167300 33.7295
167400 34.0742
167500 34.6365
167600 35.3606
167700 36.121
167800 36.7977
167900 37.3255
168000 37.6771
168100 37.8336
168200 37.7963
168300 37.6027
168400 37.2822
168500 36.8436
168600 36.3054
168700 35.7132
168800 35.1295
168900 34.6151
169000 34.2104
169100 33.9413
169200 33.8283
169300 33.8717
169400 34.0288
169500 34.2264
169600 34.3981
169700 34.5106
169800 34.5608
169900 34.5555
170000 34.5018
170100 34.4061
170200 34.2759
170300 34.1229
170400 33.9656
170500 33.8298
170600 33.775
170700 33.9001
170800 34.2634
170900 34.8269
171000 35.4973
171100 36.1796
171200 36.7994
171300 37.3089
171400 37.6759
171500 37.8802
171600 37.9054
171700 37.7358
171800 37.3604
171900 36.7958
172000 36.1212
172100 35.4766
172200 34.9943
172300 34.7265
172400 34.6646
172500 34.7828
172600 35.0514
172700 35.4248
172800 35.8371
172900 36.2231
173000 36.5306
173100 36.7225
173200 36.7715
173300 36.6481
173400 36.3153
173500 35.7516
173600 35.006
173700 34.2166
173800 33.5315
173900 33.0455
174000 32.8267
174100 32.9081
174200 33.2441
174300 33.7269
174400 34.2491
174500 34.7507
174600 35.2062
174700 35.5949
174800 35.8772
174900 36.0007
175000 35.9362
175100 35.7093
175200 35.3747
175300 34.8954
175400 34.2583
175500 34.2412
175600 34.8984
175700 35.6036
175800 36.1531
175900 36.3711
176000 36.3448
176100 36.1559
176200 35.8366
176300 35.4103
176400 34.9034
176500 34.3577
176600 33.846
176700 33.4539
176800 33.209
176900 33.074
177000 33.0222
177100 33.111
177200 33.4219
177300 33.972
177400 34.7599
177500 35.8089
177600 36.9739
177700 37.9581
177800 38.5898
177900 38.8634
178000 38.8415
178100 38.5926
178200 38.1682
178300 37.6094
178400 36.9473
178500 36.2121
178600 35.4506
178700 34.7478
178800 34.1713
178900 33.6034
179000 33.2899
179100 34.6983
179200 36.6284
179300 38.404
179400 39.4919
179500 39.8893
179600 39.7889
179700 39.3276
179800 38.5999
179900 37.6881
180000 36.6594
180100 35.5618
180200 34.445
180300 33.4058
180400 32.6073
180500 32.1869
180600 32.1392
180700 32.3449
180800 32.679
180900 33.0703
181000 33.4933
181100 33.9545
181200 34.4554
181300 34.9708
181400 35.4106
181500 35.6845
181600 35.7765
181700 35.7346
181800 35.6104
181900 35.4226
182000 35.1638
182100 34.8192
182200 34.3928
182300 33.9377
182400 33.5303
182500 33.0986
182600 33.2851
182700 34.6533
182800 35.9771
182900 37.0641
183000 37.7808
183100 38.0198
183200 37.7999
183300 37.2175
183400 36.411
183500 35.5413
183600 34.7519
183700 34.1331
183800 33.7194
183900 33.5071
184000 33.4718
184100 33.5845
184200 33.8143
184300 34.1273
184400 34.4933
184500 34.8899
184600 35.3287
184700 35.8662
184800 36.4384
184900 36.8866
185000 37.1399
185100 37.2003
185200 37.09
185300 36.8288
185400 36.4272
185500 35.8899
185600 35.2274
185700 34.4722
185800 33.6981
185900 33.0146
186000 32.5275
186100 32.2998
186200 32.3677
186300 32.7703
186400 33.552
186500 34.7198
186600 36.0953
186700 37.2945
186800 38.0167
186900 38.2257
187000 38.0249
187100 37.5079
187200 36.7325
187300 35.749
187400 34.6338
187500 33.5043
187600 32.5296
187700 31.8817
187800 31.6418
187900 31.7727
188000 32.187
188100 32.7779
188200 33.4491
188300 34.1349
188400 34.8362
188500 35.572
188600 36.2556
188700 36.7321
188800 36.9744
188900 37.031
189000 36.931
189100 36.6772
189200 36.2735
189300 35.7427
189400 35.1283
189500 34.4885
189600 33.8759
189700 33.328
189800 32.8854
189900 32.63
190000 32.6684
190100 33.0658
190200 33.788
190300 34.7123
190400 35.6574
190500 36.4297
190600 36.899
190700 37.0479
190800 36.9232
190900 36.5772
191000 36.0536
191100 35.3976
191200 34.6632
191300 33.9272
191400 33.2771
191500 32.8074
191600 32.6106
191700 32.7413
191800 33.1802
191900 33.8436
192000 34.6167
192100 35.3637
192200 35.9632
192300 36.3601
192400 36.5622
192500 36.5957
192600 36.4883
192700 36.2699
192800 35.9771
192900 35.6503
193000 35.3317
193100 35.0684
193200 34.9126
193300 34.9109
193400 35.0933
193500 35.4653
193600 36.0142
193700 36.7054
193800 37.4674
193900 38.1982
194000 38.8032
194100 39.211
194200 39.3829
194300 39.2988
194400 38.9385
194500 38.2598
194600 37.195
194700 35.7571
194800 34.1514
194900 32.6772
195000 31.601
195100 31.0917
195200 31.1487
195300 31.6688
195400 32.4781
195500 33.3976
195600 34.2953
195700 35.0712
195800 35.648
195900 35.9812
196000 36.0562
196100 35.8889
196200 35.5178
196300 34.9933
196400 34.3675
196500 33.6851
196600 32.9972
196700 32.4052
196800 32.044
196900 31.9601
197000 32.1112
197100 32.6876
197200 33.7663
197300 34.867
197400 35.8563
197500 36.7375
197600 37.3783
197700 37.634
197800 37.4625
197900 36.9225
198000 36.1496
198100 35.3171
198200 34.5718
198300 33.9857
198400 33.5833
198500 33.3783
198600 33.3753
198700 33.5478
198800 33.8414
198900 34.1937
199000 34.5409
199100 34.8284
199200 35.0155
199300 35.0849
199400 35.038
199500 34.8968
199600 34.6928
199700 34.4639
199800 34.248
199900 34.076
200000 33.9656
