# Time-averaged data for fix msdout
# TimeStep c_msdO[1]
100 2.14514
200 2.14976
300 2.15918
400 2.17456
500 2.19868
600 2.23598
700 2.2892
800 2.35519
900 2.42709
1000 2.49729
1100 2.5571
1200 2.59921
1300 2.62108
1400 2.62351
1500 2.60686
1600 2.57058
1700 2.51508
1800 2.44184
1900 2.35241
2000 2.24916
2100 2.13662
2200 2.02052
2300 1.90587
2400 1.79646
2500 1.69468
2600 1.60127
2700 1.51572
2800 1.43733
2900 1.36549
3000 1.29957
3100 1.23951
3200 1.18577
3300 1.13855
3400 1.09776
3500 1.06362
3600 1.03672
3700 1.0169
3800 1.00369
3900 0.997092
4000 0.997387
4100 1.00506
4200 1.02185
4300 1.05206
4400 1.10112
4500 1.17044
4600 1.25367
4700 1.33823
4800 1.41291
4900 1.47245
5000 1.51632
5100 1.54564
5200 1.5617
5300 1.5661
5400 1.55987
5500 1.54189
5600 1.50755
5700 1.44979
5800 1.36747
5900 1.27512
6000 1.19333
6100 1.12354
6200 1.05228
6300 0.972524
6400 0.885348
6500 0.796188
6600 0.712824
6700 0.642974
6800 0.592651
6900 0.565605
7000 0.563727
7100 0.587938
7200 0.639457
7300 0.720748
7400 0.835233
7500 0.985537
7600 1.1715
7700 1.3841
7800 1.59723
7900 1.77043
8000 1.86496
8100 1.86224
8200 1.77944
8300 1.66313
8400 1.55261
8500 1.45714
8600 1.37022
8700 1.28664
8800 1.20485
8900 1.12568
9000 1.05211
9100 0.988345
9200 0.937675
9300 0.901349
9400 0.878276
9500 0.864753
9600 0.855491
9700 0.845553
9800 0.830922
9900 0.80783
10000 0.772448
10100 0.720783
10200 0.649932
10300 0.561698
10400 0.465243
10500 0.374294
10600 0.29995
10700 0.246586
10800 0.213233
10900 0.197318
11000 0.196852
11100 0.210537
11200 0.237896
11300 0.279669
11400 0.336802
11500 0.408533
11600 0.491631
11700 0.580738
11800 0.669777
11900 0.754398
12000 0.833208
12100 0.907187
12200 0.977568
12300 1.04491
12400 1.10908
12500 1.16999
12600 1.22722
12700 1.27992
12800 1.32696
12900 1.36732
13000 1.40017
13100 1.4245
13200 1.43931
13300 1.44277
13400 1.43299
13500 1.41061
13600 1.37996
13700 1.34665
13800 1.31484
13900 1.28694
14000 1.26408
14100 1.24642
14200 1.23365
14300 1.22594
14400 1.22414
14500 1.22974
14600 1.24589
14700 1.2784
14800 1.33252
14900 1.40146
15000 1.462
15100 1.49586
15200 1.50202
15300 1.48366
15400 1.4422
15500 1.37947
15600 1.2996
15700 1.20984
15800 1.11903
15900 1.03465
16000 0.960581
16100 0.897592
16200 0.845155
16300 0.80201
16400 0.766074
16500 0.734093
16600 0.703169
16700 0.672223
16800 0.642394
16900 0.61611
17000 0.596463
17100 0.587306
17200 0.593029
17300 0.616346
17400 0.65521
17500 0.703162
17600 0.752707
17700 0.795943
17800 0.825134
17900 0.851077
18000 0.889396
18100 0.92941
18200 0.97579
18300 1.03939
18400 1.12135
18500 1.21448
18600 1.31207
18700 1.41083
18800 1.50912
18900 1.60404
19000 1.69104
19100 1.76609
19200 1.82632
19300 1.86878
19400 1.88967
19500 1.88568
19600 1.85392
19700 1.79209
19800 1.70094
19900 1.58621
20000 1.45669
20100 1.31906
20200 1.17521
20300 1.02082
20400 0.849697
20500 0.670111
20600 0.505437
20700 0.380054
20800 0.316623
20900 0.309665
21000 0.338487
21100 0.389846
21200 0.457981
21300 0.5413
21400 0.640076
21500 0.754768
21600 0.884883
21700 1.02803
21800 1.17959
21900 1.33346
22000 1.48245
22100 1.61876
22200 1.73483
22300 1.82432
22400 1.88415
22500 1.91427
22600 1.917
22700 1.89595
22800 1.85351
22900 1.7896
23000 1.70123
23100 1.58183
23200 1.41998
23300 1.2045
23400 0.944636
23500 0.684888
23600 0.476271
23700 0.338541
23800 0.259721
23900 0.217222
24000 0.19495
24100 0.185796
24200 0.186447
24300 0.194515
24400 0.208803
24500 0.229694
24600 0.258962
24700 0.299678
24800 0.356911
24900 0.439282
25000 0.561861
25100 0.754069
25200 1.06156
25300 1.49396
25400 1.95712
25500 2.33521
25600 2.59639
25700 2.76636
25800 2.8747
25900 2.9394
26000 2.9689
26100 2.9661
26200 2.93159
26300 2.86431
26400 2.76017
26500 2.61241
26600 2.4185
26700 2.19272
26800 1.97225
26900 1.8001
27000 1.69548
27100 1.6456
27200 1.62289
27300 1.60552
27400 1.58445
27500 1.55974
27600 1.53571
27700 1.51896
27800 1.51796
27900 1.54192
28000 1.59847
28100 1.69274
28200 1.82849
28300 2.00719
28400 2.22467
28500 2.46887
28600 2.72359
28700 2.9723
28800 3.19915
28900 3.39075
29000 3.53839
29100 3.63772
29200 3.68619
29300 3.68311
29400 3.63087
29500 3.53232
29600 3.3876
29700 3.19289
29800 2.94232
29900 2.63195
30000 2.26782
30100 1.87767
30200 1.51112
30300 1.21532
30400 1.00519
30500 0.864391
30600 0.76897
30700 0.70138
30800 0.651635
30900 0.614815
31000 0.588946
31100 0.574205
31200 0.572732
31300 0.589271
31400 0.633293
31500 0.72293
31600 0.889569
31700 1.16401
31800 1.51533
31900 1.83081
32000 2.03812
32100 2.15268
32200 2.20008
32300 2.19152
32400 2.13108
32500 2.01856
32600 1.85204
32700 1.62865
32800 1.35153
32900 1.03855
33000 0.729979
33100 0.47503
33200 0.300893
33300 0.200706
33400 0.150096
33500 0.12702
33600 0.118403
33700 0.117943
33800 0.122971
33900 0.132893
34000 0.149028
34100 0.175259
34200 0.218845
34300 0.290514
34400 0.401781
34500 0.558499
34600 0.756352
34700 0.982676
34800 1.22169
34900 1.45858
35000 1.68116
35100 1.88001
35200 2.04873
35300 2.18363
35400 2.28315
35500 2.34723
35600 2.37676
35700 2.37198
35800 2.33073
35900 2.2552
36000 2.16055
36100 2.0676
36200 1.9876
36300 1.91828
36400 1.85031
36500 1.77438
36600 1.6863
36700 1.59021
36800 1.49616
36900 1.41242
37000 1.33983
37100 1.27274
37200 1.20128
37300 1.11317
37400 1.00123
37500 0.874948
37600 0.758826
37700 0.679139
37800 0.650182
37900 0.666501
38000 0.706789
38100 0.747997
38200 0.777126
38300 0.79195
38400 0.794819
38500 0.788159
38600 0.773118
38700 0.749818
38800 0.717902
38900 0.67706
39000 0.627883
39100 0.573169
39200 0.518639
39300 0.471259
39400 0.436886
39500 0.418921
39600 0.418905
39700 0.437578
39800 0.476048
39900 0.53635
40000 0.62176
40100 0.736348
40200 0.884338
40300 1.06969
40400 1.29704
40500 1.56802
40600 1.85529
40700 2.08501
40800 2.19401
40900 2.19543
41000 2.14646
41100 2.08436
41200 2.01618
41300 1.93743
41400 1.84309
41500 1.73057
41600 1.60139
41700 1.46285
41800 1.32616
41900 1.19905
42000 1.08267
42100 0.976775
42200 0.882823
42300 0.800547
42400 0.726617
42500 0.65729
42600 0.590231
42700 0.524291
42800 0.458533
42900 0.391942
43000 0.323839
43100 0.255125
43200 0.190152
43300 0.136403
43400 0.099131
43500 0.078247
43600 0.0726915
43700 0.0760129
43800 0.0857247
43900 0.109565
44000 0.150369
44100 0.210651
44200 0.284154
44300 0.357185
44400 0.422076
44500 0.479234
44600 0.531122
44700 0.579713
44800 0.626773
44900 0.674841
45000 0.728214
45100 0.792565
45200 0.871336
45300 0.961348
45400 1.05485
45500 1.14698
45600 1.23837
45700 1.32992
45800 1.41596
45900 1.48789
46000 1.5394
46100 1.56823
46200 1.57417
46300 1.55759
46400 1.51859
46500 1.45677
46600 1.37149
46700 1.26193
46800 1.12809
46900 0.980198
47000 0.836137
47100 0.70373
47200 0.633998
47300 0.629352
47400 0.643057
47500 0.671012
47600 0.712257
47700 0.757152
47800 0.79758
47900 0.830292
48000 0.85519
48100 0.873462
48200 0.88656
48300 0.896058
48400 0.90425
48500 0.914953
48600 0.932655
48700 0.96062
48800 0.998792
48900 1.04421
49000 1.0929
49100 1.14061
49200 1.183
49300 1.21635
49400 1.23859
49500 1.24851
49600 1.24582
49700 1.2304
49800 1.20191
49900 1.15924
50000 1.10106
50100 1.02817
50200 0.947205
50300 0.8687
50400 0.799914
50500 0.743933
50600 0.704002
50700 0.685852
50800 0.69709
50900 0.746093
51000 0.839939
51100 0.977232
51200 1.13488
51300 1.2719
51400 1.36324
51500 1.41685
51600 1.45408
51700 1.48947
51800 1.52345
51900 1.53641
52000 1.48646
52100 1.34326
52200 1.14937
52300 0.987905
52400 0.892604
52500 0.852672
52600 0.851145
52700 0.877831
52800 0.928368
52900 0.999416
53000 1.08372
53100 1.17153
53200 1.25467
53300 1.3281
53400 1.38873
53500 1.43423
53600 1.46239
53700 1.47082
53800 1.45667
53900 1.41798
54000 1.35564
54100 1.26921
54200 1.15504
54300 1.01981
54400 0.881021
54500 0.753863
54600 0.646787
54700 0.562559
54800 0.500242
54900 0.457297
55000 0.430287
55100 0.415387
55200 0.408809
55300 0.407173
55400 0.408148
55500 0.410726
55600 0.414605
55700 0.420471
55800 0.429835
55900 0.44457
56000 0.466571
56100 0.496832
56200 0.535788
56300 0.583095
56400 0.637558
56500 0.696619
56600 0.755255
56700 0.806615
56800 0.847445
56900 0.880995
57000 0.91205
57100 0.944286
57200 0.980645
57300 1.02393
57400 1.07692
57500 1.1436
57600 1.2293
57700 1.33985
57800 1.47866
57900 1.64183
58000 1.81574
58100 1.982
58200 2.12397
58300 2.22994
58400 2.29346
58500 2.31406
58600 2.29753
58700 2.25426
58800 2.19526
58900 2.12748
59000 2.05151
59100 1.96007
59200 1.83443
59300 1.64946
59400 1.4105
59500 1.17589
59600 1.00139
59700 0.90303
59800 0.864924
59900 0.866191
60000 0.892718
60100 0.935763
60200 0.98669
60300 1.03561
60400 1.07971
60500 1.12348
60600 1.17072
60700 1.22242
60800 1.27751
60900 1.33366
61000 1.38884
61100 1.4444
61200 1.50442
61300 1.57104
61400 1.64343
61500 1.71888
61600 1.79364
61700 1.86344
61800 1.92294
61900 1.96583
62000 1.98558
62100 1.97741
62200 1.93837
62300 1.86485
62400 1.75098
62500 1.59304
62600 1.40369
62700 1.2189
62800 1.07036
62900 0.960995
63000 0.882217
63100 0.827066
63200 0.788346
63300 0.758947
63400 0.731856
63500 0.701988
63600 0.667721
63700 0.630381
63800 0.592699
63900 0.557746
64000 0.528384
64100 0.50704
64200 0.495093
64300 0.492956
64400 0.500589
64500 0.518094
64600 0.545801
64700 0.584424
64800 0.635044
64900 0.699219
65000 0.779465
65100 0.880476
65200 1.01198
65300 1.19164
65400 1.44277
65500 1.77136
65600 2.13624
65700 2.46944
65800 2.72839
65900 2.90772
66000 3.01923
66100 3.0759
66200 3.08665
66300 3.0565
66400 2.98822
66500 2.88327
66600 2.74277
66700 2.56934
66800 2.36809
66900 2.14571
67000 1.91017
67100 1.67114
67200 1.44018
67300 1.22934
67400 1.04844
67500 0.902873
67600 0.792404
67700 0.712755
67800 0.658326
67900 0.624601
68000 0.609217
68100 0.611833
68200 0.63355
68300 0.677073
68400 0.74902
68500 0.863348
68600 1.04234
68700 1.3046
68800 1.64219
68900 2.0131
69000 2.36263
69100 2.64982
69200 2.85616
69300 2.97999
69400 3.02735
69500 3.00529
69600 2.91738
69700 2.76082
69800 2.52509
69900 2.19536
70000 1.77434
70100 1.31646
70200 0.915944
70300 0.631811
70400 0.451167
70500 0.332507
70600 0.247518
70700 0.183814
70800 0.136083
70900 0.101317
71000 0.0772046
71100 0.0618629
71200 0.0539265
71300 0.052654
71400 0.0581705
71500 0.0719496
71600 0.0973428
71700 0.139953
71800 0.206669
71900 0.303631
72000 0.434094
72100 0.596164
72200 0.780589
72300 0.971018
72400 1.14932
72500 1.30133
72600 1.41686
72700 1.49045
72800 1.52712
72900 1.53834
73000 1.53083
73100 1.50718
73200 1.47085
73300 1.42622
73400 1.37609
73500 1.32106
73600 1.25966
73700 1.19036
73800 1.11247
73900 1.02739
74000 0.93977
74100 0.855638
74200 0.779654
74300 0.714025
74400 0.659529
74500 0.617118
74600 0.588581
74700 0.575688
74800 0.579396
74900 0.599347
75000 0.634659
75100 0.685057
75200 0.751685
75300 0.837754
75400 0.949054
75500 1.0935
75600 1.27716
75700 1.49491
75800 1.72484
75900 1.93472
76000 2.09597
76100 2.1939
76200 2.22878
76300 2.21035
76400 2.15023
76500 2.05784
76600 1.94034
76700 1.80462
76800 1.65803
76900 1.5083
77000 1.36147
77100 1.2184
77200 1.07342
77300 0.915517
77400 0.747422
77500 0.600656
77600 0.503189
77700 0.448651
77800 0.415482
77900 0.388637
78000 0.361031
78100 0.329836
78200 0.294746
78300 0.257812
78400 0.223721
78500 0.199695
78600 0.195137
78700 0.22118
78800 0.287775
78900 0.396821
79000 0.5354
79100 0.678157
79200 0.799731
79300 0.889252
79400 0.949385
79500 0.988736
79600 1.01686
79700 1.04248
79800 1.07002
79900 1.09735
80000 1.12027
80100 1.13698
80200 1.1498
80300 1.16595
80400 1.20002
80500 1.26856
80600 1.36249
80700 1.43749
80800 1.4631
80900 1.45034
81000 1.42525
81100 1.4093
81200 1.41585
81300 1.45052
81400 1.51334
81500 1.59592
81600 1.6754
81700 1.72476
81800 1.73841
81900 1.73448
82000 1.73191
82100 1.73679
82200 1.74416
82300 1.74495
82400 1.73201
82500 1.70236
82600 1.65613
82700 1.59482
82800 1.52089
82900 1.43822
83000 1.35101
83100 1.26229
83200 1.17309
83300 1.08412
83400 0.996155
83500 0.909079
83600 0.822019
83700 0.733684
83800 0.643333
83900 0.55087
84000 0.456855
84100 0.362821
84200 0.271925
84300 0.189335
84400 0.120997
84500 0.0706521
84600 0.0378047
84700 0.0192153
84800 0.0109846
84900 0.0100302
85000 0.0163888
85100 0.0360351
85200 0.082211
85300 0.172346
85400 0.310985
85500 0.468922
85600 0.611537
85700 0.731765
85800 0.836789
85900 0.933626
86000 1.02681
86100 1.11923
86200 1.21302
86300 1.31045
86400 1.41347
86500 1.52508
86600 1.64986
86700 1.79318
86800 1.9554
86900 2.12554
87000 2.28125
87100 2.39907
87200 2.46393
87300 2.47159
87400 2.42506
87500 2.33118
87600 2.19961
87700 2.043
87800 1.87539
87900 1.70795
88000 1.54636
88100 1.39256
88200 1.24839
88300 1.11786
88400 1.00716
88500 0.920386
88600 0.85564
88700 0.806296
88800 0.766414
88900 0.733227
89000 0.707003
89100 0.69068
89200 0.689776
89300 0.710958
89400 0.757367
89500 0.822957
89600 0.892415
89700 0.951355
89800 0.995528
89900 1.02851
90000 1.055
90100 1.0781
90200 1.09937
90300 1.1188
90400 1.13481
90500 1.14615
90600 1.1569
90700 1.17682
90800 1.21162
90900 1.2591
91000 1.31422
91100 1.36806
91200 1.4087
91300 1.43014
91400 1.43335
91500 1.42016
91600 1.39114
91700 1.34626
91800 1.28546
91900 1.20937
92000 1.12004
92100 1.02171
92200 0.920337
92300 0.822033
92400 0.730748
92500 0.64876
92600 0.578303
92700 0.521384
92800 0.478411
92900 0.447905
93000 0.427521
93100 0.414818
93200 0.407706
93300 0.40436
93400 0.403193
93500 0.403868
93600 0.409387
93700 0.428281
93800 0.47323
93900 0.553083
94000 0.665402
94100 0.7974
94200 0.932076
94300 1.0545
94400 1.15108
94500 1.21306
94600 1.24355
94700 1.25245
94800 1.2488
94900 1.23599
95000 1.21424
95100 1.18293
95200 1.14185
95300 1.09263
95400 1.03867
95500 0.984272
95600 0.934495
95700 0.894597
95800 0.870091
95900 0.865748
96000 0.885396
96100 0.932969
96200 1.01316
96300 1.12883
96400 1.27474
96500 1.43192
96600 1.56975
96700 1.65661
96800 1.67368
96900 1.62285
97000 1.52338
97100 1.39843
97200 1.26736
97300 1.15338
97400 1.07798
97500 1.03531
97600 1.01138
97700 1.00139
97800 1.00561
97900 1.0256
98000 1.06252
98100 1.11731
98200 1.19067
98300 1.28395
98400 1.39957
98500 1.5394
98600 1.70065
98700 1.87286
98800 2.04413
98900 2.2055
99000 2.3296
99100 2.3982
99200 2.41483
99300 2.3689
99400 2.25958
99500 2.10389
99600 1.93127
99700 1.76822
99800 1.62485
99900 1.49727
100000 1.37844
100100 1.26388
100200 1.15184
100300 1.04203
100400 0.93425
100500 0.828208
100600 0.724102
100700 0.623891
100800 0.533747
100900 0.463404
101000 0.418908
101100 0.398216
101200 0.394211
101300 0.399303
101400 0.408353
101500 0.418555
101600 0.428582
101700 0.437951
101800 0.446687
101900 0.455329
102000 0.465175
102100 0.479301
102200 0.506371
102300 0.570693
102400 0.716388
102500 0.970938
102600 1.30445
102700 1.63317
102800 1.89741
102900 2.0821
103000 2.20288
103100 2.27362
103200 2.30023
103300 2.28877
103400 2.24609
103500 2.17797
103600 2.08966
103700 1.98721
103800 1.87907
103900 1.77468
104000 1.67727
104100 1.57432
104200 1.44249
104300 1.27247
104400 1.08573
104500 0.920486
104600 0.79877
104700 0.713642
104800 0.649042
104900 0.595095
105000 0.549314
105100 0.514817
105200 0.497971
105300 0.505981
105400 0.545495
105500 0.62162
105600 0.736622
105700 0.887785
105800 1.06464
105900 1.24705
106000 1.40883
106100 1.53039
106200 1.60699
106300 1.64289
106400 1.64377
106500 1.61381
106600 1.55634
106700 1.47473
106800 1.3729
106900 1.25515
107000 1.12619
107100 0.996256
107200 0.893828
107300 0.865921
107400 0.937415
107500 1.07847
107600 1.23553
107700 1.37375
107800 1.48297
107900 1.56478
108000 1.62284
108100 1.65928
108200 1.6743
108300 1.66721
108400 1.63862
108500 1.59255
108600 1.53842
108700 1.49156
108800 1.46873
108900 1.47913
109000 1.51924
109100 1.57617
109200 1.63641
109300 1.68892
109400 1.72596
109500 1.74253
109600 1.73546
109700 1.70321
109800 1.64495
109900 1.5594
110000 1.44157
110100 1.28254
110200 1.09761
110300 0.939653
110400 0.822279
110500 0.728815
110600 0.658345
110700 0.61492
110800 0.599264
110900 0.610776
111000 0.647934
111100 0.708066
111200 0.787313
111300 0.881951
111400 0.989334
111500 1.10803
111600 1.23712
111700 1.37498
111800 1.51924
111900 1.67078
112000 1.83268
112100 1.99152
112200 2.09247
112300 2.07337
112400 1.952
112500 1.80396
112600 1.66861
112700 1.54417
112800 1.42022
112900 1.29158
113000 1.15972
113100 1.03195
113200 0.918376
113300 0.824446
113400 0.745247
113500 0.670218
113600 0.591925
113700 0.511255
113800 0.429689
113900 0.345585
114000 0.262687
114100 0.187887
114200 0.12783
114300 0.0877691
114400 0.0712694
114500 0.0754858
114600 0.0878326
114700 0.0965799
114800 0.0984376
114900 0.0952044
115000 0.09062
115100 0.0899015
115200 0.099447
115300 0.124766
115400 0.167084
115500 0.223934
115600 0.292594
115700 0.37079
115800 0.454966
115900 0.540992
116000 0.626815
116100 0.709504
116200 0.784848
116300 0.853731
116400 0.922521
116500 0.998938
116600 1.08708
116700 1.18646
116800 1.29495
116900 1.41058
117000 1.52987
117100 1.6451
117200 1.74303
117300 1.80673
117400 1.82571
117500 1.80949
117600 1.78213
117700 1.76412
117800 1.76435
117900 1.7818
118000 1.80672
118100 1.82304
118200 1.81761
118300 1.78708
118400 1.73467
118500 1.66317
118600 1.57116
118700 1.45283
118800 1.30209
118900 1.12409
119000 0.945977
119100 0.800458
119200 0.696462
119300 0.624688
119400 0.57593
119500 0.547043
119600 0.537488
119700 0.544689
119800 0.565199
119900 0.598469
120000 0.647502
120100 0.719519
120200 0.827742
120300 0.990912
120400 1.21684
120500 1.47099
120600 1.68933
120700 1.83145
120800 1.89636
120900 1.8982
121000 1.848
121100 1.75227
121200 1.61709
121300 1.45264
121400 1.27466
121500 1.09855
121600 0.932202
121700 0.779496
121800 0.646016
121900 0.538869
122000 0.462224
122100 0.414354
122200 0.389187
122300 0.380359
122400 0.383389
122500 0.395866
122600 0.417027
122700 0.447337
122800 0.488355
122900 0.542886
123000 0.615237
123100 0.710884
123200 0.834081
123300 0.984079
123400 1.15737
123500 1.35341
123600 1.56169
123700 1.75139
123800 1.89624
123900 1.98902
124000 2.03253
124100 2.03132
124200 1.98895
124300 1.90879
124400 1.79601
124500 1.65916
124600 1.51073
124700 1.365
124800 1.23253
124900 1.11754
125000 1.02068
125100 0.942565
125200 0.882973
125300 0.839359
125400 0.807331
125500 0.782759
125600 0.762447
125700 0.744607
125800 0.728629
125900 0.714823
126000 0.704464
126100 0.700111
126200 0.705823
126300 0.728338
126400 0.777485
126500 0.864667
126600 0.998324
126700 1.1762
126800 1.37944
126900 1.58048
127000 1.75868
127100 1.90533
127200 2.01934
127300 2.10227
127400 2.1558
127500 2.18135
127600 2.18018
127700 2.15305
127800 2.1
127900 2.02113
128000 1.91844
128100 1.79692
128200 1.66505
128300 1.53294
128400 1.40933
128500 1.29977
128600 1.20582
128700 1.12619
128800 1.05856
128900 1.00071
129000 0.951103
129100 0.908846
129200 0.873295
129300 0.84432
129400 0.822367
129500 0.808441
129600 0.805365
129700 0.820484
129800 0.864615
129900 0.941735
130000 1.04194
130100 1.14822
130200 1.24606
130300 1.32744
130400 1.38924
130500 1.43079
130600 1.45254
130700 1.45586
130800 1.44257
130900 1.41397
131000 1.36957
131100 1.3089
131200 1.24428
131300 1.20405
131400 1.20422
131500 1.23117
131600 1.26216
131700 1.2846
131800 1.2957
131900 1.29662
132000 1.28971
132100 1.27784
132200 1.2644
132300 1.25317
132400 1.24715
132500 1.24848
132600 1.2576
132700 1.27408
132800 1.29728
132900 1.32639
133000 1.36053
133100 1.39942
133200 1.44341
133300 1.49132
133400 1.54056
133500 1.58895
133600 1.63533
133700 1.6789
133800 1.7182
133900 1.75042
134000 1.77144
134100 1.77748
134200 1.76873
134300 1.75329
134400 1.74104
134500 1.73441
134600 1.72588
134700 1.70386
134800 1.66412
134900 1.61257
135000 1.55358
135100 1.48705
135200 1.4127
135300 1.33165
135400 1.24649
135500 1.16103
135600 1.08014
135700 1.00847
135800 0.949105
135900 0.902755
136000 0.868648
136100 0.846256
136200 0.835447
136300 0.835093
136400 0.841999
136500 0.851959
136600 0.861564
136700 0.86882
136800 0.872672
136900 0.872497
137000 0.867894
137100 0.859143
137200 0.848463
137300 0.841462
137400 0.845819
137500 0.866211
137600 0.902289
137700 0.952712
137800 1.01708
137900 1.09367
138000 1.17741
138100 1.2612
138200 1.33753
138300 1.4002
138400 1.44425
138500 1.46599
138600 1.46394
138700 1.44089
138800 1.40443
138900 1.36205
139000 1.31693
139100 1.26922
139200 1.21921
139300 1.16797
139400 1.11677
139500 1.06677
139600 1.01889
139700 0.97374
139800 0.931814
139900 0.89381
140000 0.860046
140100 0.831048
140200 0.80771
140300 0.791607
140400 0.785303
140500 0.791436
140600 0.810718
140700 0.841024
140800 0.879094
140900 0.922797
141000 0.971828
141100 1.02763
141200 1.09302
141300 1.17231
141400 1.27224
141500 1.40378
141600 1.58209
141700 1.81836
141800 2.09842
141900 2.36903
142000 2.57058
142100 2.68487
142200 2.72586
142300 2.70674
142400 2.6326
142500 2.50547
142600 2.3283
142700 2.10771
142800 1.85552
142900 1.58988
143000 1.33318
143100 1.10648
143200 0.922468
143300 0.783793
143400 0.685728
143500 0.620668
143600 0.581123
143700 0.560859
143800 0.55517
143900 0.560786
144000 0.5757
144100 0.599077
144200 0.631388
144300 0.674996
144400 0.735543
144500 0.824274
144600 0.959069
144700 1.15739
144800 1.41877
144900 1.71306
145000 1.99301
145100 2.21843
145200 2.36963
145300 2.44452
145400 2.44963
145500 2.39399
145600 2.287
145700 2.13826
145800 1.95695
145900 1.75176
146000 1.53565
146100 1.33485
146200 1.185
146300 1.10581
146400 1.08489
146500 1.095
146600 1.11608
146700 1.13937
146800 1.16283
146900 1.18701
147000 1.2136
147100 1.24496
147200 1.28396
147300 1.33431
147400 1.40077
147500 1.48909
147600 1.6052
147700 1.75234
147800 1.92644
147900 2.11409
148000 2.29701
148100 2.45963
148200 2.59285
148300 2.69265
148400 2.75726
148500 2.78467
148600 2.77086
148700 2.7078
148800 2.58122
148900 2.37053
149000 2.05977
149100 1.66494
149200 1.24977
149300 0.892674
149400 0.634297
149500 0.4669
149600 0.362731
149700 0.297956
149800 0.257973
149900 0.234579
150000 0.223229
150100 0.2218
150200 0.230048
150300 0.249162
150400 0.281193
150500 0.328358
150600 0.39218
150700 0.47275
150800 0.568791
150900 0.678052
151000 0.79794
151100 0.924755
151200 1.05278
151300 1.17735
151400 1.29892
151500 1.41905
151600 1.53508
151700 1.64346
151800 1.74284
151900 1.82964
152000 1.89506
152100 1.92926
152200 1.93052
152300 1.90694
152400 1.86993
152500 1.82844
152600 1.78743
152700 1.74665
152800 1.6979
152900 1.62486
153000 1.51656
153100 1.38493
153200 1.25173
153300 1.11806
153400 0.979385
153500 0.871922
153600 0.801236
153700 0.730779
153800 0.665445
153900 0.608606
154000 0.554325
154100 0.494984
154200 0.425443
154300 0.343906
154400 0.25436
154500 0.169105
154600 0.107445
154700 0.0870874
154800 0.113147
154900 0.175756
155000 0.258849
155100 0.350858
155200 0.446952
155300 0.546255
155400 0.649177
155500 0.755683
155600 0.864309
155700 0.971915
155800 1.07403
155900 1.16558
156000 1.24189
156100 1.3
156200 1.3407
156300 1.37053
156400 1.40094
156500 1.44094
156600 1.49078
156700 1.54597
156800 1.6041
156900 1.66281
157000 1.71617
157100 1.75654
157200 1.77905
157300 1.7848
157400 1.77876
157500 1.766
157600 1.74915
157700 1.72696
157800 1.69189
157900 1.62776
158000 1.51749
158100 1.35204
158200 1.13813
158300 0.997132
158400 0.889052
158500 0.785225
158600 0.704752
158700 0.648235
158800 0.610652
158900 0.587285
159000 0.575462
159100 0.574912
159200 0.587744
159300 0.618412
159400 0.673471
159500 0.759528
159600 0.879582
159700 1.02906
159800 1.19604
159900 1.36406
160000 1.51593
160100 1.63714
160200 1.71861
160300 1.75668
160400 1.75069
160500 1.70176
160600 1.61209
160700 1.4861
160800 1.33451
160900 1.17906
161000 1.0494
161100 0.968313
161200 0.93999
161300 0.952904
161400 0.9909
161500 1.04159
161600 1.09869
161700 1.1601
161800 1.22465
161900 1.29094
162000 1.35851
162100 1.4291
162200 1.50653
162300 1.5956
162400 1.70019
162500 1.81892
162600 1.9422
162700 2.05665
162800 2.15173
162900 2.22146
163000 2.26215
163100 2.27003
163200 2.24075
163300 2.17124
163400 2.06157
163500 1.91521
163600 1.73952
163700 1.54401
163800 1.33746
163900 1.12783
164000 0.923134
164100 0.730778
164200 0.554373
164300 0.393864
164400 0.253652
164500 0.145164
164600 0.0744715
164700 0.0386508
164800 0.0335976
164900 0.0516339
165000 0.0783815
165100 0.103087
165200 0.122929
165300 0.13864
165400 0.152382
165500 0.167832
165600 0.191983
165700 0.236712
165800 0.320301
165900 0.463198
166000 0.674889
166100 0.939679
166200 1.21586
166300 1.45762
166400 1.64185
166500 1.76889
166600 1.84523
166700 1.876
166800 1.86482
166900 1.81493
167000 1.72921
167100 1.60911
167200 1.45404
167300 1.26329
167400 1.04346
167500 0.818959
167600 0.628066
167700 0.496199
167800 0.422546
167900 0.391223
168000 0.384789
168100 0.389687
168200 0.397026
168300 0.403196
168400 0.408432
168500 0.414128
168600 0.422146
168700 0.435107
168800 0.456999
168900 0.493987
169000 0.554887
169100 0.649764
169200 0.785777
169300 0.961184
169400 1.16032
169500 1.35604
169600 1.52127
169700 1.64127
169800 1.71422
169900 1.74402
170000 1.73521
170100 1.6916
170200 1.61631
170300 1.51144
170400 1.37593
170500 1.20324
170600 0.993785
170700 0.790103
170800 0.660928
170900 0.627078
171000 0.656466
171100 0.711567
171200 0.770555
171300 0.823858
171400 0.867893
171500 0.901869
171600 0.926798
171700 0.945786
171800 0.965441
171900 0.997986
172000 1.06102
172100 1.17051
172200 1.33026
172300 1.52951
172400 1.75047
172500 1.97627
172600 2.19421
172700 2.39513
172800 2.57255
172900 2.72182
173000 2.83894
173100 2.91914
173200 2.95488
173300 2.93266
173400 2.82981
173500 2.61992
173600 2.2977
173700 1.90232
173800 1.49828
173900 1.14022
174000 0.857441
174100 0.65181
174200 0.507065
174300 0.403476
174400 0.32617
174500 0.265824
174600 0.216872
174700 0.176217
174800 0.142505
174900 0.11569
175000 0.0972276
175100 0.090049
175200 0.096645
175300 0.119743
175400 0.162945
175500 0.189039
175600 0.206735
175700 0.268506
175800 0.366271
175900 0.46117
176000 0.54598
176100 0.636224
176200 0.743071
176300 0.874133
176400 1.03461
176500 1.22323
176600 1.42793
176700 1.6302
176800 1.81562
176900 1.97536
177000 2.10275
177100 2.19831
177200 2.26676
177300 2.30587
177400 2.30684
177500 2.25875
177600 2.14888
177700 1.993
177800 1.83053
177900 1.68891
178000 1.57862
178100 1.50294
178200 1.46298
178300 1.45985
178400 1.49209
178500 1.55061
178600 1.61242
178700 1.64483
178800 1.62927
178900 1.55811
179000 1.43993
179100 1.41931
179200 1.37878
179300 1.28804
179400 1.18568
179500 1.105
179600 1.04648
179700 1.00609
179800 0.983645
179900 0.981389
180000 1.00047
180100 1.03857
180200 1.08997
180300 1.1476
180400 1.20425
180500 1.25369
180600 1.29352
180700 1.32251
180800 1.33707
180900 1.33487
181000 1.31671
181100 1.28517
181200 1.24228
181300 1.1885
181400 1.12513
181500 1.058
181600 0.995808
181700 0.945617
181800 0.910136
181900 0.888656
182000 0.880771
182100 0.889556
182200 0.922402
182300 0.981595
182400 1.04907
182500 1.10094
182600 1.13836
182700 1.19701
182800 1.25037
182900 1.29033
183000 1.3128
183100 1.31925
183200 1.31324
183300 1.29871
183400 1.28054
183500 1.26446
183600 1.25459
183700 1.25216
183800 1.25559
183900 1.26198
184000 1.26805
184100 1.27092
184200 1.26901
184300 1.26074
184400 1.24453
184500 1.21782
184600 1.17287
184700 1.09188
184800 0.976651
184900 0.864496
185000 0.779662
185100 0.722356
185200 0.684537
185300 0.659094
185400 0.641316
185500 0.628318
185600 0.618195
185700 0.609384
185800 0.600594
185900 0.591607
186000 0.584221
186100 0.580554
186200 0.580296
186300 0.581952
186400 0.585092
186500 0.588559
186600 0.589405
186700 0.586019
186800 0.579372
186900 0.570753
187000 0.560511
187100 0.548631
187200 0.535433
187300 0.521882
187400 0.51017
187500 0.504412
187600 0.510964
187700 0.53634
187800 0.584123
187900 0.656744
188000 0.760351
188100 0.906098
188200 1.10571
188300 1.36204
188400 1.6482
188500 1.87147
188600 1.92176
188700 1.83623
188800 1.72501
188900 1.62837
189000 1.54542
189100 1.46922
189200 1.39361
189300 1.31423
189400 1.22903
189500 1.13806
189600 1.04369
189700 0.951337
189800 0.870202
189900 0.815191
190000 0.807049
190100 0.863325
190200 0.979469
190300 1.12692
190400 1.27126
190500 1.38619
190600 1.45926
190700 1.49155
190800 1.49014
190900 1.46101
191000 1.40732
191100 1.33096
191200 1.23449
191300 1.12319
191400 1.00657
191500 0.899537
191600 0.820722
191700 0.78594
191800 0.801855
191900 0.863124
192000 0.953449
192100 1.05064
192200 1.13755
192300 1.2096
192400 1.27052
192500 1.32611
192600 1.38113
192700 1.43919
192800 1.50333
192900 1.57658
193000 1.66293
193100 1.76777
193200 1.89874
193300 2.06451
193400 2.2725
193500 2.52469
193600 2.81596
193700 3.1358
193800 3.46845
193900 3.79296
194000 4.08862
194100 4.34034
194200 4.54
194300 4.68249
194400 4.76084
194500 4.75972
194600 4.64515
194700 4.37099
194800 3.92882
194900 3.3743
195000 2.78981
195100 2.25184
195200 1.80873
195300 1.45513
195400 1.17266
195500 0.953522
195600 0.787931
195700 0.661939
195800 0.563099
195900 0.483124
196000 0.416952
196100 0.361467
196200 0.314323
196300 0.273388
196400 0.236732
196500 0.203093
196600 0.172811
196700 0.148954
196800 0.136408
196900 0.139729
197000 0.164046
197100 0.211471
197200 0.278069
197300 0.3656
197400 0.476991
197500 0.616394
197600 0.780299
197700 0.955099
197800 1.12504
197900 1.27731
198000 1.40316
198100 1.49883
198200 1.56497
198300 1.60363
198400 1.6165
198500 1.60551
198600 1.57409
198700 1.52883
198800 1.47698
198900 1.42413
199000 1.37344
199100 1.32557
199200 1.28051
199300 1.23821
199400 1.19791
199500 1.1591
199600 1.12173
199700 1.08609
199800 1.05279
199900 1.02258
200000 0.995869
