# Fix print output for fix totenergy
-4852.09031512375
-4852.08397414919
-4852.05768828568
-4851.96459525643
-4851.71767281241
-4851.25178823918
-4850.77049796341
-4850.65694866964
-4851.05080516406
-4851.72948661768
-4852.38050269193
-4852.85323350667
-4853.19702487494
-4853.31253273253
-4853.37017399561
-4853.37428996583
-4853.4036367739
-4853.41697716457
-4853.41554072298
-4853.36789173876
-4853.34786590898
-4853.32419969333
-4853.29583086713
-4853.25852749933
-4853.20808329526
-4853.14205805763
-4853.06399789497
-4852.98509651195
-4852.93067870698
-4852.93641435722
-4853.03400393989
-4853.22723541917
-4853.49627084146
-4853.71019169894
-4853.87036297595
-4853.94671662806
-4854.0014800768
-4854.03118863331
-4854.05031896651
-4854.06527649115
-4854.05199551215
-4853.99795613923
-4853.8672446088
-4853.57338345463
-4852.99044312476
-4852.15395482909
-4851.61982091625
-4852.01516279007
-4853.00680887285
-4853.81045891307
-4854.2242404951
-4854.44330198786
-4854.52116926828
-4854.5544636546
-4854.56158557635
-4854.5577415651
-4854.54324454532
-4854.62496597008
-4854.78131000819
-4854.99717310113
-4855.24208939231
-4855.49074603207
-4855.73065589665
-4855.97203496721
-4856.16292466811
-4856.34160174208
-4856.52484959014
-4856.6804561111
-4856.8190048873
-4856.92895686447
-4857.0123043006
-4857.06744406905
-4857.09300697385
-4857.09456254558
-4857.0859309079
-4857.08003377661
-4857.08165136633
-4857.09027269346
-4857.10688952473
-4857.13885717145
-4857.20199062821
-4857.31550123292
-4857.48629050701
-4857.69417318294
-4857.90085937803
-4858.0740904845
-4858.20172586789
-4858.28876062618
-4858.34727437057
-4858.38939430169
-4858.42409958626
-4858.45666338218
-4858.48896563662
-4858.5200014746
-4858.54649264745
-4858.56350050208
-4858.56460199737
-4858.54195798888
-4858.4861208774
-4858.38716018415
-4858.2372987803
-4858.06191756598
-4857.87680020526
-4857.73474602177
-4857.55177873127
-4857.2460788715
-4856.98029549658
-4856.8413938074
-4856.82582326556
-4856.86230457161
-4856.89213561255
-4856.89528595167
-4856.87226131489
-4856.82090775564
-4856.7133429562
-4856.4574082857
-4855.88099327484
-4854.99036616675
-4854.38468197374
-4854.61834795463
-4855.33597896334
-4855.95808487778
-4856.34967648785
-4856.59158520479
-4856.76090037408
-4856.90531740222
-4857.05054952741
-4857.19942062689
-4857.33802152106
-4857.45143728775
-4857.53375023315
-4857.58710795175
-4857.6157378112
-4857.61747472902
-4857.59467304466
-4857.52852337998
-4857.37791985872
-4857.05586365834
-4856.44287636172
-4855.56180185676
-4854.83477454586
-4854.6774713778
-4854.95380682722
-4855.43533083957
-4855.95061369749
-4856.34141750267
-4856.55584027124
-4856.66419414475
-4856.71888263912
-4856.74271357672
-4856.74080715158
-4856.70902172534
-4856.64036447297
-4856.53023249336
-4856.3787684728
-4856.18251706886
-4855.95904474039
-4855.48459949327
-4854.32330153763
-4851.75559132039
-4850.90836323648
-4854.05543559696
-4856.16603167259
-4856.76103624159
-4856.85283126958
-4856.8839964706
-4856.83014696804
-4856.81729953973
-4856.81553934397
-4856.88736045297
-4857.03046020991
-4857.18462767136
-4857.3045560874
-4857.38051048521
-4857.4200781619
-4857.43144548195
-4857.41733788687
-4857.37274588058
-4857.27988617238
-4857.09260129838
-4856.72048088908
-4856.09661614356
-4855.43449354215
-4855.30858915703
-4855.97748395519
-4856.90424739847
-4857.54895865146
-4857.86868205398
-4858.00217458514
-4858.04805055536
-4858.05257868573
-4858.03407859131
-4857.99280284754
-4857.93068393021
-4857.83356430687
-4857.69231454857
-4857.50773940912
-4857.29881190574
-4857.09767115811
-4856.93175958845
-4856.80739027523
-4856.71459856996
-4856.63884796228
-4856.56711824412
-4856.4858938211
-4856.38028387739
-4856.23348678334
-4856.04261131376
-4855.81748247821
-4855.64345012826
-4855.51265252572
-4855.44053195375
-4855.37285616769
-4855.29918292997
-4855.29455170295
-4855.5161853176
-4855.95805931228
-4856.50357051944
-4856.92950286713
-4857.16724768824
-4857.29057835344
-4857.35594991482
-4857.38722577291
-4857.39080460822
-4857.36512586617
-4857.3052242661
-4857.20639918641
-4857.06864823598
-4856.93519268129
-4856.75292656465
-4856.51085877945
-4856.11875910528
-4855.68261482424
-4855.76556099975
-4856.46731986793
-4857.13913543228
-4857.49452491145
-4857.69642860183
-4857.81935391594
-4857.91530503995
-4857.97164092629
-4857.9964169604
-4857.99283173015
-4857.9600075324
-4857.89099418948
-4857.76610906505
-4857.5390225806
-4857.12898393128
-4856.47595580055
-4855.69304588452
-4855.12921688362
-4854.93407156268
-4855.03610062698
-4855.32800345964
-4855.92831615182
-4856.82786248624
-4857.53329714244
-4857.84022554717
-4857.93626724234
-4857.95993470177
-4857.9542165147
-4857.92384656719
-4857.859387574
-4857.74377775283
-4857.5616626546
-4857.31719713298
-4857.05129871253
-4856.85218594688
-4856.72647542032
-4856.6481055227
-4856.42140641984
-4855.95015560945
-4855.82232036737
-4856.33311725206
-4857.09026186655
-4857.61103284935
-4857.85089367356
-4857.94762133165
-4857.98643070374
-4857.99772440075
-4857.99007395465
-4857.96430318118
-4857.91879156283
-4857.85275726806
-4857.76885622354
-4857.67378938611
-4857.57349705761
-4857.51364823226
-4857.38782394314
-4857.18564790809
-4857.0324677565
-4856.97953546224
-4857.09620818732
-4857.22596798356
-4857.30457623569
-4857.36165730754
-4857.40356782028
-4857.45974806326
-4857.50289873981
-4857.5279432504
-4857.53005608773
-4857.49669804857
-4857.39286906999
-4857.14576645123
-4856.67189984576
-4856.02868041412
-4855.55560126881
-4855.51480943879
-4855.74523859873
-4856.03617284688
-4856.33119402518
-4856.62907179365
-4856.90819159973
-4857.13423710736
-4857.29376030635
-4857.3979289324
-4857.46412312933
-4857.50486468389
-4857.5246962226
-4857.51953868185
-4857.46900509373
-4857.30881772262
-4856.88800264234
-4856.04646958903
-4855.06219918025
-4854.79614162782
-4855.03302112579
-4855.21410641073
-4855.66126105433
-4856.41939782361
-4857.16704337844
-4857.66369702426
-4857.93536204931
-4858.07575468302
-4858.14116033547
-4858.1612305258
-4858.15239566685
-4858.12285808119
-4858.07356961793
-4857.99707026083
-4857.87694839648
-4857.69389732526
-4857.44910038776
-4857.18785094858
-4857.00930113714
-4856.86914876338
-4856.77124762934
-4856.70269931933
-4856.6547605794
-4856.73369959755
-4856.86933025265
-4857.0164914339
-4857.1395018503
-4857.23581738422
-4857.30272180283
-4857.3436827973
-4857.36029593059
-4857.34929206089
-4857.29742387462
-4857.17252069438
-4856.91680700687
-4856.5128018243
-4856.03705186508
-4855.59041649284
-4855.15576200599
-4854.836774408
-4854.80741952991
-4854.95201670534
-4855.07806551396
-4855.14961887538
-4855.18171281446
-4855.16473729748
-4855.13989873792
-4855.06748752766
-4854.92830836346
-4854.70692733703
-4854.39737471489
-4854.03252195983
-4853.73954452297
-4853.73382723743
-4854.15096248076
-4854.8474058609
-4855.52055078464
-4856.00432567695
-4856.32579295141
-4856.54697767578
-4856.70907651534
-4856.83363622375
-4856.93136858234
-4857.00709674001
-4857.06350061521
-4857.10276254788
-4857.12660628295
-4857.13585191375
-4857.15515863863
-4857.12758509572
-4857.06756552857
-4856.96032920433
-4856.929688756
-4857.00592407673
-4857.17004792146
-4857.34912719393
-4857.48711424066
-4857.57218099697
-4857.61638889687
-4857.63333902893
-4857.62658995974
-4857.58395255071
-4857.4722705198
-4857.23978898237
-4856.8558168195
-4856.39170407997
-4855.99873182685
-4855.81171878083
-4855.73039546525
-4855.71082987341
-4855.78197221896
-4856.24631866249
-4856.89917079767
-4857.41228811997
-4857.6788873396
-4857.80617762715
-4857.8748297454
-4857.91036688152
-4857.91798170118
-4857.89844721807
-4857.85065246002
-4857.76844508147
-4857.63768608721
-4857.43460885955
-4857.13363636889
-4856.7688951534
-4856.34806692575
-4855.87298733268
-4855.400364214
-4855.1827112101
-4855.44219505369
-4856.06214424755
-4856.79166547779
-4857.27856160777
-4857.44656202069
-4857.49064422223
-4857.50103675213
-4857.49635911806
-4857.47591683428
-4857.43057906858
-4857.34035697598
-4857.16582405171
-4856.87210206952
-4856.45087777517
-4856.02300588992
-4855.825896295
-4855.94952160193
-4856.18165858576
-4856.37713327336
-4856.45813305743
-4856.62692107894
-4856.78177001377
-4857.05000934243
-4857.35025269083
-4857.60545468266
-4857.7740923573
-4857.86951076146
-4857.92297641415
-4857.95593999003
-4857.97631648517
-4857.98177148885
-4857.95991460506
-4857.87956396104
-4857.65268290536
-4857.01936069645
-4855.55225010954
-4853.76162578833
-4853.18584642402
-4853.63740366
-4854.08192750756
-4854.32153067916
-4854.79284556897
-4855.65261557607
-4856.49289169604
-4857.02044374818
-4857.27274314147
-4857.38138585633
-4857.42084855607
-4857.42327207534
-4857.39870424438
-4857.34062671522
-4857.22750130834
-4857.03382763296
-4856.76561591598
-4856.49441658057
-4856.29776904697
-4856.24406441811
-4856.18625213884
-4856.12594917952
-4855.97463508031
-4855.07751107721
-4853.61060816814
-4853.89104335308
-4855.69610281602
-4856.79499980294
-4857.1508988824
-4857.24889629821
-4857.27297267368
-4857.26925411783
-4857.24085269824
-4857.16976550365
-4857.02497662297
-4856.78799357479
-4856.50704939354
-4856.32231951153
-4856.24165692591
-4856.20479528044
-4856.13868066097
-4855.90123089035
-4855.47420431467
-4855.56519307603
-4856.53929669148
-4857.49504507065
-4857.91706519864
-4858.04593358902
-4858.08035452461
-4858.08755051139
-4858.08645248157
-4858.08040214561
-4858.06493555227
-4858.0271591316
-4857.94404351698
-4857.78889276839
-4857.55923198501
-4857.29822267295
-4857.07247645085
-4856.93995021466
-4856.93740074618
-4857.06068829416
-4857.25055546367
-4857.44761381498
-4857.54485541509
-4857.576697258
-4857.58352091919
-4857.53878977091
-4857.47286828258
-4857.35878626895
-4857.17777748722
-4856.91300833717
-4856.57949083675
-4856.24885087377
-4856.01824098341
-4855.94430046975
-4856.02546691832
-4856.23058460756
-4856.51647769519
-4856.8245105751
-4857.09102908273
-4857.28033901354
-4857.39599746162
-4857.45945263838
-4857.49081978759
-4857.50165160776
-4857.49299302345
-4857.4487880124
-4857.30995703195
-4856.90500036978
-4855.95021622598
-4854.71850172334
-4854.56742101826
-4855.6516135784
-4856.51487121418
-4856.74170169947
-4856.81487772992
-4856.8970123866
-4856.95282187397
-4857.04331392915
-4857.16758160739
-4857.34214514801
-4857.5355708314
-4857.69785592228
-4857.80424246089
-4857.85875884159
-4857.87649313828
-4857.8701160208
-4857.84344121385
-4857.7825152328
-4857.62862434586
-4857.27593989819
-4856.7952612236
-4856.41787759829
-4856.18444906542
-4856.08079644529
-4855.9713357376
-4855.87654235947
-4855.81620143948
-4855.82652393505
-4856.01537203909
-4856.28445122366
-4856.54585026927
-4856.75684049797
-4856.91894522217
-4857.04420213322
-4857.15202183206
-4857.24477989971
-4857.32274979258
-4857.38320884084
-4857.42376376468
-4857.44523294009
-4857.45012462988
-4857.4320505686
-4857.3373255131
-4857.07338023967
-4856.57246366267
-4856.02084504975
-4855.88228164339
-4856.34511376203
-4857.02668004839
-4857.52841137686
-4857.79489001383
-4857.92074643183
-4857.97979739724
-4858.0049281751
-4858.00566664122
-4857.97849864287
-4857.90988696515
-4857.77601939491
-4857.54262330136
-4857.1717145912
-4856.64095189301
-4855.96700845572
-4855.18846897884
-4854.42281076591
-4854.12132769113
-4854.40925696659
-4855.06150098184
-4855.91545897346
-4856.58109012572
-4856.94576219159
-4857.1166167601
-4857.18989375675
-4857.21526876785
-4857.2163264458
-4857.20303843127
-4857.17504704766
-4857.11736202237
-4856.98875351393
-4856.72038237322
-4856.2904077071
-4855.85704829748
-4855.69831469939
-4855.92248673912
-4856.36376379139
-4856.79410684176
-4857.10872987963
-4857.31170402035
-4857.43804907827
-4857.51614266908
-4857.56220157441
-4857.58500301724
-4857.58932533455
-4857.57878518599
-4857.55606066619
-4857.52289110642
-4857.47913427202
-4857.42028438156
-4857.33595349169
-4857.22050503401
-4857.09650587093
-4857.00952926547
-4857.01385860179
-4857.02895129575
-4857.03863873601
-4857.02670260716
-4856.95942002304
-4856.90086899459
-4856.83055222788
-4856.7567244606
-4856.67925014734
-4856.58991370699
-4856.47795227098
-4856.32949754588
-4856.12245743797
-4855.82070737508
-4855.39083100629
-4854.85894153965
-4854.37234594235
-4854.12117062267
-4854.16767423982
-4854.28795668755
-4854.42621217875
-4854.55843799838
-4854.80138674049
-4855.15622593113
-4855.58702574774
-4855.93379248282
-4856.12235924015
-4856.21051924474
-4856.25077745641
-4856.2639182485
-4856.25174106065
-4856.20642632223
-4856.11949403332
-4856.00024167352
-4855.90544851174
-4855.9482853131
-4856.23046684731
-4856.72057325624
-4857.26612035998
-4857.61444739226
-4857.78234770641
-4857.88977198197
-4857.97990878485
-4858.01520608967
-4858.03643095509
-4858.03202457509
-4858.01222638478
-4857.9833658512
-4857.94681710962
-4857.90098659552
-4857.8436113555
-4857.770840759
-4857.69718181626
-4857.55294638094
-4857.28812643309
-4856.94276582255
-4856.56842939359
-4856.27551578699
-4856.12837002624
-4856.10146810987
-4856.12689598288
-4856.15317960756
-4856.15955196947
-4856.14402171595
-4856.11168056734
-4856.07050859736
-4856.02774042526
-4855.98267689662
-4855.93083322188
-4855.8740865504
-4855.8272248013
-4855.81474093451
-4855.84837235666
-4855.90136087854
-4855.97683972757
-4855.97446111865
-4855.9568515553
-4855.88104922366
-4855.5807598768
-4854.91477619703
-4854.282735869
-4854.08813284418
-4854.36902608133
-4854.81717332559
-4855.17958221466
-4855.39660931778
-4855.51282629697
-4855.5813436658
-4855.63118897627
-4855.67231865507
-4855.70456739687
-4855.72399356836
-4855.72665671006
-4855.71344510799
-4855.7111247706
-4855.79214068179
-4856.00647480883
-4856.35991610026
-4856.55274518968
-4856.64320996005
-4856.71073032552
-4856.74931469977
-4856.81905868645
-4856.92574169207
-4857.03713012546
-4857.14299972998
-4857.22946411891
-4857.28735736622
-4857.3153937262
-4857.31609932787
-4857.28997588818
-4857.22819965416
-4857.09777264156
-4856.81512206559
-4856.26406257881
-4855.51778899773
-4855.06609553489
-4855.3797673821
-4856.23299704144
-4857.02241720222
-4857.48913846816
-4857.70449971436
-4857.78712593337
-4857.84701497699
-4857.83897632646
-4857.76572086977
-4857.68684423088
-4857.55097291271
-4857.36735341082
-4857.17200114386
-4856.99934035201
-4856.87363600341
-4856.72452223409
-4856.5031332906
-4856.03804197173
-4855.12132716938
-4853.72770554718
-4852.98479413024
-4853.74771558826
-4854.91703290153
-4855.57081424312
-4855.8279727048
-4855.9329936007
-4855.9824373753
-4856.00223800422
-4856.00353150048
-4856.01456422961
-4856.09586495721
-4856.30421558753
-4856.6098802094
-4856.90109734613
-4857.1149389983
-4857.2727415768
-4857.41449908812
-4857.56662834963
-4857.74848867759
-4857.96829723609
-4858.20226804416
-4858.39304481344
-4858.50820139822
-4858.56675910355
-4858.59529992012
-4858.60691739749
-4858.6053741876
-4858.59021157762
-4858.55934477418
-4858.51076418509
-4858.44488592693
-4858.36658036085
-4858.28567688944
-4858.21422293861
-4858.16051271823
-4858.12294307835
-4858.08607005942
-4858.02308013275
-4857.90895754195
-4857.73960866642
-4857.54073230174
-4857.34847135634
-4857.187739595
-4857.06592558528
-4856.97818684307
-4856.91126201431
-4856.84748329707
-4856.76795521914
-4856.64621485792
-4856.42386997984
-4855.96869521609
-4855.13138166094
-4854.1053492757
-4853.4735297133
-4853.58232504948
-4854.73750681919
-4855.97858320663
-4856.57378415137
-4856.79677166666
-4856.88932858801
-4856.93143898483
-4856.94335930958
-4856.92917599143
-4856.89174236986
-4856.83765220257
-4856.79731529359
-4856.73167704982
-4856.64160620911
-4856.46036040059
-4856.08986650091
-4855.65327159536
-4855.42961360002
-4855.73776099561
-4856.35434434861
-4856.97242641269
-4857.3758784982
-4857.63208944791
-4857.77055316624
-4857.84182854149
-4857.87233131601
-4857.87422944986
-4857.85072216321
-4857.79771139887
-4857.70452879697
-4857.55157023425
-4857.30538929521
-4856.92293703877
-4856.4063359907
-4855.93633547977
-4855.85085871969
-4856.2139300934
-4856.54436215593
-4856.75442828859
-4856.93262742113
-4857.07401877395
-4857.20996803011
-4857.31249123261
-4857.37729705371
-4857.40500121516
-4857.40182652407
-4857.37408206568
-4857.32083421263
-4857.22612873564
-4857.05267696956
-4856.75110492013
-4856.31607768975
-4855.89430530652
-4855.56128341354
-4855.37526548387
-4855.32805308358
-4855.47355751138
-4855.90372975393
-4856.40707067244
-4856.79517472158
-4857.0255797218
-4857.14525246665
-4857.20376665604
-4857.23163012753
-4857.24953029893
-4857.27519346198
-4857.31742633738
-4857.36357077869
-4857.39030134806
-4857.46319514035
-4857.43508887836
-4857.29221178021
-4857.00401986301
-4856.56341279122
-4856.20386060109
-4856.27931307102
-4856.74186662991
-4857.21101977545
-4857.48861002236
-4857.6256093836
-4857.69899807792
-4857.74217544512
-4857.76438577037
-4857.76700221853
-4857.74784566792
-4857.69986162569
-4857.60559897934
-4857.429494013
-4857.12204192669
-4856.67748777305
-4856.2200753225
-4855.91587466832
-4855.79690984081
-4855.80419776936
-4855.89991125595
-4856.06778314311
-4856.15062659409
-4856.18011837216
-4856.21934367619
-4856.34767684669
-4856.64458626854
-4856.9795266054
-4857.25405031146
-4857.44610239997
-4857.58001218225
-4857.68417418194
-4857.77679436837
-4857.86753519941
-4857.96310148613
-4858.07006175399
-4858.19017119535
-4858.30814854155
-4858.39907933319
-4858.45926711452
-4858.50120966602
-4858.53252384054
-4858.553359183
-4858.56008372204
-4858.5474454215
-4858.50724624922
-4858.42441965726
-4858.26839547372
-4857.98447474247
-4857.53930086594
-4857.09626880507
-4856.80626148058
-4856.65571696386
-4856.53805698649
-4856.48719894995
-4856.47087416974
-4856.4770113881
-4856.48815401787
-4856.49169393524
-4856.4810887736
-4856.45222445329
-4856.40160357194
-4856.32826342111
-4856.2374792227
-4856.14462915926
-4856.07457831663
-4856.03040056326
-4856.05337723703
-4856.02926272533
-4855.98330577406
-4855.88831147823
-4855.69266099357
-4855.38501970156
-4855.25510702273
-4855.48811322727
-4855.96928698646
-4856.40187818093
-4856.66570720678
-4856.80570683333
-4856.89309543267
-4856.95447550404
-4856.99761456955
-4857.02163158997
-4857.02351959895
-4856.99999413782
-4856.94550629754
-4856.84771878652
-4856.68899092263
-4856.47488289905
-4856.26667846424
-4856.20752828887
-4856.40326750434
-4856.79668227785
-4857.21840658994
-4857.54997076745
-4857.77315183912
-4857.9157334665
-4858.00651026799
-4858.06346815314
-4858.09492344765
-4858.10176727355
-4858.07807973839
-4858.00850085404
-4857.86209757194
-4857.58556290945
-4857.11768883628
-4856.44503235598
-4855.6615054419
-4855.03491604208
-4854.72225240263
-4854.59745757183
-4854.80501058221
-4855.44484962212
-4856.22420598365
-4856.74236637521
-4856.96561011347
-4857.03382449591
-4857.04530899059
-4857.03929497328
-4857.02454604148
-4856.99529378111
-4856.93456036329
-4856.81518967563
-4856.61096040389
-4856.32682990745
-4856.02855119978
-4855.82732888172
-4855.82974022788
-4856.00433540035
-4856.25991034233
-4856.64898084891
-4857.13968159896
-4857.62314393246
-4857.94798657573
-4858.12182303872
-4858.20227516453
-4858.23239344698
-4858.23313502024
-4858.21188582244
-4858.16889299441
-4858.1011292775
-4858.00729558984
-4857.89117496731
-4857.76261760415
-4857.65634004205
-4857.53768261485
-4857.41088477416
-4857.25092118382
-4857.05726587019
-4856.94860387222
-4856.96178858789
-4857.1206836446
-4857.37082230464
-4857.58600703663
-4857.69906394389
-4857.73489463008
-4857.74389539474
-4857.74556742717
-4857.74627035828
-4857.74075027922
-4857.71201452424
-4857.60234518409
-4857.31752759748
-4856.77252030568
-4856.12212516035
-4855.82097507483
-4855.94632315484
-4856.22011200103
-4856.59914662835
-4857.07980581409
-4857.52529370448
-4857.81385082602
-4857.97014557266
-4858.03889504456
-4858.05573435399
-4858.04372147469
-4858.01357972083
-4857.96731705022
-4857.90371140028
-4857.8210196804
-4857.719443944
-4857.59905868597
-4857.49742836245
-4857.31502481466
-4857.05263221301
-4856.65536414209
-4856.34202444882
-4856.1951775228
-4856.25053507858
-4856.42958339683
-4856.66392074907
-4856.85289825854
-4856.9740978859
-4857.03728074094
-4857.05834074071
-4857.06686771406
-4857.04385627907
-4857.01579457679
-4856.97031338282
-4856.880335068
-4856.80419457722
-4856.72683878847
-4856.64193470958
-4856.54567331146
-4856.44098763031
-4856.33793248476
-4856.27268516436
-4856.20244378798
-4856.13376938994
-4856.02016097504
-4855.75630200271
-4855.31198284978
-4854.97938377801
-4855.01526145151
-4855.48372545687
-4856.08893534028
-4856.50748567919
-4856.71573994375
-4856.8168185074
-4856.87296295194
-4856.90478237396
-4856.91398495127
-4856.89423051993
-4856.83735703671
-4856.74199803008
-4856.62348436112
-4856.52058366959
-4856.52276828169
-4856.63503533626
-4856.86961814204
-4857.16073800218
-4857.41709621759
-4857.63019375631
-4857.79368492969
-4857.9271332524
-4858.03703277259
-4858.12202602828
-4858.18023810319
-4858.21202906836
-4858.21745699874
-4858.19256002049
-4858.12363680887
-4857.97780108106
-4857.7284026195
-4857.33589843777
-4856.86780023037
-4856.39131379587
-4855.94792889185
-4855.70042605345
-4855.58786529345
-4855.67198569181
-4855.95568315351
-4856.33429952745
-4856.61108976574
-4856.76007712403
-4856.82611867292
-4856.85113280515
-4856.85304862978
-4856.82447470925
-4856.72474676828
-4856.44875689734
-4855.7870688586
-4854.63755038192
-4853.72371156466
-4853.79949598037
-4854.31377176744
-4854.99419575623
-4855.89559699115
-4856.62129025945
-4857.17084071796
-4857.52852472234
-4857.74973448261
-4857.87970331571
-4857.94778303983
-4857.97341041876
-4857.96878465267
-4857.93735755394
-4857.87018770755
-4857.73951318481
-4857.49402355171
-4857.08203639347
-4856.53292791933
-4855.99924290883
-4855.67488118704
-4855.62864519477
-4855.74557694142
-4855.95402889084
-4856.11868194223
-4856.36778858666
-4856.84217147223
-4857.36964660926
-4857.66121964027
-4857.78525767601
-4857.83622425604
-4857.8526898542
-4857.84615829161
-4857.81512655592
-4857.74688599616
-4857.61627857272
-4857.39157365793
-4857.06180197142
-4856.71111608204
-4856.4206764061
-4856.2132800118
-4856.03563361699
-4856.00049195449
-4856.42356677549
-4857.31548501036
-4858.09702337297
-4858.42990511227
-4858.52950900731
-4858.55670519928
-4858.56071791148
-4858.5536759978
-4858.53646494451
-4858.50386585386
-4858.44514270839
-4858.34427236814
-4858.18775740558
-4857.98113891864
-4857.75737103566
-4857.55728034029
-4857.39921234628
-4857.27012241958
-4857.13889830751
-4856.97105654874
-4856.77867399399
-4856.62516113875
-4856.5692800813
-4856.58815480601
-4856.62265394799
-4856.63868498845
-4856.62759865739
-4856.58184329809
-4856.46185741584
-4856.12732577015
-4855.30297950052
-4854.09923865713
-4853.47491324533
-4853.97168567712
-4855.00601909089
-4855.87700291094
-4856.43646334358
-4856.79164820317
-4857.03880797094
-4857.22510430164
-4857.3647019901
-4857.45583001435
-4857.50022825521
-4857.51004089812
-4857.48886433689
-4857.41847301114
-4857.27614140701
-4857.08041667241
-4856.92332333548
-4856.91691658908
-4857.07903256373
-4857.33111575728
-4857.49618708925
-4857.59251035751
-4857.66786151546
-4857.70552299692
-4857.75088773274
-4857.77611979571
-4857.77787242632
-4857.74665165519
-4857.65945599152
-4857.47290016243
-4857.13687846821
-4856.67416249427
-4856.26730725739
-4856.07256911431
-4856.03154356479
-4855.99439926201
-4855.97618505693
-4855.69355572965
-4854.58936841473
-4853.79354526226
-4854.89472664639
-4856.36717517588
-4857.06869536163
-4857.30189710697
-4857.3732382631
-4857.38948492518
-4857.38101054615
-4857.35460283064
-4857.30767283299
-4857.26455882167
-4857.1657586448
-4856.97054783815
-4856.58186180519
-4856.17065761488
-4855.92652870641
-4855.9802219257
-4856.27998744993
-4856.68523859003
-4857.06264424225
-4857.33340365507
-4857.48660857213
-4857.55420457419
-4857.57277068648
-4857.56136009413
-4857.52441367558
-4857.46574766357
-4857.39418430121
-4857.31809117863
-4857.2422630445
-4857.1697059596
-4857.10588352914
-4857.05863633303
-4857.02978806005
-4857.00744715316
-4857.00889728122
-4856.98044801104
-4856.93684565232
-4856.76915655117
-4856.53702622333
-4856.38197667799
-4856.4438309922
-4856.63198263814
-4856.826178103
-4856.99325896556
-4857.13135598661
-4857.23434960535
-4857.29515575834
-4857.31573457685
-4857.30716491411
-4857.27573637319
-4857.20116187821
-4857.02068205021
-4856.65011674729
-4856.0919799916
-4855.53224942643
-4855.21417929703
-4855.20785053962
-4855.39901478237
-4855.64650182266
-4855.87504614418
-4856.06544149104
-4856.21703444886
-4856.33100168684
-4856.41587656738
-4856.48219582843
-4856.53411728215
-4856.5691576766
-4856.58144188816
-4856.56660285562
-4856.53002265737
-4856.49674493466
-4856.51177369301
-4856.61348956222
-4856.78126772102
-4856.93286664759
-4857.02054890059
-4857.10858868439
-4857.11797130142
-4857.0575853392
-4857.03779188949
-4857.07469511421
-4857.2490154731
-4857.6141196145
-4857.96786608781
-4858.09192562492
-4858.16369543069
-4858.2214165844
-4858.26509140413
-4858.28416067265
-4858.28133828771
-4858.2491936666
-4858.17308794129
-4858.034195844
-4857.82044668569
-4857.54286049649
-4857.23914581556
-4856.98369469018
-4856.69208771431
-4856.34281377935
-4855.90012251176
-4855.68282825328
-4855.85584388947
-4856.2475624618
-4856.58089928228
-4856.76703641521
-4856.847408187
-4856.87710532487
-4856.88625957266
-4856.87784917161
-4856.80273812262
-4856.36900058893
-4854.76057237847
-4852.67845549653
-4852.98120401692
-4854.22356840872
-4854.63431977863
-4854.95455439268
-4855.35921683366
-4856.04490529911
-4856.76556924007
-4857.29714554139
-4857.60648577867
-4857.76370462243
-4857.83506002373
-4857.86058569521
-4857.85852642451
-4857.83065468116
-4857.76124563028
-4857.61152568265
-4857.31988509149
-4856.84667231746
-4856.27790294979
-4855.81366177161
-4855.60470357854
-4855.57362096619
-4855.74156882185
-4856.16440279158
-4856.87839409138
-4857.48731411526
-4857.82336022318
-4857.9824079866
-4858.0559967577
-4858.08649553939
-4858.09139154777
-4858.07679846591
-4858.04070460167
-4857.96965444808
-4857.83104940504
-4857.57185074725
-4857.16252770691
-4856.75991430502
-4856.51530112905
-4856.3436000843
-4856.21328050781
-4856.26928573912
-4856.49361888347
-4856.74072429348
-4856.95995330336
-4857.14093491471
-4857.28245385067
-4857.38420079828
-4857.44775042298
-4857.47732181555
-4857.47848990444
-4857.45747903005
-4857.42207947774
-4857.38042879777
-4857.33780899585
-4857.29258408701
-4857.23538804328
-4857.15336689305
-4857.03963038415
-4856.90807218145
-4856.79499671116
-4856.72815483153
-4856.69687840653
-4856.67206109882
-4856.63329172281
-4856.56446817698
-4856.45509426736
-4856.34595598702
-4856.35107251032
-4856.54665637852
-4856.88541157802
-4857.13993170186
-4857.29735997162
-4857.40492543079
-4857.45706840993
-4857.52296125866
-4857.56918469004
-4857.59526797586
-4857.59756307999
-4857.56823398039
-4857.49128048586
-4857.3331155432
-4857.02334774043
-4856.44788665338
-4855.57570218761
-4854.76995859995
-4854.63820731778
-4855.25448424092
-4856.1080889101
-4856.76947337035
-4857.15312862569
-4857.33944038108
-4857.41594828938
-4857.43623695093
-4857.42617086121
-4857.42960003413
-4857.35605285414
-4857.30126120384
-4857.2238428051
-4857.10207612313
-4856.90496107786
-4856.61919598943
-4856.29547633138
-4856.05119517224
-4855.99473408614
-4856.13622150457
-4856.38485249511
-4856.63234748866
-4856.82000331365
-4856.9635494847
-4857.02207190457
-4857.04376211842
-4857.03825311342
-4856.97836152796
-4856.93079613493
-4856.8688569982
-4856.80901551988
-4856.69517812602
-4856.44332128498
-4855.52506257236
-4853.50103920063
-4852.36851397901
-4853.18387459868
-4854.41709438741
-4855.12990973903
-4855.44550608561
-4855.58515961767
-4855.67804479036
-4855.70252991157
-4855.69901359789
-4855.66043657989
-4855.54268593695
-4855.40760911579
-4855.27293379806
-4855.28797433214
-4855.63503315354
-4856.25048829047
-4856.77785377203
-4857.10116330256
-4857.2197522303
-4857.2930757727
-4857.29787097486
-4857.33498830629
-4857.35373650602
-4857.36160821497
-4857.36334726695
-4857.35624888678
-4857.33453493771
-4857.29050293031
-4857.20896788274
-4857.05811412892
-4856.7876692904
-4856.41936774329
-4856.07855557772
-4855.89083314186
-4855.65644987214
-4855.29501114311
-4855.48167448199
-4856.28343602825
-4857.01487595946
-4857.41478149025
-4857.59427354088
-4857.67278364459
-4857.70621229327
-4857.71456553102
-4857.70206429781
-4857.66353794391
-4857.58631752712
-4857.44866372789
-4857.22451325798
-4856.95454878089
-4856.61490317372
-4856.32137894989
-4856.0866868604
-4856.00096429259
-4856.15539678644
-4856.53495967487
-4856.91722855081
-4857.20177314384
-4857.38386751862
-4857.49180348871
-4857.55145751993
-4857.57721506812
-4857.57456416701
-4857.54257003548
-4857.47383222784
-4857.36877401093
-4857.12402245491
-4856.6331968717
-4855.81591440683
-4855.11045742797
-4854.90649156498
-4855.16220083043
-4855.64507641356
-4856.14664718847
-4856.53968249129
-4856.79033834862
-4856.9279292878
-4856.99469487698
-4857.01993749792
-4857.01697882648
-4856.9851908746
-4856.90997204621
-4856.75879855318
-4856.4747568252
-4855.98760080704
-4855.26247556404
-4854.47353301913
-4853.99774061687
-4853.9224052751
-4853.94282559528
-4854.36340014922
-4855.12406992322
-4855.79292889473
-4856.19789421792
-4856.42273421666
-4856.59259252618
-4856.76046577981
-4856.92466876071
-4857.058523888
-4857.14658730169
-4857.19171311724
-4857.20375519124
-4857.18905227058
-4857.14430448887
-4857.05013321375
-4856.86137048002
-4856.50910327093
-4855.96108471609
-4855.35884361519
-4855.01752052214
-4855.149963411
-4855.65141227006
-4856.24455376607
-4856.73151680999
-4857.05775842385
-4857.24843517691
-4857.34710256857
-4857.3911304513
-4857.40386834037
-4857.39714516711
-4857.37561001499
-4857.34090025986
-4857.28919229914
-4857.22601782977
-4857.14632994034
-4857.03891874992
-4856.86262580463
-4856.53004367014
-4855.97676340596
-4855.36245876059
-4855.042662758
-4855.13607595087
-4855.42131314552
-4855.67052001349
-4855.81464861659
-4855.87579612427
-4855.89285124883
-4855.87863437346
-4855.84650807726
-4855.80047111383
-4855.75240090917
-4855.73605963747
-4855.81068351187
-4856.03530294578
-4856.41890707986
-4856.89246616897
-4857.3706835657
-4857.70257417177
-4857.94504808652
-4858.09496269932
-4858.17916224008
-4858.21796615642
-4858.22365628421
-4858.2030348859
-4858.16033715413
-4858.09924241569
-4858.02448135051
-4857.96496654051
-4857.88789463943
-4857.78755429219
-4857.71014931019
-4857.63772843936
-4857.56559659489
-4857.4886405029
-4857.40218957731
-4857.29829931165
-4857.16276780787
-4856.97365080344
-4856.71387345831
-4856.40325645388
-4856.127716342
-4855.98192711413
-4855.95793272033
-4855.97437556775
-4856.03999154529
-4856.0210458627
-4855.96061784343
-4855.7361005907
-4854.91734234785
-4853.05938108282
-4851.97812484866
-4853.72362529993
-4855.54447133482
-4856.20860116972
-4856.40347026113
-4856.47240062802
-4856.49991172667
-4856.50064775019
-4856.47007464961
-4856.41128843068
-4856.37457316449
-4856.48416481751
-4856.85242166011
-4857.39232766121
-4857.8516745352
-4858.10435499474
-4858.21723930056
-4858.24413471237
-4858.26083766766
-4858.24250759944
-4858.21230641027
-4858.13980707433
-4858.01157663206
-4857.80029737827
-4857.42876915546
-4856.69080256433
-4855.29207442998
-4853.669488315
-4853.18300354488
-4853.8434492529
-4854.58231778863
-4854.97931603403
-4855.13932137522
-4855.19467350116
-4855.20499161024
-4855.18807761902
-4855.147628556
-4855.09248613276
-4855.05682082233
-4855.10887411383
-4855.31128771674
-4855.63680657964
-4855.96304209512
-4856.19056218592
-4856.34977844924
-4856.37001585194
-4856.41121652696
-4856.45418001526
-4856.50410077224
-4856.56272479393
-4856.62929226277
-4856.69425615206
-4856.7433380751
-4856.77115533616
-4856.78185846058
-4856.78074417958
-4856.76673316806
-4856.72446031141
-4856.61157976856
-4856.35191797526
-4855.89222972445
-4855.34240060451
-4854.98529637945
-4855.05103322918
-4855.37386096398
-4855.76939384869
-4856.18847338654
-4856.52915189681
-4856.77860546826
-4856.94648849809
-4857.04916806899
-4857.1020262194
-4857.14324107475
-4857.12993941342
-4857.09250218811
-4857.00958493566
-4856.93297561743
-4856.85248899496
-4856.78517669592
-4856.74954370577
-4856.76197661845
-4856.83001965789
-4856.95861616138
-4857.06488511158
-4857.12792430114
-4857.17427580637
-4857.21239978691
-4857.28862881967
-4857.37907853148
-4857.48901921425
-4857.63074220901
-4857.80852991399
-4857.9970577732
-4858.1539769409
-4858.26053330487
-4858.32535012337
-4858.36361009211
-4858.38536488597
-4858.39414792541
-4858.3871478092
-4858.35228380285
-4858.25687130547
-4858.02162896286
-4857.51615401781
-4856.74252426056
-4856.10934580589
-4855.90496931687
-4855.86818110137
-4855.8324668294
-4855.98627417059
-4856.51359271432
-4857.03480334014
-4857.34473904851
-4857.4801012603
-4857.52419262123
-4857.52732423766
-4857.50978803543
-4857.47520234637
-4857.41907691249
-4857.33656959379
-4857.22806830396
-4857.10082922808
-4856.96448030798
-4856.86171153487
-4856.72593005622
-4856.55874589808
-4856.38214487658
-4856.35467656259
-4856.6739701901
-4857.13884884292
-4857.5215908824
-4857.75002619807
-4857.87843555454
-4857.91180889168
-4857.90968363584
-4857.88490939778
-4857.80028048055
-4857.69066718478
-4857.53762011088
-4857.35505891624
-4857.18203698848
-4857.07086723769
-4857.04748050497
-4857.0833852143
-4857.16432429223
-4857.18031012844
-4857.16517774683
-4857.06629912579
-4856.69221074829
-4856.00771870174
-4855.20378969046
-4854.77519191313
-4854.86506449108
-4855.1713708384
-4855.41750368655
-4855.54319873087
-4855.5902039889
-4855.60234799848
-4855.60159709937
-4855.58733485697
-4855.52815982695
-4855.33629846754
-4854.86824887628
-4854.14488960119
-4853.71206912856
-4853.91859917903
-4854.41552510981
-4854.85418070517
-4855.38182075473
-4855.95874491027
-4856.36882397184
-4856.62050866183
-4856.73457096167
-4856.7795530066
-4856.79076999441
-4856.7809809687
-4856.75471351937
-4856.7134055385
-4856.65594128368
-4856.57833521076
-4856.47290413232
-4856.35410560487
-4856.17025498142
-4855.88351607772
-4855.37372057381
-4854.67269867718
-4854.35554359608
-4854.95941403806
-4856.10704989352
-4856.89670235443
-4857.22708858072
-4857.35889632757
-4857.42511109901
-4857.45367295802
-4857.45660338949
-4857.44093760667
-4857.42074392725
-4857.41467359817
-4857.43299590276
-4857.469274989
-4857.50774747877
-4857.53559329246
-4857.54450097787
-4857.52562113461
-4857.4642308124
-4857.32941336513
-4857.06259968962
-4856.60316797506
-4855.99998510266
-4855.48593579788
-4855.28772340959
-4855.38820929287
-4855.61776743869
-4855.82870980611
-4855.97505292613
-4856.06844287226
-4856.13330348044
-4856.18845100638
-4856.24564689459
-4856.31354481189
-4856.4019911463
-4856.52237289121
-4856.67958049237
-4856.8595252705
-4857.03224649864
-4857.17187715622
-4857.28998683783
-4857.36172812322
-4857.4055644626
-4857.4570586101
-4857.49821155227
-4857.52824392338
-4857.54765137894
-4857.56113301877
-4857.56446265361
-4857.56536660391
-4857.56863996826
-4857.57675063738
-4857.58484615741
-4857.58052086139
-4857.55427736496
-4857.50693735119
-4857.42122886964
-4857.21486988859
-4856.75449816382
-4856.09507745459
-4855.7047398729
-4855.9228392003
-4856.48339261428
-4856.97630645197
-4857.26621561079
-4857.40500838129
-4857.46382363934
-4857.48403053181
-4857.48373829216
-4857.46806872105
-4857.43385716057
-4857.37122833166
-4857.26875844022
-4857.1322503045
-4856.99921045702
-4856.9216062715
-4856.85921650606
-4856.79752320182
-4856.70910833169
-4856.62183146742
-4856.68913817276
-4856.92357014759
-4857.21524989863
-4857.42144190704
-4857.51564703227
-4857.55206792859
-4857.5684424438
-4857.56805736026
-4857.52870376061
-4857.41088487134
-4857.16879121964
