# Time-averaged data for fix msdout
# TimeStep c_msdO[1]
100 12.5293
200 12.462
300 12.333
400 12.1256
500 11.815
600 11.3831
700 10.8518
800 10.2964
900 9.80028
1000 9.40249
1100 9.09757
1200 8.86857
1300 8.70437
1400 8.59936
1500 8.54972
1600 8.55167
1700 8.60134
1800 8.69549
1900 8.83189
2000 9.00984
2100 9.23063
2200 9.49797
2300 9.81742
2400 10.1949
2500 10.6347
2600 11.138
2700 11.7015
2800 12.3193
2900 12.9847
3000 13.6921
3100 14.4371
3200 15.2151
3300 16.0213
3400 16.8505
3500 17.6994
3600 18.5691
3700 19.4626
3800 20.3765
3900 21.2923
4000 22.1817
4100 23.017
4200 23.7759
4300 24.4436
4400 25.0113
4500 25.4743
4600 25.8292
4700 26.0717
4800 26.1932
4900 26.1797
5000 26.0164
5100 25.701
5200 25.252
5300 24.7026
5400 24.103
5500 23.5181
5600 22.9981
5700 22.5587
5800 22.1905
5900 21.8742
6000 21.5929
6100 21.3357
6200 21.0987
6300 20.8848
6400 20.7011
6500 20.5557
6600 20.4542
6700 20.3965
6800 20.381
6900 20.4033
7000 20.4577
7100 20.5389
7200 20.6405
7300 20.756
7400 20.8819
7500 21.0171
7600 21.1635
7700 21.3253
7800 21.5086
7900 21.7151
8000 21.9383
8100 22.164
8200 22.3781
8300 22.5716
8400 22.7406
8500 22.8809
8600 22.9856
8700 23.0465
8800 23.0564
8900 23.0069
9000 22.8916
9100 22.7265
9200 22.5447
9300 22.3617
9400 22.1778
9500 21.9843
9600 21.7675
9700 21.5203
9800 21.2467
9900 20.9614
10000 20.686
10100 20.4426
10200 20.2452
10300 20.0973
10400 19.9967
10500 19.9442
10600 19.9466
10700 20.0087
10800 20.1268
10900 20.2996
11000 20.5283
11100 20.8244
11200 21.2032
11300 21.6882
11400 22.3037
11500 23.0627
11600 23.9348
11700 24.8496
11800 25.7241
11900 26.4724
12000 27.0132
12100 27.3069
12200 27.3786
12300 27.2761
12400 27.03
12500 26.6537
12600 26.1544
12700 25.5365
12800 24.8014
12900 23.9519
13000 23.0021
13100 21.9844
13200 20.9495
13300 19.9621
13400 19.0936
13500 18.413
13600 17.9555
13700 17.7025
13800 17.61
13900 17.6428
14000 17.7828
14100 18.0221
14200 18.359
14300 18.7933
14400 19.3257
14500 19.9671
14600 20.7491
14700 21.7371
14800 23.0137
14900 24.5892
15000 26.3019
15100 27.8838
15200 29.1407
15300 30.0235
15400 30.5708
15500 30.8336
15600 30.8431
15700 30.6142
15800 30.1611
15900 29.5089
16000 28.6892
16100 27.7338
16200 26.6691
16300 25.5215
16400 24.3299
16500 23.1536
16600 22.0632
16700 21.1124
16800 20.3183
16900 19.6696
17000 19.1466
17100 18.7356
17200 18.4332
17300 18.242
17400 18.1688
17500 18.2248
17600 18.4405
17700 18.8966
17800 19.6884
17900 20.7774
18000 21.9655
18100 23.0399
18200 23.8876
18300 24.4977
18400 24.9017
18500 25.1299
18600 25.1995
18700 25.114
18800 24.8664
18900 24.4401
19000 23.8094
19100 22.9473
19200 21.8529
19300 20.6111
19400 19.4261
19500 18.523
19600 17.9756
19700 17.6914
19800 17.5627
19900 17.5387
20000 17.6022
20100 17.7499
20200 17.9885
20300 18.3352
20400 18.8177
20500 19.4654
20600 20.286
20700 21.2404
20800 22.2502
20900 23.2274
21000 24.0997
21100 24.8278
21200 25.4004
21300 25.818
21400 26.0837
21500 26.2031
21600 26.1912
21700 26.069
21800 25.8529
21900 25.5522
22000 25.1716
22100 24.7141
22200 24.1821
22300 23.5721
22400 22.8541
22500 21.9406
22600 20.6891
22700 19.0786
22800 17.346
22900 15.7909
23000 14.5678
23100 13.6868
23200 13.0971
23300 12.741
23400 12.5756
23500 12.5776
23600 12.744
23700 13.0934
23800 13.6719
23900 14.5514
24000 15.7926
24100 17.3442
24200 18.9583
24300 20.3037
24400 21.2413
24500 21.8798
24600 22.3544
24700 22.7205
24800 22.9907
24900 23.1697
25000 23.262
25100 23.267
25200 23.1771
25300 22.9825
25400 22.6819
25500 22.279
25600 21.7623
25700 21.1271
25800 20.4307
25900 19.7838
26000 19.2623
26100 18.8664
26200 18.5902
26300 18.4463
26400 18.4216
26500 18.4858
26600 18.6322
26700 18.8811
26800 19.2661
26900 19.8233
27000 20.5647
27100 21.4176
27200 22.2015
27300 22.7896
27400 23.2044
27500 23.4913
27600 23.6794
27700 23.778
27800 23.7853
27900 23.6975
28000 23.516
28100 23.2514
28200 22.9241
28300 22.5532
28400 22.1539
28500 21.7507
28600 21.3684
28700 21.0115
28800 20.6838
28900 20.373
29000 20.051
29100 19.7177
29200 19.4107
29300 19.161
29400 18.9701
29500 18.8226
29600 18.7011
29700 18.593
29800 18.4919
29900 18.3977
30000 18.3172
30100 18.2657
30200 18.2653
30300 18.3349
30400 18.4735
30500 18.6593
30600 18.8714
30700 19.1035
30800 19.3585
30900 19.6416
31000 19.9609
31100 20.3282
31200 20.7535
31300 21.2471
31400 21.8369
31500 22.5904
31600 23.5875
31700 24.8234
31800 26.1602
31900 27.4023
32000 28.4028
32100 29.1097
32200 29.5398
32300 29.7335
32400 29.7282
32500 29.5516
32600 29.2234
32700 28.7569
32800 28.1598
32900 27.4378
33000 26.6018
33100 25.686
33200 24.7756
33300 23.9838
33400 23.3659
33500 22.902
33600 22.551
33700 22.281
33800 22.0731
33900 21.9152
34000 21.7987
34100 21.7195
34200 21.674
34300 21.6568
34400 21.6584
34500 21.6608
34600 21.6386
34700 21.5731
34800 21.4742
34900 21.3734
35000 21.2906
35100 21.2283
35200 21.1868
35300 21.1714
35400 21.1898
35500 21.252
35600 21.3706
35700 21.5584
35800 21.8249
35900 22.1684
36000 22.5715
36100 23.0003
36200 23.4107
36300 23.7596
36400 24.0159
36500 24.1599
36600 24.1844
36700 24.0997
36800 23.9285
36900 23.6927
37000 23.4078
37100 23.084
37200 22.7273
37300 22.3396
37400 21.918
37500 21.4572
37600 20.9503
37700 20.3891
37800 19.7632
37900 19.062
38000 18.2814
38100 17.4339
38200 16.559
38300 15.7243
38400 15.0077
38500 14.4681
38600 14.1277
38700 13.9802
38800 14.0117
38900 14.2158
39000 14.6002
39100 15.1854
39200 15.9996
39300 17.0685
39400 18.3957
39500 19.9343
39600 21.5592
39700 23.0865
39800 24.3573
39900 25.3169
40000 26.0058
40100 26.4942
40200 26.8388
40300 27.0736
40400 27.216
40500 27.2705
40600 27.2319
40700 27.0868
40800 26.8179
40900 26.4112
41000 25.8629
41100 25.1838
41200 24.3985
41300 23.5455
41400 22.6748
41500 21.8368
41600 21.0703
41700 20.3967
41800 19.8189
41900 19.3273
42000 18.9065
42100 18.5412
42200 18.218
42300 17.9274
42400 17.6669
42500 17.4461
42600 17.2882
42700 17.2224
42800 17.2619
42900 17.3931
43000 17.588
43100 17.8189
43200 18.0699
43300 18.3395
43400 18.6352
43500 18.9685
43600 19.3514
43700 19.7959
43800 20.3142
43900 20.917
44000 21.6086
44100 22.3817
44200 23.2142
44300 24.0719
44400 24.9144
44500 25.7029
44600 26.4081
44700 27.0098
44800 27.4939
44900 27.846
45000 28.0464
45100 28.07
45200 27.8905
45300 27.4867
45400 26.8524
45500 26.0213
45600 25.1023
45700 24.2643
45800 23.6119
45900 23.1249
46000 22.7413
46100 22.4169
46200 22.1283
46300 21.8622
46400 21.6093
46500 21.3613
46600 21.1091
46700 20.8445
46800 20.565
46900 20.2874
47000 20.0457
47100 19.8719
47200 19.7761
47300 19.751
47400 19.7823
47500 19.8562
47600 19.9631
47700 20.0999
47800 20.2682
47900 20.4728
48000 20.7161
48100 20.9981
48200 21.3167
48300 21.6698
48400 22.0565
48500 22.4787
48600 22.9396
48700 23.4402
48800 23.9745
48900 24.5253
49000 25.064
49100 25.5545
49200 25.9615
49300 26.2553
49400 26.4112
49500 26.416
49600 26.2866
49700 26.0728
49800 25.8319
49900 25.5937
50000 25.3626
50100 25.1327
50200 24.8978
50300 24.6524
50400 24.3915
50500 24.111
50600 23.8051
50700 23.466
50800 23.0861
50900 22.6638
51000 22.2096
51100 21.7428
51200 21.2847
51300 20.8483
51400 20.4385
51500 20.0566
51600 19.7012
51700 19.3675
51800 19.0467
51900 18.7251
52000 18.3848
52100 18.0063
52200 17.5764
52300 17.0998
52400 16.6102
52500 16.1702
52600 15.8517
52700 15.6997
52800 15.7068
52900 15.8234
53000 15.9957
53100 16.2007
53200 16.4424
53300 16.7335
53400 17.0863
53500 17.5123
53600 18.0225
53700 18.6259
53800 19.3271
53900 20.1196
54000 20.9799
54100 21.8618
54200 22.7007
54300 23.4279
54400 23.9853
54500 24.3472
54600 24.5246
54700 24.5485
54800 24.448
54900 24.2417
55000 23.9387
55100 23.5414
55200 23.0465
55300 22.4414
55400 21.6915
55500 20.7195
55600 19.4217
55700 17.8231
55800 16.2022
55900 14.8635
56000 13.9108
56100 13.2916
56200 12.9228
56300 12.7465
56400 12.7334
56500 12.8745
56600 13.1747
56700 13.6475
56800 14.3095
56900 15.1702
57000 16.214
57100 17.3864
57200 18.6043
57300 19.7843
57400 20.8699
57500 21.8393
57600 22.692
57700 23.4326
57800 24.0645
57900 24.589
58000 25.0045
58100 25.3053
58200 25.4811
58300 25.5192
58400 25.4102
58500 25.1527
58600 24.7549
58700 24.2367
58800 23.6292
58900 22.9709
59000 22.3012
59100 21.6551
59200 21.0583
59300 20.5278
59400 20.0714
59500 19.6898
59600 19.3773
59700 19.1231
59800 18.9133
59900 18.7419
60000 18.622
60100 18.5821
60200 18.6434
60300 18.802
60400 19.0301
60500 19.2893
60600 19.547
60700 19.7861
60800 20.0001
60900 20.1875
61000 20.3489
61100 20.4844
61200 20.5935
61300 20.6744
61400 20.7228
61500 20.73
61600 20.681
61700 20.5614
61800 20.3746
61900 20.1428
62000 19.8969
62100 19.6706
62200 19.4951
62300 19.3899
62400 19.3628
62500 19.4128
62600 19.5355
62700 19.7278
62800 19.9888
62900 20.3213
63000 20.7354
63100 21.2549
63200 21.925
63300 22.8017
63400 23.9087
63500 25.1829
63600 26.4827
63700 27.6607
63800 28.6247
63900 29.3488
64000 29.8465
64100 30.1436
64200 30.2595
64300 30.1994
64400 29.9552
64500 29.5128
64600 28.8621
64700 28.0188
64800 27.0485
64900 26.0929
65000 25.3083
65100 24.7079
65200 24.2123
65300 23.7624
65400 23.3304
65500 22.9059
65600 22.4847
65700 22.0624
65800 21.6319
65900 21.1813
66000 20.6935
66100 20.15
66200 19.5383
66300 18.8691
66400 18.192
66500 17.5857
66600 17.1178
66700 16.8177
66800 16.6771
66900 16.6656
67000 16.7456
67100 16.8788
67200 17.0354
67300 17.1976
67400 17.3625
67500 17.5395
67600 17.7433
67700 17.9879
67800 18.2844
67900 18.6405
68000 19.0592
68100 19.5373
68200 20.0635
68300 20.6193
68400 21.1807
68500 21.7207
68600 22.2135
68700 22.6376
68800 22.9789
68900 23.2304
69000 23.3915
69100 23.4665
69200 23.464
69300 23.3972
69400 23.2814
69500 23.1275
69600 22.9405
69700 22.7199
69800 22.4613
69900 22.1552
70000 21.7867
70100 21.3361
70200 20.7875
70300 20.148
70400 19.4646
70500 18.8153
70600 18.2732
70700 17.8755
70800 17.6229
70900 17.4955
71000 17.469
71100 17.5243
71200 17.6495
71300 17.8392
71400 18.0953
71500 18.4339
71600 18.9147
71700 19.6935
71800 20.9228
71900 22.4826
72000 24.0814
72100 25.4865
72200 26.5952
72300 27.4029
72400 27.9427
72500 28.2469
72600 28.338
72700 28.2285
72800 27.9254
72900 27.4329
73000 26.7574
73100 25.9133
73200 24.9331
73300 23.8749
73400 22.8165
73500 21.8389
73600 21.0012
73700 20.3243
73800 19.7985
73900 19.3996
74000 19.1026
74100 18.8866
74200 18.7357
74300 18.6389
74400 18.59
74500 18.5903
74600 18.6485
74700 18.7761
74800 18.9751
74900 19.2314
75000 19.5185
75100 19.8082
75200 20.0789
75300 20.3181
75400 20.5201
75500 20.6816
75600 20.7975
75700 20.861
75800 20.8647
75900 20.7994
76000 20.6524
76100 20.399
76200 20.0001
76300 19.4597
76400 18.9196
76500 18.5406
76600 18.3446
76700 18.2841
76800 18.3277
76900 18.4616
77000 18.6745
77100 18.9552
77200 19.2997
77300 19.7171
77400 20.2249
77500 20.8387
77600 21.5689
77700 22.4259
77800 23.4265
77900 24.5997
78000 25.975
78100 27.5189
78200 29.0574
78300 30.3416
78400 31.2169
78500 31.6806
78600 31.8078
78700 31.6705
78800 31.3073
78900 30.7316
79000 29.9514
79100 28.9845
79200 27.8672
79300 26.6549
79400 25.4123
79500 24.2073
79600 23.1148
79700 22.215
79800 21.5609
79900 21.1189
80000 20.7997
80100 20.5387
80200 20.308
80300 20.099
80400 19.9109
80500 19.7449
80600 19.6029
80700 19.487
80800 19.4031
80900 19.3649
81000 19.3951
81100 19.5176
81200 19.7483
81300 20.0911
81400 20.5406
81500 21.0839
81600 21.7004
81700 22.3594
81800 23.0254
81900 23.6658
82000 24.2582
82100 24.7907
82200 25.2521
82300 25.6287
82400 25.913
82500 26.1069
82600 26.2098
82700 26.2074
82800 26.078
82900 25.8086
83000 25.4036
83100 24.8823
83200 24.2721
83300 23.6045
83400 22.9131
83500 22.2312
83600 21.59
83700 21.0179
83800 20.5371
83900 20.1565
84000 19.8709
84100 19.6689
84200 19.5443
84300 19.498
84400 19.5333
84500 19.6596
84600 19.8969
84700 20.2583
84800 20.7205
84900 21.2213
85000 21.6927
85100 22.0909
85200 22.4019
85300 22.6292
85400 22.7821
85500 22.8721
85600 22.9154
85700 22.9296
85800 22.925
85900 22.9005
86000 22.8494
86100 22.7644
86200 22.6363
86300 22.4592
86400 22.2312
86500 21.9549
86600 21.6408
86700 21.3128
86800 21.0009
86900 20.7308
87000 20.5191
87100 20.3719
87200 20.2882
87300 20.2644
87400 20.2986
87500 20.3917
87600 20.5465
87700 20.7679
87800 21.0708
87900 21.5209
88000 22.2826
88100 23.3867
88200 24.5767
88300 25.5927
88400 26.3281
88500 26.8004
88600 27.0568
88700 27.1313
88800 27.044
88900 26.8057
89000 26.4217
89100 25.892
89200 25.2142
89300 24.3876
89400 23.421
89500 22.3448
89600 21.2182
89700 20.1298
89800 19.1819
89900 18.453
90000 17.9623
90100 17.6779
90200 17.558
90300 17.5754
90400 17.7203
90500 17.9914
90600 18.3951
90700 18.9447
90800 19.6584
90900 20.5639
91000 21.6909
91100 23.0535
91200 24.6222
91300 26.307
91400 27.9794
91500 29.5103
91600 30.784
91700 31.7093
91800 32.2659
91900 32.4929
92000 32.4388
92100 32.1398
92200 31.6224
92300 30.9046
92400 29.9975
92500 28.906
92600 27.6432
92700 26.261
92800 24.8688
92900 23.6041
93000 22.5646
93100 21.7679
93200 21.1744
93300 20.7344
93400 20.4083
93500 20.1692
93600 19.9999
93700 19.8902
93800 19.8371
93900 19.8436
94000 19.9175
94100 20.0698
94200 20.3138
94300 20.6663
94400 21.1062
94500 21.5703
94600 22.0142
94700 22.4205
94800 22.7776
94900 23.0802
95000 23.3304
95100 23.5323
95200 23.6841
95300 23.7754
95400 23.7942
95500 23.7317
95600 23.5843
95700 23.3508
95800 23.0327
95900 22.6366
96000 22.1843
96100 21.7232
96200 21.3187
96300 21.0153
96400 20.8096
96500 20.6818
96600 20.62
96700 20.6185
96800 20.6733
96900 20.7739
97000 20.9059
97100 21.0582
97200 21.2291
97300 21.4321
97400 21.6963
97500 22.052
97600 22.4972
97700 22.9973
97800 23.4946
97900 23.9344
98000 24.2862
98100 24.528
98200 24.6384
98300 24.5997
98400 24.4207
98500 24.1401
98600 23.7841
98700 23.3446
98800 22.8106
98900 22.1846
99000 21.4794
99100 20.7166
99200 19.9275
99300 19.1418
99400 18.3889
99500 17.7482
99600 17.2971
99700 17.0021
99800 16.8002
99900 16.6841
100000 16.6632
100100 16.7379
100200 16.898
100300 17.1321
100400 17.4313
100500 17.7782
100600 18.1386
100700 18.4865
100800 18.8293
100900 19.1964
101000 19.6178
101100 20.1165
101200 20.7034
101300 21.3646
101400 22.0475
101500 22.671
101600 23.1714
101700 23.5318
101800 23.7616
101900 23.874
102000 23.8787
102100 23.7762
102200 23.5608
102300 23.2323
102400 22.7881
102500 22.234
102600 21.6121
102700 20.9936
102800 20.4574
102900 20.0624
103000 19.816
103100 19.6903
103200 19.653
103300 19.6768
103400 19.7425
103500 19.843
103600 19.9794
103700 20.1532
103800 20.3637
103900 20.6049
104000 20.8717
104100 21.1623
104200 21.4793
104300 21.8211
104400 22.1787
104500 22.539
104600 22.8863
104700 23.197
104800 23.4559
104900 23.6638
105000 23.8251
105100 23.9487
105200 24.0364
105300 24.0733
105400 24.0487
105500 23.9684
105600 23.85
105700 23.7075
105800 23.5458
105900 23.3627
106000 23.1519
106100 22.9042
106200 22.6094
106300 22.2574
106400 21.8342
106500 21.3267
106600 20.7454
106700 20.1531
106800 19.6352
106900 19.2541
107000 19.0285
107100 18.9419
107200 18.9636
107300 19.0736
107400 19.2698
107500 19.5576
107600 19.9448
107700 20.4359
107800 21.0281
107900 21.6999
108000 22.4012
108100 23.0599
108200 23.6121
108300 24.0225
108400 24.2836
108500 24.4038
108600 24.3981
108700 24.2831
108800 24.0801
108900 23.818
109000 23.5286
109100 23.226
109200 22.9008
109300 22.5342
109400 22.1102
109500 21.6185
109600 21.0545
109700 20.4193
109800 19.7205
109900 18.9754
110000 18.2116
110100 17.4657
110200 16.777
110300 16.1812
110400 15.7089
110500 15.3842
110600 15.2263
110700 15.2523
110800 15.4805
110900 15.9328
111000 16.6312
111100 17.5848
111200 18.7716
111300 20.1215
111400 21.5233
111500 22.8551
111600 24.0239
111700 24.989
111800 25.7531
111900 26.3364
112000 26.7579
112100 27.0281
112200 27.1491
112300 27.1126
112400 26.8795
112500 26.3463
112600 25.4036
112700 24.0824
112800 22.5463
112900 20.9941
113000 19.5943
113100 18.4445
113200 17.5657
113300 16.9297
113400 16.4903
113500 16.2034
113600 16.0368
113700 15.9726
113800 16.0066
113900 16.1463
114000 16.4168
114100 16.8746
114200 17.6014
114300 18.6258
114400 19.8077
114500 20.9233
114600 21.8839
114700 22.6876
114800 23.3376
114900 23.8432
115000 24.2186
115100 24.4732
115200 24.6089
115300 24.6236
115400 24.5157
115500 24.2841
115600 23.926
115700 23.4377
115800 22.8228
115900 22.1094
116000 21.3617
116100 20.6539
116200 20.0283
116300 19.496
116400 19.0626
116500 18.7393
116600 18.5244
116700 18.406
116800 18.3703
116900 18.4067
117000 18.5141
117100 18.7088
117200 19.0048
117300 19.4031
117400 19.8744
117500 20.373
117600 20.8592
117700 21.3074
117800 21.7009
117900 22.0274
118000 22.2775
118100 22.449
118200 22.5524
118300 22.6098
118400 22.6437
118500 22.6689
118600 22.6887
118700 22.6957
118800 22.676
118900 22.6109
119000 22.4778
119100 22.2469
119200 21.879
119300 21.3367
119400 20.6123
119500 19.7498
119600 18.8405
119700 17.9978
119800 17.3132
119900 16.8038
120000 16.4296
120100 16.158
120200 15.9971
120300 15.9734
120400 16.1181
120500 16.4584
120600 17.0242
120700 17.8394
120800 18.9105
120900 20.1938
121000 21.5666
121100 22.8522
121200 23.9117
121300 24.6999
121400 25.2366
121500 25.5577
121600 25.6937
121700 25.6691
121800 25.5053
121900 25.2212
122000 24.8293
122100 24.328
122200 23.6934
122300 22.8815
122400 21.85
122500 20.6044
122600 19.2346
122700 17.8913
122800 16.7125
122900 15.775
123000 15.0944
123100 14.6473
123200 14.3952
123300 14.3046
123400 14.3568
123500 14.5475
123600 14.883
123700 15.3753
123800 16.0359
123900 16.8702
124000 17.8744
124100 19.0435
124200 20.3824
124300 21.9088
124400 23.5931
124500 25.2957
124600 26.8243
124700 28.0461
124800 28.9261
124900 29.4886
125000 29.7708
125100 29.804
125200 29.6091
125300 29.1996
125400 28.5835
125500 27.7622
125600 26.7293
125700 25.4848
125800 24.0724
125900 22.6065
126000 21.2463
126100 20.1216
126200 19.2792
126300 18.6932
126400 18.3088
126500 18.0774
126600 17.9673
126700 17.9628
126800 18.0597
126900 18.2647
127000 18.5985
127100 19.1046
127200 19.8511
127300 20.8726
127400 22.0428
127500 23.0844
127600 23.8032
127700 24.2269
127800 24.462
127900 24.5671
128000 24.5596
128100 24.438
128200 24.1945
128300 23.8192
128400 23.3009
128500 22.6296
128600 21.8079
128700 20.8717
128800 19.8997
128900 18.9847
129000 18.1894
129100 17.5453
129200 17.0755
129300 16.7772
129400 16.6233
129500 16.5792
129600 16.6179
129700 16.7246
129800 16.895
129900 17.1335
130000 17.4528
130100 17.8783
130200 18.4703
130300 19.3418
130400 20.6807
130500 22.5465
130600 24.5345
130700 26.0673
130800 27.004
130900 27.5447
131000 27.8385
131100 27.9325
131200 27.8362
131300 27.5509
131400 27.0769
131500 26.4193
131600 25.5861
131700 24.5926
131800 23.4757
131900 22.3098
132000 21.198
132100 20.2363
132200 19.4773
132300 18.9248
132400 18.5534
132500 18.3321
132600 18.2382
132700 18.2579
132800 18.3819
132900 18.6004
133000 18.9034
133100 19.278
133200 19.7117
133300 20.1958
133400 20.7273
133500 21.3076
133600 21.9399
133700 22.6303
133800 23.3854
133900 24.2096
134000 25.0979
134100 26.0201
134200 26.912
134300 27.692
134400 28.2952
134500 28.689
134600 28.8677
134700 28.8424
134800 28.6347
134900 28.2721
135000 27.7859
135100 27.2066
135200 26.5627
135300 25.8788
135400 25.1743
135500 24.4629
135600 23.7553
135700 23.0616
135800 22.3914
135900 21.7547
136000 21.162
136100 20.6236
136200 20.1484
136300 19.7426
136400 19.4064
136500 19.1333
136600 18.9151
136700 18.7464
136800 18.6319
136900 18.589
137000 18.6434
137100 18.8187
137200 19.1313
137300 19.5869
137400 20.173
137500 20.8568
137600 21.5874
137700 22.3069
137800 22.9628
137900 23.519
138000 23.9554
138100 24.266
138200 24.4537
138300 24.5243
138400 24.4837
138500 24.3353
138600 24.0756
138700 23.6893
138800 23.145
138900 22.4057
139000 21.4713
139100 20.435
139200 19.4688
139300 18.7162
139400 18.2149
139500 17.9269
139600 17.8016
139700 17.8061
139800 17.9263
139900 18.1618
140000 18.5241
140100 19.0376
140200 19.7431
140300 20.6929
140400 21.9163
140500 23.3519
140600 24.8227
140700 26.1225
140800 27.1358
140900 27.8627
141000 28.3545
141100 28.6485
141200 28.755
141300 28.6689
141400 28.3754
141500 27.8472
141600 27.0468
141700 25.9441
141800 24.5528
141900 22.9663
142000 21.3574
142100 19.9158
142200 18.7576
142300 17.8917
142400 17.265
142500 16.8198
142600 16.5169
142700 16.3361
142800 16.2703
142900 16.3217
143000 16.5005
143100 16.8293
143200 17.3499
143300 18.125
143400 19.2016
143500 20.5225
143600 21.8856
143700 23.0583
143800 23.933
143900 24.5435
144000 24.9776
144100 25.305
144200 25.558
144300 25.7497
144400 25.89
144500 25.9923
144600 26.0665
144700 26.1109
144800 26.1031
144900 25.9925
145000 25.7086
145100 25.201
145200 24.4806
145300 23.6202
145400 22.7207
145500 21.873
145600 21.1401
145700 20.5563
145800 20.1252
145900 19.8302
146000 19.6479
146100 19.5538
146200 19.5262
146300 19.5507
146400 19.619
146500 19.7279
146600 19.8775
146700 20.0717
146800 20.3194
146900 20.6278
147000 20.9816
147100 21.3451
147200 21.6951
147300 22.0273
147400 22.3397
147500 22.6261
147600 22.8786
147700 23.0815
147800 23.2222
147900 23.3116
148000 23.3729
148100 23.4228
148200 23.4773
148300 23.5427
148400 23.6017
148500 23.6194
148600 23.5679
148700 23.4376
148800 23.2292
148900 22.9461
149000 22.5929
149100 22.1802
149200 21.729
149300 21.2744
149400 20.8553
149500 20.4956
149600 20.1985
149700 19.9571
149800 19.7632
149900 19.6039
150000 19.4597
150100 19.306
150200 19.1226
150300 18.8935
150400 18.6052
150500 18.245
150600 17.8051
150700 17.2944
150800 16.7511
150900 16.2437
151000 15.847
151100 15.6024
151200 15.5019
151300 15.5112
151400 15.6029
151500 15.7665
151600 16.001
151700 16.3042
151800 16.6701
151900 17.0906
152000 17.5554
152100 18.0529
152200 18.5734
152300 19.1076
152400 19.641
152500 20.1457
152600 20.5786
152700 20.9059
152800 21.1316
152900 21.2841
153000 21.3913
153100 21.4726
153200 21.5393
153300 21.5944
153400 21.6352
153500 21.6549
153600 21.6438
153700 21.5896
153800 21.4783
153900 21.2955
154000 21.0397
154100 20.7407
154200 20.4574
154300 20.2439
154400 20.0995
154500 19.9936
154600 19.9741
154700 20.0516
154800 20.1651
154900 20.3272
155000 20.5695
155100 20.8852
155200 21.2412
155300 21.6012
155400 21.9407
155500 22.2504
155600 22.5319
155700 22.7815
155800 22.9759
155900 23.0841
156000 23.0983
156100 23.0384
156200 22.926
156300 22.7682
156400 22.5635
156500 22.3092
156600 22.0025
156700 21.6394
156800 21.2125
156900 20.709
157000 20.1137
157100 19.4179
157200 18.6379
157300 17.8253
157400 17.0507
157500 16.3781
157600 15.8476
157700 15.4758
157800 15.2667
157900 15.2236
158000 15.3592
158100 15.6987
158200 16.2607
158300 17.0243
158400 17.9144
158500 18.8211
158600 19.6808
158700 20.4915
158800 21.2372
158900 21.9243
159000 22.5764
159100 23.1903
159200 23.7407
159300 24.2064
159400 24.578
159500 24.8522
159600 25.0264
159700 25.0949
159800 25.0477
159900 24.8694
160000 24.5396
160100 24.0371
160200 23.3477
160300 22.4788
160400 21.4719
160500 20.4026
160600 19.3609
160700 18.4241
160800 17.6481
160900 17.0627
161000 16.6633
161100 16.4248
161200 16.322
161300 16.34
161400 16.4747
161500 16.7329
161600 17.134
161700 17.7161
161800 18.537
161900 19.6267
162000 20.888
162100 22.0852
162200 23.0101
162300 23.6407
162400 24.0662
162500 24.3568
162600 24.5439
162700 24.6437
162800 24.6662
162900 24.6179
163000 24.4994
163100 24.3023
163200 24.0084
163300 23.595
163400 23.0511
163500 22.3923
163600 21.6583
163700 20.8972
163800 20.1549
163900 19.4684
164000 18.8719
164100 18.4004
164200 18.0736
164300 17.8892
164400 17.8336
164500 17.8941
164600 18.0639
164700 18.3443
164800 18.7495
164900 19.3189
165000 20.1244
165100 21.2375
165200 22.6376
165300 24.1726
165400 25.7306
165500 27.1631
165600 28.2887
165700 29.1264
165800 29.7282
165900 30.0957
166000 30.2213
166100 30.1159
166200 29.8001
166300 29.2943
166400 28.6186
166500 27.8018
166600 26.8951
166700 25.9789
166800 25.1394
166900 24.4206
167000 23.8111
167100 23.2779
167200 22.7933
167300 22.3386
167400 21.9002
167500 21.4683
167600 21.0322
167700 20.5771
167800 20.0801
167900 19.5119
168000 18.855
168100 18.1374
168200 17.4338
168300 16.8261
168400 16.3771
168500 16.1283
168600 16.0951
168700 16.2644
168800 16.6057
168900 17.0795
169000 17.6519
169100 18.2982
169200 18.9877
169300 19.6804
169400 20.3575
169500 21.0226
169600 21.6681
169700 22.2771
169800 22.8309
169900 23.319
170000 23.7407
170100 24.0998
170200 24.4029
170300 24.6572
170400 24.8721
170500 25.0605
170600 25.2396
170700 25.4388
170800 25.6937
170900 26.0223
171000 26.4051
171100 26.8034
171200 27.1774
171300 27.5012
171400 27.7617
171500 27.9406
171600 28.0108
171700 27.9421
171800 27.701
171900 27.2392
172000 26.4893
172100 25.4028
172200 24.0461
172300 22.6479
172400 21.4525
172500 20.551
172600 19.9799
172700 19.8159
172800 19.994
172900 20.288
173000 20.5994
173100 20.9022
173200 21.1663
173300 21.3832
173400 21.5572
173500 21.694
173600 21.7972
173700 21.8683
173800 21.9065
173900 21.9097
174000 21.877
174100 21.8142
174200 21.7437
174300 21.6982
174400 21.7025
174500 21.761
174600 21.8534
174700 21.9455
174800 22.015
174900 22.0539
175000 22.0573
175100 22.0201
175200 21.938
175300 21.8078
175400 21.6256
175500 21.3878
175600 21.0901
175700 20.7321
175800 20.3231
175900 19.8871
176000 19.4585
176100 19.0705
176200 18.7455
176300 18.4928
176400 18.3125
176500 18.1954
176600 18.1248
176700 18.0847
176800 18.0659
176900 18.0643
177000 18.0792
177100 18.1116
177200 18.167
177300 18.2555
177400 18.3912
177500 18.5885
177600 18.8545
177700 19.1854
177800 19.5657
177900 19.9742
178000 20.3928
178100 20.8085
178200 21.2132
178300 21.6018
178400 21.9702
178500 22.3144
178600 22.6324
178700 22.9257
178800 23.1993
178900 23.4572
179000 23.699
179100 23.9189
179200 24.1057
179300 24.2417
179400 24.3017
179500 24.2583
179600 24.0932
179700 23.8042
179800 23.4046
179900 22.9175
180000 22.3727
180100 21.8059
180200 21.2594
180300 20.7789
180400 20.3982
180500 20.1201
180600 19.9189
180700 19.7646
180800 19.6364
180900 19.5213
181000 19.411
181100 19.3003
181200 19.1872
181300 19.0741
181400 18.9676
181500 18.8776
181600 18.8132
181700 18.7814
181800 18.7882
181900 18.8406
182000 18.9475
182100 19.1194
182200 19.3671
182300 19.6994
182400 20.1214
182500 20.6329
182600 21.2291
182700 21.9009
182800 22.6342
182900 23.4105
183000 24.2165
183100 25.0577
183200 25.9603
183300 26.9273
183400 27.8779
183500 28.6609
183600 29.1732
183700 29.4338
183800 29.515
183900 29.4692
184000 29.3156
184100 29.0527
184200 28.6747
184300 28.1785
184400 27.5688
184500 26.8553
184600 26.0504
184700 25.1709
184800 24.2416
184900 23.2975
185000 22.3802
185100 21.5288
185200 20.7664
185300 20.0951
185400 19.5026
185500 18.9745
185600 18.5002
185700 18.074
185800 17.6965
185900 17.3757
186000 17.1326
186100 16.9941
186200 16.9747
186300 17.0626
186400 17.2311
186500 17.4537
186600 17.7139
186700 18.005
186800 18.3275
186900 18.6844
187000 19.0782
187100 19.5095
187200 19.9783
187300 20.4875
187400 21.0499
187500 21.7022
187600 22.5189
187700 23.5793
187800 24.8536
187900 26.1383
188000 27.1873
188100 27.8936
188200 28.2926
188300 28.4534
188400 28.4191
188500 28.2064
188600 27.8172
188700 27.2474
188800 26.4931
188900 25.5602
189000 24.4754
189100 23.2962
189200 22.1034
189300 20.9877
189400 20.0359
189500 19.3145
189600 18.8381
189700 18.5647
189800 18.439
189900 18.4234
190000 18.4992
190100 18.6589
190200 18.9013
190300 19.2302
190400 19.653
190500 20.1798
190600 20.8166
190700 21.5548
190800 22.3565
190900 23.1568
191000 23.884
191100 24.4797
191200 24.9118
191300 25.1798
191400 25.3024
191500 25.2998
191600 25.1868
191700 24.9718
191800 24.6592
191900 24.2521
192000 23.7541
192100 23.1713
192200 22.5145
192300 21.7995
192400 21.0473
192500 20.2886
192600 19.5623
192700 18.9115
192800 18.371
192900 17.9577
193000 17.6697
193100 17.4929
193200 17.4107
193300 17.4101
193400 17.4849
193500 17.6383
193600 17.8864
193700 18.2663
193800 18.839
193900 19.6651
194000 20.7324
194100 21.8998
194200 22.958
194300 23.7822
194400 24.3767
194500 24.7903
194600 25.0588
194700 25.2014
194800 25.2286
194900 25.1434
195000 24.9415
195100 24.6171
195200 24.1685
195300 23.6028
195400 22.9371
195500 22.1916
195600 21.3827
195700 20.5134
195800 19.576
195900 18.5771
196000 17.599
196100 16.8068
196200 16.3084
196300 16.0712
196400 16.0243
196500 16.1271
196600 16.3594
196700 16.7062
196800 17.154
196900 17.6911
197000 18.3125
197100 19.0209
197200 19.8253
197300 20.737
197400 21.7568
197500 22.8544
197600 23.9527
197700 24.9455
197800 25.7425
197900 26.3063
198000 26.6498
198100 26.8061
198200 26.8018
198300 26.6488
198400 26.3502
198500 25.9096
198600 25.3338
198700 24.6301
198800 23.8021
198900 22.8456
199000 21.7482
199100 20.5031
199200 19.1582
199300 17.8584
199400 16.7771
199500 16.0003
199600 15.5136
199700 15.2716
199800 15.236
199900 15.3777
200000 15.6682
