# Fix print output for fix totenergy
-4850.25495135214
-4850.25383088112
-4850.24746054571
-4850.22323898378
-4850.15327235619
-4850.01064912224
-4849.81761207995
-4849.62568003904
-4849.46703053055
-4849.37619872366
-4849.40686580775
-4849.60671772942
-4849.97390158495
-4850.44178358044
-4850.91751899656
-4851.33651330932
-4851.68025619293
-4851.95897657084
-4852.19091460043
-4852.3928347739
-4852.57749328549
-4852.75200194795
-4852.9151885016
-4853.05727265646
-4853.16797433087
-4853.2465517256
-4853.30075281562
-4853.33792106138
-4853.36046279138
-4853.3677657908
-4853.36145350484
-4853.35108900086
-4853.35920913142
-4853.40357944661
-4853.47219874833
-4853.53323534474
-4853.56662757472
-4853.5764646555
-4853.57269755551
-4853.55945776078
-4853.53972187316
-4853.5209368111
-4853.51823592679
-4853.55163168602
-4853.63321810004
-4853.75458472568
-4853.89424977244
-4854.03746647069
-4854.18390470644
-4854.33976508887
-4854.50524180158
-4854.66639857329
-4854.80047766612
-4854.89341059697
-4854.94910091182
-4854.98044513514
-4854.99802549821
-4855.00378288183
-4854.98797783063
-4854.92282544762
-4854.74844394929
-4854.36353786078
-4853.70474136061
-4852.96385470388
-4852.56655179138
-4852.71614708467
-4853.20300615278
-4853.71854866208
-4854.11184858871
-4854.37180781299
-4854.53050286569
-4854.61783980302
-4854.65537068614
-4854.65853788427
-4854.6382698907
-4854.60129471217
-4854.55076607102
-4854.48747458401
-4854.41175424179
-4854.32477544551
-4854.22920825114
-4854.13029682438
-4854.03622364794
-4853.95602066957
-4853.89396105045
-4853.84616917245
-4853.80389093635
-4853.75890401096
-4853.70625018783
-4853.64651591358
-4853.59382668241
-4853.59265185352
-4853.7180591656
-4854.00131506744
-4854.35215507417
-4854.64454863625
-4854.83279124552
-4854.93775504531
-4854.99209032362
-4855.01827998648
-4855.0264768236
-4855.0146502212
-4854.96603417851
-4854.84405915782
-4854.58968631322
-4854.14361183264
-4853.53066699567
-4852.92469955757
-4852.51804804278
-4852.39133077464
-4852.50644264431
-4852.76291990744
-4853.07394885749
-4853.38571433401
-4853.66345396262
-4853.88664452658
-4854.04851126386
-4854.15936832573
-4854.2300449399
-4854.27746356388
-4854.31078335409
-4854.32884572518
-4854.3275561731
-4854.30326149986
-4854.25415441462
-4854.174742386
-4854.07216747007
-4853.98291447288
-4853.86011283151
-4853.70433744231
-4853.42216607552
-4853.08419508717
-4852.88283752091
-4853.07934252667
-4853.62504410311
-4854.19882072468
-4854.5685378903
-4854.73992106775
-4854.80602480335
-4854.82827144317
-4854.83245435064
-4854.82774995821
-4854.81712089024
-4854.80166231121
-4854.78229158419
-4854.75984210214
-4854.73382421501
-4854.70083148358
-4854.65392813542
-4854.58385669554
-4854.48172588714
-4854.3411567732
-4854.16002048036
-4853.94473356964
-4853.71669626064
-4853.5166861728
-4853.3937254832
-4853.37705157771
-4853.45797834049
-4853.60230497289
-4853.773584003
-4853.95931055825
-4854.15087497347
-4854.34216449011
-4854.51712563401
-4854.65913137246
-4854.76467937838
-4854.83972032763
-4854.89302500071
-4854.92213270774
-4854.93002623443
-4854.91473037496
-4854.87024488837
-4854.77786688407
-4854.57433436876
-4854.06715487828
-4852.96275789453
-4851.74509013614
-4851.68924241908
-4852.49013281522
-4853.17974557994
-4853.57786337244
-4853.80951586461
-4853.95969864161
-4854.0648082744
-4854.13957506325
-4854.18912074824
-4854.21485675015
-4854.21645782144
-4854.19091213368
-4854.12989033068
-4854.01846818121
-4853.83982059135
-4853.59207691526
-4853.30806570624
-4853.05105084273
-4852.90288068325
-4852.97206500532
-4853.28751971686
-4853.63693155139
-4853.90309540362
-4854.00442050395
-4854.1228916385
-4854.22853314004
-4854.32986272687
-4854.42405758147
-4854.50442047799
-4854.56372618035
-4854.59770570753
-4854.60631757982
-4854.59090338287
-4854.54739016948
-4854.45191589769
-4854.23421556557
-4853.80340294732
-4853.21049495387
-4852.70390084101
-4852.55304494453
-4852.83875895689
-4853.38805376258
-4853.94644625051
-4854.36473498515
-4854.61677528955
-4854.73875793312
-4854.7830408993
-4854.79165156109
-4854.78631251615
-4854.77037815112
-4854.72643909822
-4854.60418477319
-4854.33262902702
-4853.92004437649
-4853.5377686076
-4853.32130431244
-4853.24372663106
-4853.22673541287
-4853.22594556783
-4853.22435118783
-4853.21577661318
-4853.19782478012
-4853.16977156928
-4853.13264516314
-4853.09423966931
-4853.06043977615
-4853.06338453262
-4853.15666749576
-4853.40525746925
-4853.81513286413
-4854.26555002962
-4854.60541105121
-4854.79651887186
-4854.88412329583
-4854.91910400775
-4854.9615563174
-4854.92791834186
-4854.89866689254
-4854.81690022139
-4854.64412552027
-4854.33500620185
-4853.85281686116
-4853.22276432216
-4852.6204992951
-4852.36830510496
-4852.71722913054
-4853.56162720713
-4854.33990283814
-4854.65831557245
-4854.74280053209
-4854.76718342512
-4854.77207222561
-4854.76101592932
-4854.72644993656
-4854.65471837149
-4854.53049144062
-4854.3338111698
-4854.06709404932
-4853.75595090764
-4853.43275908576
-4853.11573322356
-4852.86139082343
-4852.84438079174
-4853.20352218761
-4853.7663823138
-4854.23326815983
-4854.50125962166
-4854.62343303025
-4854.6684557306
-4854.67675374176
-4854.66688403159
-4854.64579139698
-4854.61405819434
-4854.56761244282
-4854.49856680822
-4854.3977761201
-4854.2611225922
-4854.09751426358
-4853.92904279906
-4853.78238942341
-4853.68261713569
-4853.65628358886
-4853.73890820775
-4853.95512211308
-4854.27074068881
-4854.59101263573
-4854.82910466802
-4854.97186071986
-4855.05292015463
-4855.0998599443
-4855.12522613843
-4855.13430461684
-4855.13052613434
-4855.11601199619
-4855.09013527401
-4855.04598443721
-4854.9650055052
-4854.82414932926
-4854.64738499024
-4854.50488360003
-4854.40469184037
-4854.3216206502
-4854.24505295625
-4854.17613044871
-4854.12440995844
-4854.10464068781
-4854.12382976438
-4854.16883266765
-4854.21476850585
-4854.2425251656
-4854.25239137963
-4854.23843813528
-4854.19525154368
-4854.11670947319
-4853.99530057705
-4853.81825379879
-4853.56413011744
-4853.2041485578
-4852.72372952257
-4852.18037950066
-4851.75067843452
-4851.66818797108
-4852.00460001357
-4852.58200948881
-4853.13359162462
-4853.50780066804
-4853.71692475946
-4853.82629934906
-4853.88050496794
-4853.89949805819
-4853.89054438107
-4853.85622734904
-4853.79865905456
-4853.72517517119
-4853.64200528982
-4853.58073226849
-4853.59268099833
-4853.72459056236
-4853.94354924743
-4854.13311532316
-4854.2301211864
-4854.26445248058
-4854.27237067805
-4854.24685523741
-4854.14876616517
-4853.91598402768
-4853.4942955265
-4852.9689397949
-4852.59210413795
-4852.56678759709
-4852.8420343429
-4853.21066463381
-4853.52314490012
-4853.74113733602
-4853.88230433932
-4853.97307951007
-4854.03217445927
-4854.06885625799
-4854.0844330693
-4854.07409187848
-4854.0307768454
-4853.95662065078
-4853.88261190108
-4853.86453402543
-4853.91438479342
-4854.0039494561
-4854.02503776113
-4854.01598354964
-4853.91832816018
-4853.77019259874
-4853.63160340537
-4853.62924290004
-4853.76205609409
-4853.94258398508
-4854.09986737937
-4854.20576626378
-4854.26888709541
-4854.2993725031
-4854.30819127394
-4854.29941847608
-4854.26442506794
-4854.16556413292
-4853.90241480672
-4853.32575200123
-4852.51807749831
-4852.07186682145
-4852.40694590928
-4852.88285329144
-4853.05701226319
-4853.14392037636
-4853.29155698043
-4853.49207592714
-4853.73776701439
-4853.91766394171
-4854.01558874982
-4854.05313528315
-4854.05514732237
-4854.03735596964
-4854.00669528933
-4853.96510775203
-4853.91421823657
-4853.85575255564
-4853.78654741525
-4853.70291912334
-4853.60109498857
-4853.5074567551
-4853.4799387568
-4853.59498318701
-4853.88414285083
-4854.26994325475
-4854.60403341328
-4854.79617524089
-4854.8705615669
-4854.92265130261
-4854.89982337737
-4854.89670660804
-4854.85787454368
-4854.72507687643
-4854.37138455456
-4853.57628193731
-4852.33377460001
-4851.37258332432
-4851.33706912752
-4851.89840298778
-4852.45459490277
-4852.79356285913
-4852.96078170494
-4853.03332939051
-4853.05641849927
-4853.04885832594
-4853.0148643875
-4852.9525270573
-4852.86350513143
-4852.76825998722
-4852.72231370204
-4852.8107014467
-4853.09565863199
-4853.54857032871
-4854.03515754853
-4854.42060456631
-4854.64247316858
-4854.72946179885
-4854.74785500819
-4854.74311714882
-4854.72344164187
-4854.67575900004
-4854.58823764781
-4854.47315439334
-4854.36084425146
-4854.26854976304
-4854.19248547352
-4854.11954056807
-4854.03585668206
-4853.92759825949
-4853.77775644146
-4853.56252799594
-4853.24976306681
-4852.81019065155
-4852.26002028167
-4851.73689957662
-4851.51667618105
-4851.83127067399
-4852.5760308119
-4853.30948212597
-4853.74086280766
-4853.93587169596
-4854.02178762822
-4854.05878616989
-4854.06553238072
-4854.04446944311
-4853.99391779513
-4853.91563734361
-4853.8164478154
-4853.70112137453
-4853.56323056529
-4853.397759143
-4853.22061840093
-4852.92080602725
-4852.50640526453
-4851.93994058248
-4851.38964214764
-4851.65413912559
-4852.88752092676
-4853.98692160372
-4854.48224001453
-4854.67407372695
-4854.75646151508
-4854.7930540922
-4854.80268201813
-4854.78778609162
-4854.74037859889
-4854.63958928618
-4854.44947517133
-4854.13346409002
-4853.70828292537
-4853.29780284143
-4853.05588576175
-4853.24577930946
-4853.62404380199
-4854.24610004677
-4854.98013179457
-4855.50689888576
-4855.80904205118
-4855.95930858965
-4856.04135938133
-4856.09135943023
-4856.1394786213
-4856.24322828417
-4856.49934781095
-4856.98675578134
-4857.66670588978
-4858.36788573847
-4858.92725784233
-4859.30918059937
-4859.55737707054
-4859.68367295483
-4859.80452571634
-4859.90361015627
-4859.99785493168
-4860.09637198028
-4860.19441097522
-4860.27574562769
-4860.32692914058
-4860.34606884237
-4860.33701888255
-4860.29685944361
-4860.19822287576
-4859.9634703839
-4859.50635174382
-4858.97002610324
-4858.60777604266
-4858.42407106503
-4858.3632873058
-4858.29153043931
-4858.11936375373
-4857.76737436238
-4857.3642406272
-4857.19710194117
-4857.26768389536
-4857.48034821517
-4857.74379033176
-4857.99993345331
-4858.22383594583
-4858.41877999639
-4858.60497821462
-4858.80799404701
-4859.05261107019
-4859.35789511394
-4859.7221761535
-4860.10764687603
-4860.45221321787
-4860.7056429614
-4860.85099875396
-4860.90884076187
-4860.91811541187
-4860.90705136618
-4860.88444113487
-4860.84572356005
-4860.7730957342
-4860.64046584933
-4860.44882482286
-4860.24232564421
-4860.06088445658
-4859.90948154668
-4859.77145176052
-4859.62090114378
-4859.42234992353
-4859.12705313722
-4858.70077258876
-4858.24359743108
-4858.13502699419
-4858.70828814929
-4859.5605774634
-4860.12213767924
-4860.39978862355
-4860.55213626537
-4860.64714743088
-4860.70351900677
-4860.72734664724
-4860.72235082579
-4860.69093592669
-4860.62698489594
-4860.49960503572
-4860.23959544447
-4859.78038306278
-4859.19969071977
-4858.7715798636
-4858.70871037546
-4858.96080431068
-4859.33194313732
-4859.6334702783
-4859.79279852963
-4859.86739287535
-4859.91682952895
-4859.95739629655
-4859.98485288585
-4859.9906859154
-4859.96819007251
-4859.91249923969
-4859.81651984957
-4859.66298013488
-4859.42027021339
-4859.08694725682
-4858.83557624176
-4859.04442558217
-4859.79169589884
-4860.46225112395
-4860.75197514492
-4860.85621783421
-4860.9053464184
-4860.93295478504
-4860.94164040791
-4860.92765309416
-4860.88742400038
-4860.81526068451
-4860.69325918504
-4860.48453963687
-4860.15875788505
-4859.74783758973
-4859.3606334778
-4859.11440714165
-4859.0358315375
-4859.03967586668
-4859.04351016048
-4859.02801116763
-4859.00275677225
-4858.96832130714
-4858.89926558875
-4858.75098779019
-4858.5206283696
-4858.34005889859
-4858.40882100789
-4858.73707405848
-4859.13831958758
-4859.47781413057
-4859.73386610714
-4859.92280008356
-4860.05703305041
-4860.14122337175
-4860.18057635938
-4860.18488174146
-4860.16507017053
-4860.12155284797
-4860.02321476197
-4859.77355560455
-4859.21869968773
-4858.4009387211
-4857.87841213431
-4858.13357465662
-4858.8582698648
-4859.51532451441
-4859.92427468415
-4860.13233850819
-4860.21610719018
-4860.23657772452
-4860.23313211997
-4860.22159692658
-4860.19894263213
-4860.14320401352
-4860.01091146049
-4859.75867164485
-4859.4161897603
-4859.1554525714
-4859.19704500346
-4859.57851177765
-4860.10107378754
-4860.53722189428
-4860.80447917101
-4860.9368789824
-4860.99105958108
-4861.00689693828
-4861.00656527068
-4860.99953441742
-4860.98396610019
-4860.94417622564
-4860.84873044156
-4860.67293490805
-4860.46423692976
-4860.31412685538
-4860.22372093661
-4860.15246002768
-4860.07884304253
-4859.99846845368
-4859.91982051486
-4859.85398280909
-4859.80022714457
-4859.74672139668
-4859.67894673313
-4859.58102307333
-4859.4365412059
-4859.24910721828
-4859.07473086598
-4858.9915015447
-4858.998002075
-4859.02571913945
-4859.03418839214
-4859.01314950334
-4858.94484651089
-4858.79663072843
-4858.54452325252
-4858.21109380151
-4857.87339855852
-4857.61565784986
-4857.4886676856
-4857.51673216095
-4857.72093296027
-4858.11389303247
-4858.65398919458
-4859.22040909153
-4859.69527900024
-4860.04433553531
-4860.28708058307
-4860.44833511624
-4860.54665806261
-4860.59936702934
-4860.6202296497
-4860.61638582039
-4860.59125823644
-4860.54731198126
-4860.48519386441
-4860.40103057986
-4860.28160241753
-4860.09237739707
-4859.73815832796
-4859.04008036332
-4858.07274188578
-4857.38438689101
-4857.21070421599
-4857.39039974559
-4857.69073153448
-4857.93772489214
-4858.08430328501
-4858.15948098184
-4858.19559282662
-4858.20645146109
-4858.18876969532
-4858.13879011654
-4858.09624063671
-4858.21581980785
-4858.73462641147
-4859.57652998503
-4860.25868992104
-4860.61211926779
-4860.7753907134
-4860.85581106822
-4860.89478437079
-4860.90445799081
-4860.88632196678
-4860.83757437772
-4860.75072048252
-4860.60870088177
-4860.37848858021
-4860.02018752812
-4859.53859717166
-4859.03463019023
-4858.65219995071
-4858.47635690424
-4858.57174079802
-4858.85199783804
-4859.25397352224
-4859.674221108
-4859.93945446325
-4860.08876145948
-4860.18241641881
-4860.24741366363
-4860.29122946969
-4860.31446199428
-4860.31912817293
-4860.31331092638
-4860.31155329732
-4860.33062193559
-4860.38097929852
-4860.45842558547
-4860.54471867254
-4860.61950079848
-4860.67230484986
-4860.70268683636
-4860.71143115425
-4860.693346459
-4860.63572418567
-4860.51833556046
-4860.31230802441
-4859.98538957798
-4859.52879246986
-4859.01565648743
-4858.62984841346
-4858.58147759002
-4858.92900910351
-4859.49288919238
-4860.0136155595
-4860.35830597554
-4860.54502755262
-4860.63808325178
-4860.6792605692
-4860.68655633054
-4860.66829802228
-4860.62866231655
-4860.56987082895
-4860.49615588498
-4860.41480358964
-4860.33430661866
-4860.2613607408
-4860.19823246635
-4860.14294851641
-4860.08981955809
-4860.03124461687
-4859.95974124133
-4859.86428574573
-4859.71805200509
-4859.45236263993
-4858.9262133287
-4858.05871388616
-4857.19925194075
-4856.80452364821
-4856.81076434594
-4856.89159439363
-4856.9750113788
-4857.02148035388
-4857.09656860919
-4857.1925092103
-4857.30887949134
-4857.42764530275
-4857.53913077856
-4857.65684562854
-4857.81922550078
-4858.09698347096
-4858.56532049839
-4859.18182359524
-4859.72859101385
-4860.04888090018
-4860.19500735234
-4860.26663455483
-4860.30507221314
-4860.32165945809
-4860.33566509874
-4860.36442006993
-4860.40233549127
-4860.43213367263
-4860.4427089198
-4860.430827868
-4860.3934888662
-4860.32138264913
-4860.19668968679
-4859.991101453
-4859.65230952554
-4859.05909305408
-4858.01537654047
-4856.79106211951
-4856.09044445657
-4856.13579936523
-4856.87915048672
-4857.59465343025
-4857.92378190343
-4858.01619474321
-4858.03558094639
-4858.03115724716
-4857.99647752884
-4857.92782612854
-4857.88534542637
-4858.0096230334
-4858.37607329618
-4858.86522053394
-4859.32401455254
-4859.70118295665
-4860.00539958119
-4860.24775954309
-4860.42847005936
-4860.54824339353
-4860.61620908238
-4860.64571306664
-4860.64738245119
-4860.62749240342
-4860.590124647
-4860.53989153132
-4860.48209180896
-4860.41991670776
-4860.35370431365
-4860.28287563218
-4860.20556946155
-4860.11522194562
-4860.00418167081
-4859.88289063345
-4859.78243876364
-4859.71951654405
-4859.6831992477
-4859.66007549699
-4859.63886781752
-4859.59488548634
-4859.47141322245
-4859.18993880463
-4858.76935567168
-4858.51302092401
-4858.78154999851
-4859.41685811075
-4859.99278759449
-4860.34088581391
-4860.51919667173
-4860.61528246858
-4860.67242873427
-4860.70000692442
-4860.69929803856
-4860.67406587447
-4860.62939304915
-4860.56899033784
-4860.48807901212
-4860.35634292474
-4860.10206606157
-4859.68490191523
-4859.28580321158
-4859.13624548356
-4859.1773343546
-4859.21976801779
-4859.24720949926
-4859.24362118641
-4859.21175229292
-4859.13235992213
-4859.07353198187
-4859.04330886949
-4859.10978974627
-4859.26410474515
-4859.4222556717
-4859.53773185477
-4859.61928140954
-4859.68999704188
-4859.76865331538
-4859.87511929544
-4860.02915823309
-4860.21527670929
-4860.37164408158
-4860.46177740973
-4860.50477338854
-4860.53147038953
-4860.55350541469
-4860.56456697628
-4860.55025794173
-4860.49266483078
-4860.36763651725
-4860.13819406332
-4859.74796102314
-4859.14986600606
-4858.45288870659
-4858.02304260609
-4858.15016449534
-4858.73741544802
-4859.4320750815
-4859.90437555435
-4860.11941154392
-4860.1939721321
-4860.21204324542
-4860.20684315019
-4860.18377860396
-4860.13703156651
-4860.05927736022
-4859.94560979576
-4859.80421281897
-4859.67365294622
-4859.60170755016
-4859.59032425759
-4859.61892307513
-4859.70960705452
-4859.80020636158
-4859.89678457309
-4859.97508973028
-4860.02998686625
-4860.0726162024
-4860.11368780064
-4860.12935811867
-4860.16705245447
-4860.1971330276
-4860.22166563079
-4860.24390194882
-4860.25622834797
-4860.24777513915
-4860.21353993372
-4860.14749887203
-4860.0306861515
-4859.81568277563
-4859.4269412796
-4858.86930550287
-4858.43400116512
-4858.44786648262
-4858.76418571595
-4859.08547659266
-4859.30669389834
-4859.45638212002
-4859.59904454433
-4859.78511919275
-4860.02025260344
-4860.25561400383
-4860.43802345211
-4860.55708742568
-4860.63286823642
-4860.68853053712
-4860.73831954606
-4860.7874280557
-4860.83761851216
-4860.89479202849
-4860.97061518632
-4861.06348990975
-4861.1490020697
-4861.21371311868
-4861.26033283447
-4861.29246549994
-4861.3105437422
-4861.31336281552
-4861.29860117254
-4861.26102773609
-4861.18819017461
-4861.0543741053
-4860.8227875626
-4860.48169845669
-4860.09566295461
-4859.77650150372
-4859.58559022006
-4859.50075648183
-4859.46587560803
-4859.43901206273
-4859.40087753068
-4859.34333163418
-4859.25699377301
-4859.12072487047
-4858.89840811102
-4858.5636571253
-4858.17282272043
-4857.8745607994
-4857.67644951838
-4857.56444077325
-4857.4089213359
-4857.27640065909
-4857.42362754284
-4857.91280065495
-4858.57700636851
-4859.13758085216
-4859.50299215391
-4859.71942163831
-4859.84943574386
-4859.93448545371
-4859.99679743098
-4860.04958403122
-4860.10807821594
-4860.18628316806
-4860.28069420565
-4860.37458624709
-4860.4580373966
-4860.53013097986
-4860.59436758629
-4860.65663752438
-4860.71869903024
-4860.77195325831
-4860.80432168701
-4860.81092961532
-4860.7932069666
-4860.74596425768
-4860.6379453839
-4860.39559133973
-4859.94463543249
-4859.37607453447
-4858.96723077995
-4858.85303163924
-4858.95312429904
-4859.02290781184
-4859.2462373824
-4859.50063099861
-4859.80044656456
-4860.05470223829
-4860.21576250835
-4860.2929794754
-4860.32896065771
-4860.35442077724
-4860.37815168118
-4860.3949014271
-4860.39163191015
-4860.34578429086
-4860.20021875418
-4859.78200880365
-4858.75513463749
-4857.14204484311
-4856.30898357216
-4857.2906613889
-4858.61732013365
-4859.27693522399
-4859.50823852357
-4859.56707973626
-4859.60915023662
-4859.62944868733
-4859.63221503995
-4859.63330624788
-4859.6478460657
-4859.67285341414
-4859.69733655969
-4859.71320418094
-4859.7152379204
-4859.69804109607
-4859.6566864726
-4859.59840187152
-4859.56154459891
-4859.59506628819
-4859.69200145324
-4859.80224016877
-4859.89101918404
-4859.94922922682
-4859.98299353227
-4859.99708116156
-4859.99448543016
-4860.00397083374
-4860.08483742962
-4860.22744429427
-4860.35045596933
-4860.41706699795
-4860.44433514094
-4860.45179515049
-4860.43406631665
-4860.35396874885
-4860.16001119546
-4859.8457020897
-4859.47832940252
-4859.11953031244
-4858.72318883029
-4858.44994320286
-4857.9941382564
-4857.64366475496
-4857.86934605514
-4858.60709533598
-4859.23092494185
-4859.53635937251
-4859.67930942076
-4859.76394585288
-4859.8150373842
-4859.83578904806
-4859.82964447971
-4859.80378951884
-4859.76724896451
-4859.72332187798
-4859.66689616326
-4859.58293617425
-4859.45200035297
-4859.30288821194
-4859.27519148346
-4859.47388429221
-4859.77794171235
-4860.02901526593
-4860.20380915586
-4860.35833707788
-4860.53871074304
-4860.72249636718
-4860.86515804389
-4860.95121250439
-4860.98696797277
-4860.98815286586
-4860.97288502009
-4860.95305620775
-4860.91534291961
-4860.80879643681
-4860.58040136098
-4860.26250885478
-4859.97431412037
-4859.78278306485
-4859.66210837946
-4859.56862972385
-4859.4686030681
-4859.32522331628
-4859.12538485778
-4858.96466772886
-4859.00119492888
-4859.17730542664
-4859.29566768901
-4859.32482537708
-4859.32451591288
-4859.29079506148
-4858.99713206632
-4857.40733006015
-4854.15323178928
-4853.44698955025
-4854.9737437571
-4855.90645391751
-4856.20680534649
-4856.31659355048
-4856.39050626079
-4856.47120989317
-4856.63035410403
-4857.05988180891
-4857.93237930591
-4858.99126006046
-4859.75394672537
-4860.12579472856
-4860.26782606544
-4860.31392679748
-4860.32261968553
-4860.30147210201
-4860.2486799771
-4860.17379572552
-4860.08272659618
-4859.9664839977
-4859.79597876974
-4859.51871568477
-4859.10518302664
-4858.63914626419
-4858.34912472491
-4858.46488609346
-4858.91326913404
-4859.39440212026
-4859.73721750285
-4859.95357556692
-4860.09539502649
-4860.19137212102
-4860.2541178341
-4860.29068148126
-4860.3027724573
-4860.28879488952
-4860.24641320625
-4860.16977185528
-4860.04203366314
-4859.8228499639
-4859.42643154006
-4858.73621951463
-4857.86891208936
-4857.57491900383
-4858.32447550477
-4859.25292286276
-4859.75079410849
-4859.95773218007
-4860.0514950325
-4860.09810921146
-4860.11437516767
-4860.10463696844
-4860.06921522647
-4860.00213597573
-4859.88291847502
-4859.66969112031
-4859.31494152541
-4858.84402155641
-4858.47320022431
-4858.52291208446
-4859.04182577469
-4859.69504630126
-4860.12478528843
-4860.30328892841
-4860.38265275402
-4860.42839087064
-4860.4478792492
-4860.43994027772
-4860.40769737592
-4860.35595341795
-4860.2836429907
-4860.1734719231
-4859.98700772479
-4859.68190892119
-4859.2914257097
-4859.04913423156
-4859.19416748641
-4859.58015914819
-4859.90925641984
-4860.08908304367
-4860.17986126524
-4860.24598297526
-4860.30908647449
-4860.36727794631
-4860.41731667375
-4860.45919303893
-4860.49330622038
-4860.5198308623
-4860.53740477101
-4860.53926867438
-4860.51521430793
-4860.45947455538
-4860.37250809835
-4860.25930200162
-4860.12613814844
-4859.9793762404
-4859.82511241562
-4859.66698990963
-4859.50540198458
-4859.33998949797
-4859.17442025293
-4859.02074857076
-4858.90474213733
-4858.86643531553
-4858.94151768518
-4859.12870024044
-4859.39171499443
-4859.68759636396
-4859.97520274654
-4860.22485614715
-4860.42588684726
-4860.58109875866
-4860.69698520208
-4860.78023491959
-4860.83664420332
-4860.8697554644
-4860.87985990215
-4860.85945466844
-4860.7810691669
-4860.57123735306
-4860.09147125248
-4859.22869276537
-4858.20228556637
-4857.61207649069
-4857.76894539244
-4858.31623241275
-4858.79723477994
-4859.07800603815
-4859.21263473175
-4859.26960991998
-4859.2892302161
-4859.28815477498
-4859.26346877549
-4859.18744257258
-4858.98765813896
-4858.51548429556
-4857.62269253911
-4856.72022386495
-4857.14303150372
-4858.879905245
-4859.98197237234
-4860.31683129616
-4860.43060054557
-4860.48664597958
-4860.51467185342
-4860.51672377269
-4860.49125324753
-4860.43609461011
-4860.34575556999
-4860.20957858666
-4860.01615580951
-4859.76778688796
-4859.5011127574
-4859.29264822615
-4859.20767184698
-4859.219389225
-4859.24409849216
-4859.24258827979
-4859.21238570239
-4859.12800467472
-4858.91299413533
-4858.48780941518
-4857.89446832695
-4857.30100106969
-4856.86707952432
-4856.7036690062
-4856.88228736501
-4857.36037926757
-4857.91736641097
-4858.33328834459
-4858.57609505681
-4858.71250444195
-4858.82001430015
-4858.86847621159
-4858.89653729737
-4858.92974004436
-4859.01515252489
-4859.16595814183
-4859.29579066211
-4859.41456613309
-4859.50512466433
-4859.59209467165
-4859.68110792373
-4859.75461213148
-4859.79689730981
-4859.80834088239
-4859.79165408126
-4859.73918252745
-4859.6399007845
-4859.49017256186
-4859.29306073543
-4859.08715220282
-4858.95188752816
-4858.88726444883
-4858.83462543534
-4858.7893301206
-4858.67033468134
-4858.45631907357
-4858.12069973296
-4857.95618694654
-4858.27648237618
-4858.96514255693
-4859.55071200907
-4859.88251157501
-4860.05402890906
-4860.15185115756
-4860.21412845366
-4860.25212371956
-4860.26775150812
-4860.26165320071
-4860.23401986315
-4860.18158865914
-4860.09083040236
-4859.90881324162
-4859.48840007154
-4858.45809177768
-4857.14486587987
-4856.61405739093
-4857.25355049484
-4858.2602720932
-4859.09087361305
-4859.60972478281
-4859.88718869356
-4860.01777451334
-4860.06916501578
-4860.07938248226
-4860.061522182
-4860.00634340651
-4859.89106060598
-4859.70319486202
-4859.46923390761
-4859.25983859102
-4859.16880201769
-4859.29391304782
-4859.69542183711
-4860.25953440592
-4860.71805706342
-4860.96391478642
-4861.07053346467
-4861.11225787599
-4861.12538033921
-4861.12440374308
-4861.11229936882
-4861.08222323256
-4861.01551444551
-4860.88451847438
-4860.67417154585
-4860.41823241741
-4860.19070806876
-4860.03294790205
-4859.93178316083
-4859.85926541154
-4859.79544285401
-4859.72851915498
-4859.65282982546
-4859.56736850387
-4859.4694155354
-4859.34784693955
-4859.17735799724
-4858.92511912911
-4858.58893243718
-4858.26527999309
-4858.15454438919
-4858.42287842127
-4859.00610864784
-4859.55070262505
-4859.84606646307
-4859.98556635306
-4860.06452674228
-4860.11415765709
-4860.13932350505
-4860.13802945227
-4860.10674929022
-4860.03971231028
-4859.92810849201
-4859.76903269136
-4859.59764912973
-4859.52639953588
-4859.69856511101
-4860.11308181579
-4860.55255800579
-4860.82794816418
-4860.95413275329
-4861.01079281369
-4861.03991547882
-4861.0527621318
-4861.05109195636
-4861.03678532936
-4861.01263267285
-4860.97556612744
-4860.89866786573
-4860.71795134215
-4860.41370358947
-4860.11789394496
-4859.95229651441
-4859.90615482705
-4859.91760811156
-4859.94533888491
-4859.97798792197
-4860.01642426266
-4860.05770455985
-4860.09065991447
-4860.10302382005
-4860.08879367051
-4860.04393373552
-4859.94729894028
-4859.7223330745
-4859.20582753992
-4858.33820737236
-4857.58948108418
-4857.45207441202
-4857.78740842596
-4858.27098636949
-4858.72364313995
-4859.04844672575
-4859.25557138842
-4859.36365241046
-4859.38099578975
-4859.39136582005
-4859.3741447986
-4859.33898279239
-4859.31235615515
-4859.31552705773
-4859.34707007884
-4859.39932900415
-4859.47253516215
-4859.57567135666
-4859.72090460092
-4859.91154740581
-4860.12629033517
-4860.31936910382
-4860.45421866093
-4860.53009886913
-4860.56965859167
-4860.59526596515
-4860.62017359276
-4860.64591195866
-4860.66198242458
-4860.65380559198
-4860.60912830405
-4860.51593780909
-4860.36184231824
-4860.14446692171
-4859.8927474084
-4859.67619207276
-4859.56601829553
-4859.57332015113
-4859.64522158969
-4859.72057089168
-4859.76898822939
-4859.7864660092
-4859.77683504865
-4859.73788950558
-4859.64810668024
-4859.44222539001
-4858.99608276934
-4858.26292121341
-4857.60326897032
-4857.64383764607
-4858.44612469425
-4859.40731454477
-4860.08482035876
-4860.46217089872
-4860.65443327821
-4860.74465699324
-4860.77610682288
-4860.77321196564
-4860.74881942653
-4860.70195686761
-4860.61634480298
-4860.46589100796
-4860.23156044222
-4859.92549505272
-4859.59763287346
-4859.30529832175
-4859.08440286086
-4858.94960140077
-4858.90505984196
-4858.94597204496
-4859.0502099344
-4859.17448186271
-4859.26678702898
-4859.30269502819
-4859.30030881234
-4859.30830894908
-4859.26738104133
-4859.21587711238
-4859.13624915304
-4858.93505925828
-4858.65627574965
-4858.4881366573
-4858.62501476534
-4859.07543712877
-4859.56007741395
-4859.91068643862
-4860.1325560284
-4860.27196506758
-4860.35859288894
-4860.40838764729
-4860.43559102158
-4860.45190548403
-4860.45742289143
-4860.44598126767
-4860.42216059413
-4860.38938221969
-4860.3169475582
-4860.14736993312
-4859.8787457035
-4859.59156993421
-4859.34396192455
-4859.13378934613
-4858.93896657741
-4858.74819741005
-4858.56248193655
-4858.3728525009
-4858.1669711381
-4857.80377569051
-4857.21555014799
-4855.8173012181
-4853.99146821375
-4855.07460262587
-4857.63100537885
-4858.6574272316
-4858.88929566049
-4858.9429026096
-4858.95930919783
-4858.95470451869
-4858.9092874201
-4858.81330900895
-4858.7406406316
-4858.85311195254
-4859.18041862022
-4859.55594147183
-4859.8585576158
-4860.06646888529
-4860.1986773482
-4860.28172927088
-4860.33652481772
-4860.37367444676
-4860.39349244038
-4860.3890612803
-4860.34694231091
-4860.23316358509
-4859.95592081801
-4859.33747068924
-4858.34316696937
-4857.63797330177
-4858.04049805067
-4859.08907801224
-4859.83235724417
-4860.13688449615
-4860.23472717065
-4860.26416293448
-4860.26888160993
-4860.25512675727
-4860.21752298883
-4860.14621901818
-4860.02247344844
-4859.81517453781
-4859.50384084595
-4859.14917229439
-4858.93417097928
-4859.01968007062
-4859.33920256675
-4859.67768041645
-4859.90467509355
-4860.01963770113
-4860.06592205756
-4860.07563195631
-4860.06337225392
-4860.0342965286
-4859.98945536648
-4859.92743958191
-4859.84400417774
-4859.73346283555
-4859.59279379757
-4859.42719627243
-4859.24857965692
-4859.06506585591
-4858.87429395131
-4858.67493279769
-4858.49386197
-4858.4042061203
-4858.47910805516
-4858.69715481621
-4858.9498218038
-4859.15621399988
-4859.30914487797
-4859.43492949993
-4859.55691030853
-4859.68943191314
-4859.84308110487
-4860.02371178266
-4860.22447122682
-4860.42389015387
-4860.59449659608
-4860.72239460761
-4860.81871992621
-4860.90250073144
-4860.98343038066
-4861.0594569944
-4861.12327272407
-4861.16962467304
-4861.19910180196
-4861.21709072077
-4861.22911363675
-4861.23607540755
-4861.23247976436
-4861.20556111313
-4861.13152839975
-4860.96984216274
-4860.66905206101
-4860.21804715306
-4859.71823067044
-4859.33997767658
-4859.18221676218
-4859.21589339594
-4859.33070179877
-4859.42824403618
-4859.47696007938
-4859.48830929025
-4859.47253791796
-4859.41202911637
-4859.23530032155
-4858.78676734541
-4857.94358732665
-4856.98164702355
-4856.32572772852
-4856.0138231556
-4856.09870583623
-4856.9486708048
-4858.01540514362
-4858.68975111627
-4859.01244398414
-4859.15653341521
-4859.21637606034
-4859.23484880732
-4859.22583938452
-4859.19466762497
-4859.18072254887
-4859.28471448483
-4859.57254961719
-4859.9599702529
-4860.30842454936
-4860.5522401876
-4860.7042811194
-4860.8041360504
-4860.87908808757
-4860.93716246411
-4860.97551176563
-4860.99136885441
-4860.9857296975
-4860.95532989141
-4860.86302861744
-4860.55578310776
-4859.84322510145
-4859.00252495127
-4858.56080990751
-4858.58232481507
-4858.81949432093
-4858.98971412972
-4859.17600833459
-4859.43799346532
-4859.72906348737
-4859.97240319709
-4860.1290532596
-4860.2038469966
-4860.23141881984
-4860.23931393399
-4860.22885972449
-4860.16420886837
-4859.950800371
-4859.42557809014
-4858.52372241549
-4857.57827676836
-4857.03614182427
-4857.06276023838
-4857.68933160249
-4858.59608728115
-4859.2033358499
-4859.49679015842
-4859.61785062132
-4859.66066432921
-4859.66898451171
-4859.65169732428
-4859.59881657261
-4859.50346020101
-4859.39746884259
-4859.37795230945
-4859.56044744544
-4859.94699519211
-4860.38212848933
-4860.70404053494
-4860.88127287692
-4860.96652951831
-4861.0087018486
-4861.03110887675
-4861.04185649089
-4861.04268202612
-4861.02361532728
-4860.91667892974
-4860.46176310181
-4859.36403734244
-4858.22613404181
-4857.97551662824
-4858.45167416975
-4858.97035785463
-4859.27293979131
-4859.41978996601
-4859.49067175876
-4859.5218314603
-4859.52829298099
-4859.51670853913
-4859.47949648533
-4859.36871076957
-4859.05024043078
-4858.35952636998
-4857.59026472852
-4857.74782294608
-4858.9854375003
-4860.1093076651
-4860.5955779796
-4860.73304417332
-4860.76028702407
-4860.75722039297
-4860.74194385529
-4860.71303017914
-4860.65765421754
-4860.55130622033
-4860.35665159932
-4860.04355985609
-4859.64565777097
-4859.31756492566
-4859.25129987377
-4859.44881776014
-4859.71094411373
-4859.88665875451
-4859.96437277378
-4859.98855933837
-4859.99335381827
-4859.98294299633
-4859.91895571996
-4859.67566167438
-4859.00889161683
-4857.91129231351
-4857.05259052302
-4856.99070789276
-4857.51645514039
-4858.13942183204
-4858.6149690721
-4858.92921261106
-4859.1326401014
-4859.27233526235
-4859.38213171933
-4859.486785808
-4859.60445577834
-4859.72759097056
-4859.81791686669
-4859.86760690572
-4859.89874253008
-4859.92642329756
-4859.97980207476
-4860.1191368786
-4860.36439268084
-4860.61210500684
-4860.7722336142
-4860.85541948803
-4860.89985050154
-4860.92527744521
-4860.93483873121
-4860.92353101897
-4860.88153213962
-4860.79631059967
-4860.65396076626
-4860.42905415937
-4860.08617062218
-4859.65688581248
-4859.2675455769
-4859.01742332301
-4858.93419620833
-4858.97482864626
-4859.04601645366
-4859.09077131207
-4859.10377337199
-4859.08917967281
-4859.04136791725
-4858.95209863067
-4858.81218225934
-4858.70078548163
-4858.55863719785
-4858.47435810009
-4858.44355483658
-4858.59754230222
-4859.03046118722
-4859.59107879346
-4860.08135710835
-4860.30353709743
-4860.4174569803
-4860.48251209465
-4860.52865954879
-4860.55653414776
-4860.56057574584
-4860.53676800458
-4860.48258179853
-4860.39182448583
-4860.22852641135
-4859.91268011639
-4859.23413221196
-4858.36682093915
-4857.89869401453
-4858.01704622688
-4858.36806469816
-4858.70952266133
-4858.95531234893
-4859.15984480404
-4859.26663870527
-4859.31693445073
-4859.34275891866
-4859.3355339272
-4859.30750522066
-4859.26250398943
-4859.2028785693
-4859.13819165602
-4859.09283095804
-4859.09196734604
-4859.14112948019
-4859.27220009343
-4859.44684430106
-4859.70643651276
-4860.01932087732
-4860.2885424725
-4860.43613723373
-4860.4946598561
-4860.52910569462
-4860.54480999229
-4860.60912037013
-4860.70226875042
-4860.83218513275
-4860.97872925023
-4861.09309076742
-4861.15816526572
-4861.19441220423
-4861.22114036656
-4861.24285968438
-4861.25575308646
-4861.25296893753
-4861.226402567
-4861.16265802255
-4861.02964094422
-4860.75220881567
-4860.2652466967
-4859.7309715826
-4859.39263886665
-4859.27084018046
-4859.26355592565
-4859.28121606279
-4859.28465166571
-4859.26498732298
-4859.21601660419
-4859.12541188671
-4858.98301752298
-4858.78221002531
-4858.49036302132
-4858.05702259434
-4857.4436209971
-4856.95264242646
-4856.81465317705
-4856.99938243622
-4857.59757436934
-4858.63906331574
-4859.44152516813
-4859.77015347369
-4859.88274073633
-4859.92454891661
-4859.93352654751
-4859.91493677469
-4859.86272304748
-4859.7657217538
-4859.62370901611
-4859.47403206503
-4859.39276760667
-4859.44758668469
-4859.63716050292
-4859.8813588758
-4860.09543086426
-4860.25218976019
-4860.36554969402
-4860.45211920818
-4860.51896034117
-4860.56992473987
-4860.60915664154
-4860.63926925277
-4860.65989970328
-4860.66358803829
-4860.6298508598
-4860.51928817606
-4860.28228774925
-4859.90181854724
-4859.44507182838
-4859.05422805947
-4858.87502736282
-4858.98206614353
-4859.32190170492
-4859.72988762407
-4860.04177106036
-4860.21083502477
-4860.28320318647
-4860.31359354688
-4860.32890332866
