[double3(5.278800000000,0.000000000000,0.000000000000),double3(0.000000000000,15.467000000000,0.000000000000),double3(-0.369343806068,0.000000000000,8.286773205109)]

double3(0.907400000000,0.396480000000,0.555600000000),
double3(0.262700000000,0.216070000000,0.868500000000),
double3(0.856200000000,0.312310000000,0.583000000000),
double3(0.297700000000,0.301120000000,0.849300000000),
double3(0.188200000000,0.338800000000,0.899000000000),
double3(0.486900000000,0.336090000000,0.760100000000),
double3(0.501100000000,0.395700000000,0.749700000000),
double3(0.656300000000,0.281870000000,0.685700000000),
double3(0.622700000000,0.192900000000,0.706500000000),
double3(0.731700000000,0.153800000000,0.660100000000),
double3(0.427200000000,0.163780000000,0.796100000000),
double3(0.407200000000,0.104400000000,0.807400000000),
double3(0.092600000000,0.396480000000,0.444400000000),
double3(0.737300000000,0.216070000000,0.131500000000),
double3(0.143800000000,0.312310000000,0.417000000000),
double3(0.702300000000,0.301120000000,0.150700000000),
double3(0.811800000000,0.338800000000,0.101000000000),
double3(0.513100000000,0.336090000000,0.239900000000),
double3(0.498900000000,0.395700000000,0.250300000000),
double3(0.343700000000,0.281870000000,0.314300000000),
double3(0.377300000000,0.192900000000,0.293500000000),
double3(0.268300000000,0.153800000000,0.339900000000),
double3(0.572800000000,0.163780000000,0.203900000000),
double3(0.592800000000,0.104400000000,0.192600000000),
double3(0.092600000000,0.603520000000,0.444400000000),
double3(0.737300000000,0.783930000000,0.131500000000),
double3(0.143800000000,0.687690000000,0.417000000000),
double3(0.702300000000,0.698880000000,0.150700000000),
double3(0.811800000000,0.661200000000,0.101000000000),
double3(0.513100000000,0.663910000000,0.239900000000),
double3(0.498900000000,0.604300000000,0.250300000000),
double3(0.343700000000,0.718130000000,0.314300000000),
double3(0.377300000000,0.807100000000,0.293500000000),
double3(0.268300000000,0.846200000000,0.339900000000),
double3(0.572800000000,0.836220000000,0.203900000000),
double3(0.592800000000,0.895600000000,0.192600000000),
double3(0.907400000000,0.603520000000,0.555600000000),
double3(0.262700000000,0.783930000000,0.868500000000),
double3(0.856200000000,0.687690000000,0.583000000000),
double3(0.297700000000,0.698880000000,0.849300000000),
double3(0.188200000000,0.661200000000,0.899000000000),
double3(0.486900000000,0.663910000000,0.760100000000),
double3(0.501100000000,0.604300000000,0.749700000000),
double3(0.656300000000,0.718130000000,0.685700000000),
double3(0.622700000000,0.807100000000,0.706500000000),
double3(0.731700000000,0.846200000000,0.660100000000),
double3(0.427200000000,0.836220000000,0.796100000000),
double3(0.407200000000,0.895600000000,0.807400000000),
double3(0.906890000000,0.500000000000,0.703940000000),
double3(0.973400000000,0.500000000000,0.931800000000),
double3(0.026600000000,0.500000000000,0.068200000000),
double3(0.093110000000,0.500000000000,0.296060000000),
double3(0.000000000000,0.161600000000,0.000000000000),
double3(0.000000000000,0.037600000000,0.000000000000),
double3(0.000000000000,0.962400000000,0.000000000000),
double3(0.000000000000,0.838400000000,0.000000000000),
double3(0.000000000000,0.258230000000,0.500000000000),
double3(0.000000000000,0.741770000000,0.500000000000),
