# Fix print output for fix totenergy
-4853.08654936061
-4853.08466595966
-4853.07238250721
-4853.02366941407
-4852.87705886265
-4852.59503279313
-4852.1979216713
-4851.92176933433
-4851.92372391329
-4852.21827722659
-4852.79143077561
-4853.44613175916
-4854.04382330967
-4854.52880563904
-4854.91123895337
-4855.22427196838
-4855.5021364724
-4855.77411851137
-4856.06672815695
-4856.40278131829
-4856.79651405017
-4857.24484342444
-4857.72369700847
-4858.19469348818
-4858.62162857297
-4858.98452861592
-4859.28511498886
-4859.53949659306
-4859.76558694623
-4859.97485082313
-4860.16964402218
-4860.34461440921
-4860.49171909625
-4860.60549352125
-4860.68560578122
-4860.73502942131
-4860.7571920125
-4860.75241290815
-4860.71248640225
-4860.60783477495
-4860.35461278749
-4859.77379897303
-4858.74356797655
-4857.68920601805
-4857.30409570308
-4857.5935488969
-4858.04478053635
-4858.34215432688
-4858.47648490316
-4858.52423079193
-4858.53679275048
-4858.53161966968
-4858.50212450217
-4858.412580134
-4858.15135557646
-4857.43560059925
-4856.06972781237
-4855.38850378389
-4857.17711382171
-4859.34437197453
-4860.15495061619
-4860.37049786896
-4860.44963378801
-4860.48970290283
-4860.51129236093
-4860.52243697545
-4860.52542858996
-4860.51549116696
-4860.48595225231
-4860.43073144455
-4860.33895472439
-4860.19161501585
-4859.96970562137
-4859.67266527668
-4859.32896666553
-4858.97751689516
-4858.6441393932
-4858.34552419523
-4858.12365950404
-4858.07747812591
-4858.33068621744
-4858.90468600903
-4859.59674653428
-4860.11450869837
-4860.3924979492
-4860.52749082863
-4860.59334770529
-4860.61996334667
-4860.61714737973
-4860.58926538934
-4860.54174147293
-4860.48250747946
-4860.41997202922
-4860.35995043195
-4860.3034942294
-4860.24590313344
-4860.17557921249
-4860.07115840936
-4859.89481194088
-4859.58696926911
-4859.08317117869
-4858.39540103708
-4857.72226772218
-4857.35457093634
-4857.37084096847
-4857.58705407143
-4857.80765526843
-4857.96364683574
-4858.06719073927
-4858.14536139789
-4858.21662931099
-4858.29205264493
-4858.38214987016
-4858.50442513447
-4858.68797531494
-4858.96129562194
-4859.31610022177
-4859.68897122349
-4860.00960212437
-4860.25076104204
-4860.42228582266
-4860.54304439952
-4860.62746868729
-4860.68411213425
-4860.71759553285
-4860.73040470965
-4860.72328532971
-4860.69329734806
-4860.62776044608
-4860.49004381965
-4860.20246631364
-4859.66947830364
-4858.91159140984
-4858.22323757794
-4857.96348682922
-4858.12302919055
-4858.40927948067
-4858.62454316844
-4858.74528585164
-4858.80921617245
-4858.8448042002
-4858.8616245825
-4858.85870004651
-4858.82547581737
-4858.71613881259
-4858.37321157062
-4857.53046003614
-4856.53718026559
-4856.92877030714
-4858.62932170731
-4859.82579471915
-4860.28368612978
-4860.45170795605
-4860.52990387296
-4860.57296008397
-4860.59728413636
-4860.61078889589
-4860.61345294241
-4860.59852386804
-4860.56002166585
-4860.48777841207
-4860.35271105661
-4860.10386164182
-4859.69917174063
-4859.175939453
-4858.65909597124
-4858.25227995958
-4857.96840268057
-4857.77148271351
-4857.61741577059
-4857.45653709007
-4857.25447080447
-4857.06526875101
-4857.03180245076
-4857.18339079652
-4857.35861514389
-4857.50196773468
-4857.57864981591
-4857.62972463899
-4857.78278933802
-4858.14923874856
-4858.69615657893
-4859.22198878883
-4859.61964972323
-4859.87110583449
-4860.01559209866
-4860.09774719387
-4860.1446165542
-4860.17344807192
-4860.20171287066
-4860.23743500755
-4860.26988128551
-4860.2854297231
-4860.27941572696
-4860.25151533978
-4860.19852556235
-4860.11075861713
-4859.98142204129
-4859.83001283432
-4859.6840709097
-4859.53028673333
-4859.30006576591
-4858.83256605714
-4857.8524430596
-4856.44002918277
-4855.80215007483
-4856.84232960822
-4858.38364341051
-4859.28193073787
-4859.65294827964
-4859.80880169197
-4859.88760634125
-4859.93368300383
-4859.96031314216
-4859.97720501961
-4859.99931161862
-4860.04323492476
-4860.11897330088
-4860.22596939232
-4860.35528472764
-4860.49546286766
-4860.63500245945
-4860.76112518717
-4860.86205875847
-4860.93233148939
-4860.97421678966
-4860.99541387508
-4861.00373573767
-4861.00184852488
-4860.98155053995
-4860.91186653911
-4860.71946932117
-4860.3045631859
-4859.68919934908
-4859.1203809929
-4858.82712827917
-4858.84822454232
-4859.09841770467
-4859.44898112671
-4859.78608999381
-4860.04305232125
-4860.209144484
-4860.30570174657
-4860.35638879695
-4860.37515316394
-4860.36577773463
-4860.32312798615
-4860.23337828151
-4860.06425765758
-4859.71519469548
-4858.95300248445
-4857.77854842313
-4857.17408347008
-4857.80386220806
-4858.78866373264
-4859.38694207207
-4859.64864246888
-4859.76473939107
-4859.82194423092
-4859.84731125971
-4859.84914104985
-4859.82713106306
-4859.76936811513
-4859.64210023781
-4859.37874278466
-4858.91231392357
-4858.32540925104
-4857.97741662974
-4858.20165413146
-4858.87202895906
-4859.56087725158
-4860.00146511881
-4860.21038415818
-4860.29195037144
-4860.31534373162
-4860.31456741041
-4860.30206777906
-4860.27588628988
-4860.22233167936
-4860.11954138983
-4859.9486271667
-4859.71374896146
-4859.46454503509
-4859.28840467139
-4859.25112799028
-4859.33903864877
-4859.48022540251
-4859.61102342359
-4859.70731189293
-4859.77422058593
-4859.8245429854
-4859.86487743901
-4859.89494131482
-4859.91428207949
-4859.92286112874
-4859.91454802757
-4859.86555021169
-4859.72281420016
-4859.41420636883
-4858.940737408
-4858.54084578916
-4858.6002423646
-4859.13262704891
-4859.69484145948
-4860.02141884046
-4860.16944614526
-4860.24130817524
-4860.28193835567
-4860.30074854346
-4860.29573980045
-4860.26186149883
-4860.18578733187
-4860.02798740787
-4859.68831057026
-4858.96808805458
-4857.73123553747
-4856.75199867877
-4857.47455144595
-4858.9903010547
-4859.68433828788
-4859.81188952895
-4859.83932213698
-4859.81064997551
-4859.81241040712
-4859.790149647
-4859.6874905771
-4859.54621560374
-4859.28653635578
-4858.94488287369
-4858.75649682878
-4858.98220573638
-4859.52192690906
-4860.03273158627
-4860.33751279874
-4860.47675154009
-4860.53379959789
-4860.55608273677
-4860.5616462261
-4860.55456934719
-4860.52972834772
-4860.47126225529
-4860.35746055473
-4860.18789722075
-4860.01812998526
-4859.92415908634
-4859.91989375967
-4859.96783505709
-4860.02959085403
-4860.08017786876
-4860.10630473848
-4860.10467321848
-4860.0794884883
-4860.03230228014
-4859.94052733441
-4859.73021482065
-4859.28611578096
-4858.62605333534
-4858.12673992577
-4858.2136406268
-4858.8064926205
-4859.4816989465
-4859.97162002848
-4860.25950933344
-4860.41273605595
-4860.482963868
-4860.50204757074
-4860.49210250036
-4860.46558849998
-4860.42712171842
-4860.37071453897
-4860.27388327168
-4860.09729767907
-4859.81422360616
-4859.47617160448
-4859.19876899051
-4859.06936999773
-4859.12120709483
-4859.34709263941
-4859.69551836596
-4860.07504722492
-4860.39225998217
-4860.59763180526
-4860.70124685719
-4860.74279946978
-4860.75647962748
-4860.7599659146
-4860.75575838518
-4860.73473792674
-4860.68129528613
-4860.58808105376
-4860.47483312943
-4860.37560778907
-4860.30371724425
-4860.25101843192
-4860.20583804967
-4860.15969557208
-4860.10716258928
-4860.04525540592
-4859.97235718552
-4859.88546795583
-4859.77577676027
-4859.62496240397
-4859.40208218485
-4859.05769654187
-4858.52431178089
-4857.86091131723
-4857.47773177427
-4857.77226886971
-4858.56479142008
-4859.31116932036
-4859.75228278278
-4859.98151720789
-4860.11458678314
-4860.20167043259
-4860.26173313174
-4860.30594661928
-4860.33939700454
-4860.3569858937
-4860.35259608132
-4860.32148251351
-4860.2551822382
-4860.1552995795
-4860.05049815697
-4859.98385221393
-4859.96894150197
-4859.97686772658
-4859.97353694267
-4859.94451889314
-4859.88118187954
-4859.75748480776
-4859.52345165547
-4859.14938615571
-4858.72174989894
-4858.39436526828
-4858.21295863982
-4858.07730216633
-4857.99111728296
-4857.8005810879
-4857.58598838158
-4857.63951464988
-4858.20554815606
-4858.92908116987
-4859.39183971579
-4859.62008414338
-4859.74825582099
-4859.83663618729
-4859.90155440857
-4859.95243549592
-4860.01005542921
-4860.10259286376
-4860.23102711032
-4860.35797859924
-4860.45387322881
-4860.51570343616
-4860.5521818811
-4860.57208681811
-4860.57573697098
-4860.55504766662
-4860.50155059519
-4860.41399593951
-4860.29829637395
-4860.16308745519
-4860.01848248615
-4859.86690279418
-4859.68110389989
-4859.40093356445
-4858.98989306922
-4858.56665144283
-4858.4027582286
-4858.53752498664
-4858.7205775001
-4858.78150090136
-4858.83965226371
-4858.89016762773
-4859.01027737513
-4859.2123554974
-4859.46953271321
-4859.71465510123
-4859.91562517786
-4860.07576624087
-4860.21246587812
-4860.34242516481
-4860.4750159446
-4860.61136168154
-4860.74494580072
-4860.8637011573
-4860.95677293946
-4861.02467986498
-4861.07782052097
-4861.12957435687
-4861.18813348623
-4861.2478759116
-4861.29503277547
-4861.32292026551
-4861.3341789412
-4861.3356751992
-4861.33209260592
-4861.31987687878
-4861.2789665491
-4861.1692560193
-4860.96545947248
-4860.71818733135
-4860.50364294371
-4860.33397406311
-4860.18686186701
-4860.04463221741
-4859.89669540072
-4859.73378995648
-4859.54367599161
-4859.31148712852
-4859.0387275471
-4858.7912961343
-4858.66410698774
-4858.64881055459
-4858.66716727235
-4858.6737091948
-4858.65398470673
-4858.58157767905
-4858.40311445243
-4858.14358382294
-4858.1030522808
-4858.52506372327
-4859.10971867649
-4859.54050641785
-4859.80105102634
-4859.96788269674
-4860.09597991967
-4860.21567212635
-4860.3448990137
-4860.48714871619
-4860.62180704287
-4860.71834420612
-4860.76812954696
-4860.78513696453
-4860.7795525317
-4860.73154654804
-4860.56867119242
-4860.15983764563
-4859.43287416361
-4858.60465119104
-4858.00890982044
-4857.78334666621
-4857.79897987323
-4857.95180677075
-4858.13403068951
-4858.26512707458
-4858.40126358155
-4858.54530317334
-4858.73967206861
-4859.0143666497
-4859.33837470424
-4859.62736148758
-4859.82684599153
-4859.94216563306
-4860.00234454026
-4860.03061396257
-4860.03349257849
-4860.0057547894
-4859.94901728518
-4859.88931260272
-4859.866622013
-4859.90388262335
-4859.99922863628
-4860.14617824061
-4860.35453222555
-4860.63503444057
-4860.91539403591
-4861.09278110646
-4861.17658907989
-4861.21288647315
-4861.22702772769
-4861.2297638419
-4861.22439613676
-4861.20635037497
-4861.15986344373
-4861.05570534984
-4860.86213924351
-4860.58169434996
-4860.28075508003
-4860.04027035389
-4859.88646539731
-4859.79826056641
-4859.74699266058
-4859.71370024432
-4859.68765776141
-4859.66043115323
-4859.62353757664
-4859.56952666892
-4859.48870704454
-4859.35499547542
-4859.09065004532
-4858.50774673065
-4857.45264928499
-4856.38698510646
-4856.02380973189
-4856.26996432471
-4856.61882742455
-4856.84943560209
-4856.98471180462
-4857.09263374115
-4857.23717706826
-4857.48228790694
-4857.79102469578
-4858.03735151913
-4858.20630159076
-4858.33180719983
-4858.44429460669
-4858.58809481419
-4858.82655707287
-4859.17424434566
-4859.5359819966
-4859.82519362387
-4860.04108142141
-4860.20348235883
-4860.32440776101
-4860.4118838306
-4860.47291944632
-4860.51350058005
-4860.53704725859
-4860.54188781727
-4860.518649547
-4860.44875274643
-4860.30253277738
-4860.0202207553
-4859.51161300322
-4858.80528294047
-4858.26101502383
-4858.24276676713
-4858.57891316922
-4858.96328643367
-4859.21328659209
-4859.38498358177
-4859.49822471336
-4859.62966556836
-4859.75738601215
-4859.87839396665
-4859.98649369146
-4860.08270723304
-4860.17862864808
-4860.29324644746
-4860.44119284464
-4860.61503050357
-4860.78324256719
-4860.91660784997
-4861.00682582168
-4861.0621427954
-4861.09388380482
-4861.10813172096
-4861.10212512266
-4861.0614253334
-4860.95277399501
-4860.70349093281
-4860.18097683923
-4859.30197474495
-4858.38155065936
-4858.00330393464
-4858.21622619963
-4858.60947683403
-4858.91330563964
-4859.0885691963
-4859.17444576721
-4859.20708750219
-4859.20780598737
-4859.18667646025
-4859.14450168346
-4859.07998226192
-4859.0050612402
-4858.94618540073
-4858.93434556648
-4858.99580758518
-4859.14171014994
-4859.36524743578
-4859.64430287228
-4859.94233849432
-4860.21254135013
-4860.41944642651
-4860.55647918362
-4860.64019063559
-4860.69037531492
-4860.71909704766
-4860.7278404278
-4860.70457659327
-4860.61438543444
-4860.3841184223
-4859.91293673357
-4859.17696699602
-4858.40612081695
-4857.95960648587
-4857.9340577851
-4858.13723257992
-4858.36043398348
-4858.50977860833
-4858.58003242591
-4858.60241939395
-4858.60715370078
-4858.59826349961
-4858.52934988095
-4858.26929111531
-4857.63073999174
-4856.71649269952
-4856.35346693802
-4857.20791537264
-4858.5476824425
-4859.45323275967
-4859.90419848738
-4860.13111181851
-4860.25336224691
-4860.31655279995
-4860.3390436565
-4860.33131122425
-4860.29880859138
-4860.23627470811
-4860.12209351722
-4859.92208665083
-4859.60409560366
-4859.17717372109
-4858.73059825857
-4858.38011461827
-4858.17164336327
-4858.09510206337
-4858.14564681856
-4858.33326822699
-4858.63530885008
-4858.9786893754
-4859.31199648682
-4859.6437046165
-4859.97086967561
-4860.23076808987
-4860.39132583219
-4860.47089897992
-4860.49806835271
-4860.49296301815
-4860.46343497992
-4860.40591872111
-4860.30370724003
-4860.13650022251
-4859.90949212415
-4859.68079933996
-4859.54887227708
-4859.58382884159
-4859.75848731875
-4859.97468183314
-4860.15741587276
-4860.29272396475
-4860.3975756696
-4860.48524442632
-4860.55540206831
-4860.60361140672
-4860.63213818112
-4860.64828097434
-4860.65544246209
-4860.64347382634
-4860.57694189583
-4860.38328479333
-4859.97131104932
-4859.34256117037
-4858.72557958943
-4858.43264108988
-4858.55437834946
-4858.93102209665
-4859.35167194538
-4859.69220418311
-4859.92554723179
-4860.07633790794
-4860.17567721183
-4860.24350195018
-4860.28801304327
-4860.3101252989
-4860.30621824975
-4860.26239516327
-4860.12336325056
-4859.70120626215
-4858.63425461203
-4857.09694659314
-4856.53541245573
-4857.40002326204
-4858.38540497512
-4858.86633425632
-4859.04263912739
-4859.11503620482
-4859.15477120551
-4859.17392687592
-4859.17206581879
-4859.15898060878
-4859.14940540836
-4859.15081401999
-4859.20815059944
-4859.31841283404
-4859.59080771742
-4859.99569608277
-4860.35786618681
-4860.57700262093
-4860.67325573716
-4860.68264167522
-4860.70272622993
-4860.71299227572
-4860.70059801733
-4860.64810925186
-4860.55390799578
-4860.42069191696
-4860.22913186146
-4859.91038929332
-4859.3006026345
-4858.22652208379
-4857.07208561216
-4856.85923336449
-4857.73554112565
-4858.75003160888
-4859.31151810619
-4859.50633660486
-4859.54922189639
-4859.54958272616
-4859.53327245305
-4859.48063241557
-4859.34841399991
-4859.13040617269
-4858.92016284006
-4858.82884173492
-4858.88267047664
-4859.05394146226
-4859.31046037667
-4859.62446141967
-4859.96455931544
-4860.2921429926
-4860.57332585082
-4860.792080696
-4860.9466425146
-4861.04028455376
-4861.08226681019
-4861.08996319733
-4861.0792966569
-4861.05196254688
-4860.9957044147
-4860.90615753163
-4860.80484276862
-4860.71779163367
-4860.64973397432
-4860.59158737913
-4860.53407065924
-4860.46694367969
-4860.37242521652
-4860.22319365989
-4859.99955974742
-4859.72728073665
-4859.47551820875
-4859.28229471558
-4859.12941903574
-4859.01511194438
-4858.86742827684
-4858.69897613449
-4858.48233470014
-4858.31786351488
-4858.38771698955
-4858.98238732201
-4859.7666980044
-4860.22425552339
-4860.41514405433
-4860.5072330392
-4860.56797852217
-4860.61225737539
-4860.63856313036
-4860.64399529924
-4860.62817045315
-4860.59022176106
-4860.52716615176
-4860.41968215009
-4860.19603596689
-4859.72807120267
-4858.98856859872
-4858.28645045666
-4857.98413834365
-4858.03818785848
-4858.20641664913
-4858.35417531854
-4858.46383898568
-4858.56038791791
-4858.6756452895
-4858.83397178705
-4859.03970199252
-4859.27974785555
-4859.5378526211
-4859.79957350126
-4860.04520563784
-4860.24214054382
-4860.36688549972
-4860.43047444873
-4860.45666611985
-4860.45470250033
-4860.4194384353
-4860.33177860403
-4860.1408235555
-4859.7055347499
-4858.75886818965
-4857.4159254545
-4856.81977125276
-4857.45977176603
-4858.29487349645
-4858.69717471351
-4858.83016951673
-4858.88743389351
-4858.92858024378
-4858.95664082769
-4858.96931024428
-4858.99313367742
-4859.09293000412
-4859.29037502617
-4859.49458695654
-4859.6486621625
-4859.79709253868
-4860.01700170686
-4860.364443305
-4860.74231572779
-4860.98519249161
-4861.09214132816
-4861.13305315303
-4861.14679453266
-4861.14409093737
-4861.1218930505
-4861.07010580862
-4860.97672433206
-4860.83574187249
-4860.65358827735
-4860.44700686274
-4860.23606948811
-4860.04491754314
-4859.89372197916
-4859.78575904387
-4859.71210032975
-4859.66035080249
-4859.61787653492
-4859.57684599072
-4859.53435023605
-4859.48943146169
-4859.4411733194
-4859.38451702237
-4859.30096462585
-4859.15970957823
-4858.95795822923
-4858.76510372341
-4858.67164407102
-4858.75227851829
-4858.91232161555
-4859.10014412271
-4859.28765554576
-4859.45817610834
-4859.70540925976
-4860.03954050842
-4860.42000652432
-4860.71785625903
-4860.88992247377
-4860.9782427045
-4861.01817505953
-4861.02654188641
-4861.01162455052
-4860.97607022858
-4860.91394904533
-4860.81239333772
-4860.66429440592
-4860.47659241485
-4860.26857255915
-4860.06126927856
-4859.86784391203
-4859.69323952067
-4859.54303378656
-4859.42533783786
-4859.34464682368
-4859.30305080897
-4859.30750331857
-4859.36714393269
-4859.48045800029
-4859.6457699667
-4859.90236291767
-4860.29165604982
-4860.60791103732
-4860.75589425579
-4860.83845936258
-4860.89536078386
-4860.93062899763
-4860.94107550734
-4860.92423651629
-4860.87683023554
-4860.78814967582
-4860.63169316165
-4860.36825016606
-4859.98902417413
-4859.58299507143
-4859.27485802862
-4859.10034802695
-4858.98615448656
-4858.88435504298
-4858.55191567027
-4858.02061616559
-4857.45489714239
-4857.15699576174
-4857.38914412342
-4857.898422466
-4858.31425121612
-4858.55736327588
-4858.715848512
-4858.84472803566
-4858.95558974973
-4859.04861164554
-4859.12648347373
-4859.19937146976
-4859.31750913273
-4859.45878789225
-4859.67578125845
-4859.9179244574
-4860.08229096561
-4860.1429039863
-4860.17655883592
-4860.26410710993
-4860.41391192926
-4860.56773191744
-4860.67035816942
-4860.71700553159
-4860.73162217302
-4860.73467050807
-4860.73089202959
-4860.70159441635
-4860.56574818668
-4860.05560387537
-4858.85056055689
-4857.74243319963
-4857.46472895075
-4857.78583439754
-4858.36309318179
-4859.04910911092
-4859.54571213669
-4859.88561525952
-4860.10724114332
-4860.2345486069
-4860.29031296498
-4860.30440616937
-4860.2943714658
-4860.25229154333
-4860.14231958613
-4859.90773298011
-4859.49697950572
-4858.91881524489
-4858.29236427901
-4857.83763450048
-4857.787078523
-4858.20852472794
-4858.83816920427
-4859.27422806688
-4859.47592166299
-4859.58860664941
-4859.67602058917
-4859.74471689214
-4859.79165903235
-4859.81850203262
-4859.82953875631
-4859.83010977354
-4859.82923612546
-4859.8461264769
-4859.91743309396
-4860.09133389855
-4860.38038601532
-4860.68942154946
-4860.8864499839
-4860.96114196812
-4860.98168400761
-4860.99384392619
-4861.00667149076
-4861.01035144643
-4860.98845281936
-4860.91844596852
-4860.75740145719
-4860.40886709276
-4859.71395857001
-4858.67399302872
-4857.84124521393
-4857.79799264682
-4858.30768839645
-4858.81791482076
-4859.11372203894
-4859.24070221765
-4859.28299517773
-4859.29000334198
-4859.27863088259
-4859.24845019164
-4859.19489398846
-4859.1187439769
-4859.0399622951
-4859.01160037094
-4859.10588690891
-4859.36010061438
-4859.72966169819
-4860.11428082575
-4860.43199192991
-4860.65699626622
-4860.80172498988
-4860.88938482709
-4860.93873710321
-4860.96017041185
-4860.95587858747
-4860.91730838075
-4860.80783481596
-4860.49211644156
-4859.61513827212
-4858.12089475392
-4857.16498490074
-4857.44212263741
-4858.37338113732
-4859.24451346009
-4859.84222993968
-4860.22577609042
-4860.47182966365
-4860.62696695997
-4860.71973988394
-4860.76850065066
-4860.78463796647
-4860.77218535849
-4860.72642408266
-4860.6324694751
-4860.46598071388
-4860.19290682904
-4859.75381204816
-4859.04887327396
-4858.10399895386
-4857.45508493842
-4857.78330467315
-4858.79174316424
-4859.62973502141
-4860.06738831833
-4860.27597221904
-4860.37908973751
-4860.42937512289
-4860.45368415237
-4860.46342199237
-4860.45728809286
-4860.43149448448
-4860.37881060611
-4860.30295386557
-4860.12764560572
-4859.90878857885
-4859.64197075444
-4859.27521316031
-4858.80797364769
-4858.33686899356
-4858.03204568626
-4858.10942763089
-4858.47867191431
-4858.88644318581
-4859.13301247568
-4859.22778047867
-4859.27627961322
-4859.32729669301
-4859.38146453577
-4859.42846666999
-4859.47186214239
-4859.54461197186
-4859.6715127931
-4859.81066597346
-4859.91849228239
-4860.02561170946
-4860.08684130015
-4860.12740378422
-4860.15317060497
-4860.17112054634
-4860.14482367928
-4860.11898930414
-4860.05410502396
-4859.94979904456
-4859.83754711662
-4859.74941194134
-4859.68785992623
-4859.64223319182
-4859.60516709239
-4859.57794591356
-4859.57665828886
-4859.63074838405
-4859.74703088322
-4859.8756633039
-4859.96448014781
-4860.01107858936
-4860.03327092471
-4860.03332197138
-4860.00199679174
-4859.94333855613
-4859.87344776605
-4859.79547356022
-4859.69719142991
-4859.55749982654
-4859.34453812729
-4859.03298471363
-4858.68719803751
-4858.5464748133
-4858.79630159919
-4859.23517845202
-4859.59814667562
-4859.85881184355
-4859.9947066811
-4860.07011171878
-4860.11506067695
-4860.1447669642
-4860.15550374452
-4860.1374194077
-4860.06748534192
-4859.85246638198
-4859.39558795245
-4858.49065930965
-4857.55010142058
-4857.55353750338
-4858.28250309246
-4858.84945305808
-4859.08604365935
-4859.18201531984
-4859.2492345599
-4859.3137636604
-4859.37748855377
-4859.44964365187
-4859.53556151205
-4859.61742667695
-4859.68540586774
-4859.77780792869
-4859.85943355724
-4859.97907825244
-4860.13977453298
-4860.30816388275
-4860.44546715954
-4860.53881490448
-4860.5955230619
-4860.62696557309
-4860.64015116614
-4860.63427036832
-4860.59772874917
-4860.50314598722
-4860.30279586646
-4859.94231807427
-4859.42286070119
-4858.86881975739
-4858.4284471475
-4858.27195387757
-4858.4262330605
-4858.7768758936
-4859.06857588788
-4859.20539742499
-4859.24299153341
-4859.24851432954
-4859.25653395012
-4859.28158333182
-4859.33552473552
-4859.42856623424
-4859.55824516138
-4859.70196994694
-4859.83640428069
-4859.96008956549
-4860.08410520606
-4860.21840791065
-4860.36675760118
-4860.52075898367
-4860.6600606708
-4860.76730498895
-4860.83865184584
-4860.8801801334
-4860.89751062708
-4860.88847529857
-4860.8393446196
-4860.72259226192
-4860.49578429927
-4860.11061488015
-4859.54767080987
-4858.88543503226
-4858.33195916367
-4858.11288086998
-4858.25699661609
-4858.54326778983
-4858.76306691898
-4858.8747872827
-4858.92089214325
-4858.94332099811
-4858.96395507788
-4858.9918457994
-4859.02973679131
-4859.07536994133
-4859.12391009792
-4859.17372196913
-4859.23423708608
-4859.33131014929
-4859.49805859324
-4859.74776786851
-4860.05180632945
-4860.3535297
-4860.60741112818
-4860.7991088959
-4860.93527838633
-4861.02762415539
-4861.08593780339
-4861.11647864575
-4861.12246628597
-4861.10182360717
-4861.03873952655
-4860.87935080081
-4860.4871869963
-4859.71665620143
-4858.82185283844
-4858.33917277114
-4858.34834979887
-4858.55481070058
-4858.73457335088
-4858.83524618801
-4858.87781811885
-4858.8856415273
-4858.86732348956
-4858.82021997046
-4858.73413610871
-4858.58032153162
-4858.2591140807
-4857.58427996059
-4856.77676949901
-4856.63867652211
-4857.45659517311
-4858.67534923918
-4859.64017169658
-4860.20194639931
-4860.49325866736
-4860.64409675252
-4860.72748858281
-4860.77524247975
-4860.79655158841
-4860.79092904605
-4860.75597808142
-4860.68961229271
-4860.58541231162
-4860.41721630182
-4860.12547861329
-4859.66446645195
-4859.12348052352
-4858.69447118713
-4858.46600506331
-4858.3822704298
-4858.35164095808
-4858.32336487678
-4858.2823663286
-4858.21591802062
-4858.10524548603
-4857.96546155876
-4857.8939860112
-4857.97764664158
-4858.12890160755
-4858.21897413495
-4858.25241412643
-4858.26954995442
-4858.31632294125
-4858.66006468096
-4859.44948113668
-4860.0690218758
-4860.34559836209
-4860.47575330312
-4860.56335970197
-4860.63650757707
-4860.6976181753
-4860.74338750906
-4860.77012964859
-4860.77385296907
-4860.75128487605
-4860.69628816925
-4860.59068139611
-4860.40345341457
-4860.11280294027
-4859.74417174703
-4859.37225436739
-4859.05451880296
-4858.78914385033
-4858.53755594704
-4858.24663145223
-4857.85382295924
-4857.33233756866
-4856.82230432337
-4856.65345806457
-4856.95691620251
-4857.40449708308
-4857.6818711305
-4857.81259291623
-4857.90687893974
-4858.0078693141
-4858.11385580451
-4858.21232798568
-4858.2968628826
-4858.36907816022
-4858.43851083782
-4858.52617023223
-4858.67812316539
-4858.97527034997
-4859.4573892488
-4859.97232993976
-4860.33384687549
-4860.53976313327
-4860.65545665382
-4860.72173344401
-4860.75554506285
-4860.76183928404
-4860.74067141999
-4860.69150977093
-4860.61527658184
-4860.51306154987
-4860.38203307823
-4860.21002052997
-4859.96911263706
-4859.61516835927
-4859.11215160021
-4858.50281000026
-4857.96555744627
-4857.69942657075
-4857.71738591725
-4857.8609892717
-4857.98791657076
-4858.05629295574
-4858.08293136746
-4858.08932873375
-4858.07531290911
-4858.00298553287
-4857.7791783182
-4857.29602862177
-4856.70165615763
-4856.66624379083
-4857.59133813859
-4858.74418522051
-4859.43672271257
-4859.74642752536
-4859.88812119859
-4859.96128701982
-4859.99992478256
-4860.01707342426
-4860.0256877773
-4860.04948949995
-4860.12171992374
-4860.26465327903
-4860.46274741436
-4860.66743966644
-4860.83337104696
-4860.94398643463
-4861.00705235397
-4861.03951151298
-4861.05623545367
-4861.0663228488
-4861.07411493357
-4861.08107919491
-4861.08604758545
-4861.08280453363
-4861.05310027082
-4860.95039142843
-4860.67723529323
-4860.12477381499
-4859.38648095778
-4858.84649980369
-4858.7588327014
-4858.97516736035
-4859.23256335595
-4859.41039836446
-4859.50906950734
-4859.56007276087
-4859.58525154247
-4859.58902974743
-4859.55470301076
-4859.43142095538
-4859.12967297988
-4858.60919819891
-4858.06896639923
-4857.90312598876
-4858.22189840792
-4858.70964495581
-4859.11088557297
-4859.39499175379
-4859.59544363259
-4859.73332202723
-4859.82185510991
-4859.87336045777
-4859.89786769854
-4859.89695721635
-4859.86014678031
-4859.76723704446
-4859.6041073248
-4859.40078881938
-4859.26532023505
-4859.30694260681
-4859.49744214053
-4859.71595654487
-4859.88124869673
-4859.97848562822
-4860.02456248085
-4860.04104467782
-4860.04207937024
-4860.02854674171
-4859.97825488273
-4859.82763785198
-4859.46467067935
-4858.83444248256
-4858.20152742989
-4858.0976448507
-4858.68198852085
-4859.51548409291
-4860.14660538996
-4860.48234676953
-4860.62116668464
-4860.6624376167
-4860.66335661684
-4860.64828825866
-4860.62108199734
-4860.57043253974
-4860.47677809094
-4860.3276029461
-4860.13279540474
-4859.92336314695
-4859.72564882949
-4859.54536154057
-4859.37127817915
-4859.19464125918
-4859.03914149057
-4858.98161100576
-4859.1069465937
-4859.39332231917
-4859.6972840736
-4859.90943627897
-4860.03113558204
-4860.10223754759
-4860.15082669401
-4860.1955789474
-4860.24249316907
-4860.28000357554
-4860.29560388346
-4860.28712694489
-4860.25613489406
-4860.1999057314
-4860.10647412289
-4859.95521374398
-4859.73855449266
-4859.48997607644
-4859.23970304279
-4858.94090430236
-4858.4475247858
-4857.41001541253
-4855.88433135547
-4854.65453029998
-4855.11883580495
-4856.61495093136
-4857.63344932535
-4858.05192881277
-4858.20692255103
-4858.26647877524
-4858.28841716859
-4858.28721605848
-4858.28742700209
-4858.3851597548
-4858.71665040571
-4859.27170184288
-4859.83907801646
-4860.24336766506
-4860.47524726113
-4860.59385428102
-4860.64911563287
-4860.66737268845
-4860.65843859386
-4860.62676083385
-4860.57822358821
-4860.5196603062
-4860.45405513679
-4860.37617111049
-4860.2755823525
-4860.15059626355
-4860.02365825334
-4859.94026144481
-4859.93326869359
-4859.97829371754
-4860.02861425899
-4860.0674966881
-4860.1000381965
-4860.13903714346
-4860.19296058662
-4860.2507867415
-4860.29246169196
-4860.30937297392
-4860.29964670724
-4860.24641616625
-4860.0902338041
-4859.72926463467
-4859.14738647419
-4858.56487467831
-4858.21411335372
-4858.1181460123
-4858.20662697559
-4858.56673335421
-4859.02852244029
-4859.50589842173
-4859.84942818427
-4860.03708415748
-4860.13188681119
-4860.18561085054
-4860.21610883625
-4860.22394291901
-4860.21302643004
-4860.20369536755
-4860.22214382452
-4860.27351532573
-4860.3394626903
-4860.40461124641
-4860.4694597519
-4860.53845904421
-4860.60431765222
-4860.65256498672
-4860.67660569051
-4860.68014899741
-4860.66344904323
-4860.60486241959
-4860.45084198924
-4860.14688047616
-4859.74194864424
-4859.4283741726
-4859.34071633403
-4859.41241318738
-4859.51809890736
-4859.60591061172
-4859.67842227053
-4859.74545133236
-4859.80773195253
-4859.85595303318
-4859.87926711454
-4859.87611475621
-4859.84301891029
-4859.73804550244
-4859.4433294766
-4858.85320148121
-4858.23802280731
-4858.19101295563
-4858.71852474358
-4859.33356984031
-4859.7607695479
-4859.99267568769
-4860.10955408437
-4860.17553705616
-4860.21737902394
-4860.23950156137
-4860.24660985918
-4860.2463014391
-4860.23728699964
-4860.21327649242
-4860.16613629921
-4860.08089036346
-4859.9232971848
-4859.60618652573
-4859.02098104747
-4858.29360161309
-4857.82270318644
-4857.77720224689
-4858.11856966176
-4858.68698060029
-4859.24332093817
-4859.57289522908
-4859.71631327853
-4859.77305753142
-4859.79780423568
-4859.77676531032
-4859.75789403384
-4859.68741768081
-4859.5381915736
-4859.32398609119
-4859.16098853764
-4859.22213596573
-4859.57217026776
-4860.05747114308
-4860.44708036465
-4860.67108018734
-4860.78983221949
-4860.85826050975
-4860.89825493825
-4860.91430094418
-4860.90835319984
-4860.88221989829
-4860.82220027725
-4860.66868167942
-4860.30206225918
-4859.6525780348
-4858.95692511466
-4858.62867132145
-4858.70426040485
-4858.91728273241
-4859.0952928943
-4859.21905841525
-4859.32026960545
-4859.42231277085
-4859.52762179681
-4859.62645362377
-4859.71177724885
-4859.7787082596
-4859.82349796925
-4859.84596287366
-4859.84928750022
-4859.84228721114
-4859.84889241715
-4859.91616914083
-4860.09751279553
-4860.39475111844
-4860.71297209061
-4860.93622091701
-4861.0388057985
-4861.06876825876
-4861.07414318869
-4861.07718387964
-4861.08034125395
-4861.07275843787
-4861.0250597095
-4860.85612047304
-4860.35086578345
-4859.26159869358
-4858.08027735766
-4857.77297612553
-4858.22205592521
-4858.74526088106
-4859.05988712398
-4859.19446025649
-4859.2332701188
-4859.23575529052
-4859.23128450451
-4859.22137159084
-4859.17509860742
-4859.02990785145
-4858.75088760219
-4858.46297364892
-4858.422008698
-4858.71713819191
-4859.17778748151
-4859.60072927778
-4859.90196020785
-4860.09030759761
-4860.19637623748
-4860.24387999317
-4860.25141805953
-4860.23608439802
-4860.20994942242
-4860.16932451933
-4860.07726384171
-4859.85332376131
-4859.44741830433
-4858.99874436339
-4858.74310050723
-4858.75482637636
-4858.97910142297
-4859.32568637513
-4859.68824135495
-4859.97615875626
-4860.15490959605
-4860.24117630258
-4860.26984445674
-4860.2662839678
-4860.23476293147
-4860.16054867047
-4860.02181080183
-4859.80477816127
-4859.51611208148
-4859.16029763797
-4858.68425726361
-4857.97520722577
-4857.15311727404
-4855.84941514912
-4856.29760968026
-4858.57841887406
-4859.9084030127
-4860.22552733719
-4860.2950410634
-4860.31273728746
-4860.30146449136
-4860.25851058115
-4860.19882409455
-4860.15841769678
-4860.14439397803
-4860.12980787446
-4860.12637653195
-4860.07891199775
-4860.0213403188
-4859.90786566814
-4859.60883011505
-4859.02783791958
-4858.43996064848
-4858.31401627706
-4858.70116735874
-4859.15891539884
-4859.45557012678
-4859.60873043386
-4859.68342425975
-4859.71927761295
-4859.72917639478
-4859.70936095478
-4859.64944853167
-4859.54729753973
-4859.40672953297
-4859.18253675944
-4858.69887810583
-4857.99070285014
-4856.74945352521
-4856.01361795735
-4857.27138542109
-4858.68952464403
-4859.28268472812
-4859.48841508443
-4859.57961120446
-4859.63109104462
-4859.65759856003
-4859.65953569371
-4859.63617468013
-4859.60221050351
-4859.61102727339
-4859.72581378607
-4859.91725520051
-4860.09239358436
-4860.23393499909
-4860.29313668822
-4860.32351772485
-4860.32085742514
-4860.34831811601
-4860.37434805943
-4860.3993524402
-4860.4406151221
-4860.50177016903
-4860.55345902875
-4860.57275531781
-4860.56674867441
-4860.54933211107
-4860.50422233764
-4860.34204423616
-4859.89391505589
-4859.19803606514
-4858.72433331747
-4858.70624436484
-4858.77359827492
-4858.8642155712
-4859.03521872286
-4859.31695553832
-4859.60851620512
-4859.8276408694
-4859.99087027274
-4860.14885140899
-4860.3263315228
-4860.51156687908
-4860.67854835439
-4860.81763278411
-4860.93491866174
-4861.03187630109
-4861.10320565248
-4861.14598322366
-4861.16474137296
-4861.16525963369
-4861.14442858241
-4861.05826627903
-4860.64940367581
-4859.28487007825
-4857.75626880606
-4857.42684915317
-4857.93490092847
-4858.51108478459
-4858.86964352069
-4859.05675794194
-4859.16153792887
-4859.23384276642
-4859.29249952364
-4859.34367204589
-4859.38987132186
-4859.42460381844
-4859.43492335103
-4859.41766841125
-4859.36011611536
-4859.17807050364
-4858.69140862685
-4857.92716140432
-4857.62766144434
-4858.26007969648
-4859.0853807884
-4859.55029601428
-4859.75014345262
-4859.85302337697
-4859.92103567053
-4859.96633104167
-4859.99428573466
-4860.01810063637
-4860.0437555871
-4860.05420822535
-4860.03986000397
-4859.99435173686
-4859.91374196323
-4859.69009824129
-4859.29464467389
-4858.62360132233
-4857.75646814405
-4857.28568143823
-4858.13946467888
-4859.49593666146
-4860.23292793549
-4860.51705348238
-4860.64118253793
-4860.70943092926
-4860.74903922575
-4860.76372029318
-4860.75101036801
-4860.70768039964
-4860.62727057431
-4860.49380706159
-4860.2799532285
-4859.95219119193
-4859.49149284627
-4858.9891814362
-4858.68020251028
-4858.72787378939
-4859.07825640257
-4859.52129189893
-4859.85301238131
-4860.02923050954
-4860.1201001613
-4860.18228381302
-4860.23100314767
-4860.26225268857
-4860.26939063197
-4860.24972957942
-4860.20669031609
-4860.14986042077
-4860.0926948139
-4860.04920173369
-4860.03794455598
-4860.08765751191
-4860.24068838663
-4860.4934880954
-4860.72662313771
-4860.86218134749
-4860.92424920572
-4860.95193965241
-4860.96552111956
-4860.96945785842
-4860.95912765686
-4860.9244531094
-4860.85036301962
-4860.7162980207
-4860.49875311323
-4860.19272645143
-4859.83996404975
-4859.51618709902
-4859.27844354943
-4859.13915838564
-4859.07753280047
-4859.05595459916
-4859.03889250007
-4859.00806795273
-4858.95955815321
-4858.88730389411
-4858.75957814006
-4858.48316866305
-4857.91415217462
-4857.15160273539
-4856.65492777761
-4856.68043356984
-4857.0169687672
-4857.54574972405
-4858.10632242527
-4858.71451969586
-4859.33330312892
-4859.87131494947
-4860.26224533184
-4860.50877638638
-4860.64455235629
-4860.7086346336
-4860.73068877379
-4860.72551838999
-4860.69528719508
-4860.63422383414
-4860.52790898826
-4860.34673226826
-4860.06114258362
-4859.70751788623
-4859.38344904107
-4859.16287788973
-4859.00945854035
-4858.9487997417
-4858.91861709932
-4858.89945271225
-4858.93970672156
-4859.02980280898
-4859.18177744398
-4859.36663153896
-4859.56484981484
-4859.78143655799
-4860.00871723602
-4860.20956091689
-4860.35702274202
-4860.46782564218
-4860.57146887552
-4860.6843908388
-4860.80670753076
-4860.92374287186
-4861.01905183551
-4861.09109748709
-4861.14882353667
-4861.20105658616
-4861.2502617035
-4861.29523899106
-4861.3338701162
-4861.36456150358
-4861.38699759362
-4861.40186257746
-4861.4106928805
-4861.41524624619
-4861.41589132976
