# Time-averaged data for fix msdout
# TimeStep c_msdO[1]
100 2.9095
200 2.90568
300 2.89844
400 2.88631
500 2.86682
600 2.83697
700 2.79489
800 2.74054
900 2.6737
1000 2.58516
1100 2.45187
1200 2.2608
1300 2.03361
1400 1.80984
1500 1.61629
1600 1.46102
1700 1.34151
1800 1.25035
1900 1.17968
2000 1.12323
2100 1.0765
2200 1.03631
2300 1.00022
2400 0.965779
2500 0.929637
2600 0.887363
2700 0.836535
2800 0.782826
2900 0.739202
3000 0.715082
3100 0.708431
3200 0.703952
3300 0.692976
3400 0.676855
3500 0.663297
3600 0.655707
3700 0.654081
3800 0.659066
3900 0.671688
4000 0.693152
4100 0.725445
4200 0.772545
4300 0.84333
4400 0.95882
4500 1.16355
4600 1.51766
4700 2.03249
4800 2.61673
4900 3.15527
5000 3.61534
5100 4.02569
5200 4.41616
5300 4.80157
5400 5.18837
5500 5.58214
5600 5.98897
5700 6.4166
5800 6.87316
5900 7.36401
6000 7.8881
6100 8.43688
6200 8.99356
6300 9.54895
6400 10.1131
6500 10.6975
6600 11.2955
6700 11.875
6800 12.3885
6900 12.8018
7000 13.1242
7100 13.3893
7200 13.6276
7300 13.8592
7400 14.0979
7500 14.3549
7600 14.641
7700 14.9674
7800 15.3443
7900 15.7783
8000 16.2694
8100 16.8089
8200 17.3797
8300 17.9566
8400 18.5123
8500 19.0437
8600 19.5377
8700 20.0001
8800 20.4459
8900 20.885
9000 21.3234
9100 21.7653
9200 22.2152
9300 22.6793
9400 23.167
9500 23.6944
9600 24.286
9700 24.9769
9800 25.8019
9900 26.7527
10000 27.7294
10100 28.5848
10200 29.2905
10300 29.9207
10400 30.5607
10500 31.2454
10600 31.9594
10700 32.7114
10800 33.5083
10900 34.3571
11000 35.2688
11100 36.2597
11200 37.3511
11300 38.5635
11400 39.9008
11500 41.3256
11600 42.7425
11700 44.0104
11800 44.9899
11900 45.6035
12000 45.8848
12100 45.94
12200 45.8507
12300 45.656
12400 45.3794
12500 45.043
12600 44.6689
12700 44.2854
12800 43.9276
12900 43.6343
13000 43.4371
13100 43.3548
13200 43.3819
13300 43.469
13400 43.5417
13500 43.5308
13600 43.4016
13700 43.154
13800 42.8061
13900 42.3808
14000 41.901
14100 41.3821
14200 40.8351
14300 40.2692
14400 39.6925
14500 39.1156
14600 38.556
14700 38.0429
14800 37.6056
14900 37.2665
15000 37.0347
15100 36.906
15200 36.8659
15300 36.8854
15400 36.9197
15500 36.9194
15600 36.8435
15700 36.6659
15800 36.3727
15900 35.9568
16000 35.4138
16100 34.7379
16200 33.917
16300 32.929
16400 31.7533
16500 30.4194
16600 29.0545
16700 27.8454
16800 26.9206
16900 26.2865
17000 25.8836
17100 25.6572
17200 25.5732
17300 25.6096
17400 25.75
17500 25.9815
17600 26.2962
17700 26.6944
17800 27.1882
17900 27.7998
18000 28.5525
18100 29.4479
18200 30.4462
18300 31.4714
18400 32.4414
18500 33.2976
18600 34.0132
18700 34.5835
18800 35.0123
18900 35.3028
19000 35.456
19100 35.4745
19200 35.368
19300 35.1595
19400 34.8892
19500 34.6163
19600 34.4132
19700 34.3536
19800 34.4979
19900 34.8841
20000 35.5282
20100 36.4387
20200 37.6462
20300 39.2185
20400 41.1625
20500 43.2786
20600 45.2176
20700 46.7222
20800 47.7557
20900 48.4175
21000 48.812
21100 49.0009
21200 49.0087
21300 48.8357
21400 48.4655
21500 47.8705
21600 47.022
21700 45.9112
21800 44.5782
21900 43.1302
22000 41.7202
22100 40.491
22200 39.5289
22300 38.8637
22400 38.5045
22500 38.4523
22600 38.686
22700 39.1589
22800 39.7974
22900 40.5002
23000 41.1564
23100 41.6759
23200 42.0097
23300 42.1421
23400 42.0753
23500 41.8164
23600 41.3696
23700 40.7335
23800 39.9009
23900 38.8638
24000 37.6299
24100 36.2527
24200 34.8599
24300 33.6349
24400 32.7286
24500 32.1922
24600 32.0018
24700 32.1394
24800 32.5626
24900 33.2554
25000 34.2116
25100 35.4143
25200 36.8314
25300 38.4241
25400 40.1612
25500 42.0197
25600 43.9717
25700 45.9744
25800 47.9676
25900 49.8795
26000 51.637
26100 53.1764
26200 54.4518
26300 55.44
26400 56.1388
26500 56.5604
26600 56.7214
26700 56.636
26800 56.3122
26900 55.7514
27000 54.9533
27100 53.924
27200 52.6899
27300 51.3128
27400 49.8932
27500 48.5509
27600 47.3862
27700 46.4523
27800 45.7647
27900 45.321
28000 45.1161
28100 45.1443
28200 45.3984
28300 45.8664
28400 46.5334
28500 47.3856
28600 48.3898
28700 49.441
28800 50.3542
28900 50.9692
29000 51.2401
29100 51.2166
29200 50.971
29300 50.541
29400 49.9183
29500 49.0719
29600 47.9751
29700 46.617
29800 45.0094
29900 43.2073
30000 41.3338
30100 39.5593
30200 38.0196
30300 36.7608
30400 35.7931
30500 35.1428
30600 34.867
30700 35.001
30800 35.5262
30900 36.4304
31000 37.7717
31100 39.6342
31200 41.9879
31300 44.5993
31400 47.0996
31500 49.1526
31600 50.6074
31700 51.5043
31800 51.9607
31900 52.0733
32000 51.8936
32100 51.4375
32200 50.6991
32300 49.6631
32400 48.3201
32500 46.6931
32600 44.8774
32700 43.0654
32800 41.482
32900 40.2862
33000 39.5821
33100 39.4226
33200 39.7557
33300 40.4769
33400 41.4906
33500 42.6548
33600 43.7509
33700 44.609
33800 45.1816
33900 45.493
34000 45.5777
34100 45.4569
34200 45.1357
34300 44.6032
34400 43.8303
34500 42.7629
34600 41.3268
34700 39.4923
34800 37.4309
34900 35.5264
35000 34.3444
35100 34.9537
35200 36.6611
35300 38.5008
35400 39.9978
35500 41.0401
35600 41.797
35700 42.3768
35800 42.8156
35900 43.1228
36000 43.2977
36100 43.3322
36200 43.2097
36300 42.9073
36400 42.4141
36500 41.7705
36600 41.1029
36700 40.5912
36800 40.3739
36900 40.5434
37000 41.1895
37100 42.3395
37200 43.9486
37300 45.9791
37400 48.3257
37500 50.7285
37600 52.8616
37700 54.509
37800 55.637
37900 56.3185
38000 56.6364
38100 56.6432
38200 56.3572
38300 55.7628
38400 54.8068
38500 53.394
38600 51.4151
38700 48.8678
38800 46.029
38900 43.3836
39000 41.3092
39100 40.0155
39200 39.5142
39300 39.5983
39400 40.0543
39500 40.7854
39600 41.7288
39700 42.7649
39800 43.7477
39900 44.5756
40000 45.2
40100 45.6015
40200 45.7714
40300 45.7022
40400 45.381
40500 44.7883
40600 43.9019
40700 42.7124
40800 41.2566
40900 39.6558
41000 38.1169
41100 36.8465
41200 35.9614
41300 35.4813
41400 35.3689
41500 35.5405
41600 35.9146
41700 36.4413
41800 37.0853
41900 37.8078
42000 38.5657
42100 39.3194
42200 40.0389
42300 40.7132
42400 41.3501
42500 41.9772
42600 42.6357
42700 43.3421
42800 44.0449
42900 44.6575
43000 45.1145
43100 45.3762
43200 45.419
43300 45.2363
43400 44.8474
43500 44.3026
43600 43.6767
43700 43.0509
43800 42.4976
43900 42.0745
44000 41.8204
44100 41.7602
44200 41.9078
44300 42.2716
44400 42.8627
44500 43.7077
44600 44.8512
44700 46.2992
44800 47.9174
44900 49.4728
45000 50.7939
45100 51.8177
45200 52.5406
45300 52.9772
45400 53.1406
45500 53.0334
45600 52.6423
45700 51.9347
45800 50.8601
45900 49.3663
46000 47.4465
46100 45.2109
46200 42.9268
46300 40.9422
46400 39.4696
46500 38.4384
46600 37.6696
46700 37.0586
46800 36.5795
46900 36.2392
47000 36.0512
47100 36.0229
47200 36.1589
47300 36.4633
47400 36.9521
47500 37.6508
47600 38.5668
47700 39.6519
47800 40.8045
47900 41.9151
48000 42.9048
48100 43.728
48200 44.3618
48300 44.796
48400 45.0263
48500 45.0515
48600 44.8743
48700 44.5067
48800 43.9775
48900 43.3431
49000 42.6837
49100 42.0679
49200 41.5195
49300 41.0283
49400 40.5792
49500 40.1658
49600 39.7932
49700 39.4776
49800 39.2385
49900 39.0964
50000 39.0665
50100 39.164
50200 39.4161
50300 39.8646
50400 40.524
50500 41.3202
50600 42.1267
50700 42.8624
50800 43.5163
50900 44.1211
51000 44.7162
51100 45.3274
51200 45.9569
51300 46.5916
51400 47.2136
51500 47.8047
51600 48.3467
51700 48.8203
51800 49.2026
51900 49.4651
52000 49.5766
52100 49.5099
52200 49.2526
52300 48.816
52400 48.2433
52500 47.6071
52600 46.993
52700 46.4748
52800 46.0923
52900 45.8471
53000 45.7222
53100 45.6946
53200 45.7378
53300 45.8251
53400 45.9292
53500 46.0259
53600 46.0907
53700 46.0815
53800 45.9077
53900 45.4918
54000 44.8629
54100 44.1316
54200 43.3873
54300 42.6497
54400 41.9
54500 41.1157
54600 40.2832
54700 39.3992
54800 38.4723
54900 37.5245
55000 36.5941
55100 35.731
55200 34.9892
55300 34.4067
55400 33.9985
55500 33.8078
55600 33.91
55700 34.4082
55800 35.3221
55900 36.4975
56000 37.7556
56100 39.014
56200 40.1699
56300 41.1377
56400 41.8933
56500 42.4468
56600 42.815
56700 43.0134
56800 43.0559
56900 42.9565
57000 42.7334
57100 42.4143
57200 42.0499
57300 41.7201
57400 41.5059
57500 41.4266
57600 41.5536
57700 42.3787
57800 44.1425
57900 46.2314
58000 48.1559
58100 49.612
58200 50.6432
58300 51.411
58400 52.0048
58500 52.4594
58600 52.7837
58700 52.9743
58800 53.0179
58900 52.8892
59000 52.5524
59100 51.9745
59200 51.159
59300 50.1838
59400 49.1804
59500 48.2449
59600 47.4212
59700 46.7628
59800 46.3212
59900 46.1151
60000 46.1382
60100 46.3689
60200 46.7671
60300 47.2558
60400 47.7325
60500 48.1128
60600 48.3708
60700 48.5157
60800 48.5532
60900 48.4765
61000 48.2686
61100 47.908
61200 47.3708
61300 46.6351
61400 45.6868
61500 44.5302
61600 43.2021
61700 41.7833
61800 40.3948
61900 39.1635
62000 38.1809
62100 37.4893
62200 37.0932
62300 36.9718
62400 37.0825
62500 37.3592
62600 37.7201
62700 38.0986
62800 38.4587
62900 38.7887
63000 39.0873
63100 39.3521
63200 39.5804
63300 39.7708
63400 39.9248
63500 40.0474
63600 40.1477
63700 40.2407
63800 40.3516
63900 40.5216
64000 40.7966
64100 41.2
64200 41.73
64300 42.3927
64400 43.2108
64500 44.21
64600 45.4035
64700 46.7751
64800 48.2743
64900 49.8308
65000 51.384
65100 52.9093
65200 54.4335
65300 56.0417
65400 57.863
65500 60.0012
65600 62.4349
65700 65.0075
65800 67.5247
65900 69.8444
66000 71.9027
66100 73.6965
66200 75.2551
66300 76.62
66400 77.8351
66500 78.9474
66600 80.0183
66700 81.1591
66800 82.606
66900 84.6855
67000 87.3886
67100 90.2549
67200 92.8519
67300 95.0046
67400 96.7312
67500 98.1184
67600 99.2519
67700 100.197
67800 101.001
67900 101.699
68000 102.317
68100 102.882
68200 103.417
68300 103.953
68400 104.525
68500 105.165
68600 105.87
68700 106.582
68800 107.198
68900 107.645
69000 107.911
69100 108.034
69200 108.048
69300 107.973
69400 107.812
69500 107.562
69600 107.216
69700 106.763
69800 106.19
69900 105.482
70000 104.622
70100 103.597
70200 102.405
70300 101.066
70400 99.6252
70500 98.1519
70600 96.7312
70700 95.4414
70800 94.3255
70900 93.3725
71000 92.5301
71100 91.735
71200 90.9311
71300 90.0713
71400 89.1121
71500 88.0068
71600 86.6982
71700 85.1092
71800 83.1301
71900 80.6078
72000 77.3745
72100 73.4233
72200 69.2845
72300 65.9908
72400 63.8258
72500 62.1711
72600 60.6149
72700 59.0177
72800 57.3434
72900 55.6053
73000 53.8561
73100 52.1822
73200 50.6819
73300 49.441
73400 48.5114
73500 47.9107
73600 47.6265
73700 47.6254
73800 47.8626
73900 48.2903
74000 48.8691
74100 49.5712
74200 50.3568
74300 51.1208
74400 51.7145
74500 52.0397
74600 52.0947
74700 51.9326
74800 51.5987
74900 51.1067
75000 50.4476
75100 49.6034
75200 48.5574
75300 47.3063
75400 45.8758
75500 44.3328
75600 42.7713
75700 41.273
75800 39.9031
75900 38.7188
76000 37.7116
76100 36.8774
76200 36.2787
76300 35.993
76400 36.0507
76500 36.419
76600 37.0366
76700 37.8441
76800 38.7797
76900 39.7651
77000 40.7134
77100 41.5514
77200 42.2355
77300 42.7443
77400 43.0659
77500 43.1892
77600 43.1003
77700 42.7854
77800 42.246
77900 41.5291
78000 40.7441
78100 40.0348
78200 39.525
78300 39.2431
78400 39.1234
78500 39.1019
78600 39.1531
78700 39.2793
78800 39.4907
78900 39.7993
79000 40.2125
79100 40.7321
79200 41.3594
79300 42.0945
79400 42.9351
79500 43.8665
79600 44.8587
79700 45.8764
79800 46.8878
79900 47.8736
80000 48.8204
80100 49.7017
80200 50.4793
80300 51.1105
80400 51.5532
80500 51.7697
80600 51.7339
80700 51.4309
80800 50.8508
80900 49.9878
81000 48.859
81100 47.5467
81200 46.2042
81300 44.9522
81400 43.8337
81500 42.9466
81600 42.3824
81700 42.1297
81800 42.1855
81900 42.5968
82000 43.3486
82100 44.3117
82200 45.3247
82300 46.2704
82400 47.0776
82500 47.7062
82600 48.1373
82700 48.3666
82800 48.3944
82900 48.221
83000 47.8401
83100 47.2303
83200 46.3451
83300 45.106
83400 43.4303
83500 41.3308
83600 39.0225
83700 36.8751
83800 35.2082
83900 34.134
84000 33.5906
84100 33.4635
84200 33.6465
84300 34.0426
84400 34.5724
84500 35.1833
84600 35.8627
84700 36.63
84800 37.5378
84900 38.6826
85000 40.2796
85100 42.6714
85200 45.7553
85300 48.7711
85400 51.1787
85500 52.9828
85600 54.371
85700 55.4833
85800 56.3995
85900 57.1684
86000 57.824
86100 58.3932
86200 58.8986
86300 59.3584
86400 59.7822
86500 60.1598
86600 60.4529
86700 60.6001
86800 60.542
86900 60.2526
87000 59.7539
87100 59.0984
87200 58.3377
87300 57.5052
87400 56.6153
87500 55.6689
87600 54.6594
87700 53.5779
87800 52.4179
87900 51.1813
88000 49.8889
88100 48.6002
88200 47.4307
88300 46.4707
88400 45.669
88500 44.9109
88600 44.1193
88700 43.2615
88800 42.3344
88900 41.3565
89000 40.3563
89100 39.3561
89200 38.3595
89300 37.3628
89400 36.4258
89500 35.6713
89600 35.0721
89700 34.6821
89800 34.665
89900 35.1419
90000 36.1943
90100 37.4464
90200 38.5707
90300 39.5693
90400 40.5202
90500 41.4445
90600 42.3111
90700 43.0761
90800 43.7088
90900 44.1962
91000 44.5382
91100 44.746
91200 44.844
91300 44.8786
91400 44.9305
91500 45.1047
91600 45.4848
91700 46.206
91800 47.4661
91900 48.8604
92000 49.9459
92100 50.7667
92200 51.4411
92300 51.9895
92400 52.3787
92500 52.5715
92600 52.5483
92700 52.3083
92800 51.8694
92900 51.2672
93000 50.5351
93100 49.6633
93200 48.6167
93300 47.5202
93400 46.6958
93500 46.1327
93600 45.5885
93700 45.0551
93800 44.5302
93900 43.982
94000 43.3894
94100 42.755
94200 42.101
94300 41.4556
94400 40.8383
94500 40.259
94600 39.7244
94700 39.2474
94800 38.8525
94900 38.5707
95000 38.4159
95100 38.3553
95200 38.2985
95300 38.1732
95400 38.0037
95500 37.7986
95600 37.5649
95700 37.3716
95800 37.2747
95900 37.2851
96000 37.3878
96100 37.5621
96200 37.7962
96300 38.0822
96400 38.418
96500 38.8069
96600 39.2606
96700 39.8049
96800 40.4815
96900 41.307
97000 42.2183
97100 43.0945
97200 43.8325
97300 44.3715
97400 44.6849
97500 44.7762
97600 44.676
97700 44.4375
97800 44.1241
97900 43.7906
98000 43.472
98100 43.188
98200 42.9526
98300 42.788
98400 42.7345
98500 42.8466
98600 43.1909
98700 43.8652
98800 44.9699
98900 46.4918
99000 48.2302
99100 49.9239
99200 51.3927
99300 52.5636
99400 53.435
99500 54.0328
99600 54.379
99700 54.4805
99800 54.3282
99900 53.9028
100000 53.1823
100100 52.155
100200 50.8407
100300 49.3166
100400 47.7332
100500 46.2767
100600 45.0668
100700 44.1251
100800 43.4366
100900 42.9848
101000 42.7521
101100 42.696
101200 42.7294
101300 42.7793
101400 42.834
101500 42.8976
101600 42.9654
101700 43.0325
101800 43.0908
101900 43.1352
102000 43.1609
102100 43.1598
102200 43.1193
102300 43.0208
102400 42.8396
102500 42.5347
102600 42.0539
102700 41.3657
102800 40.518
102900 39.6709
103000 39.0128
103100 38.6552
103200 38.654
103300 39.014
103400 39.7112
103500 40.726
103600 42.0695
103700 43.7505
103800 45.6285
103900 47.4335
104000 48.9308
104100 50.0297
104200 50.7594
104300 51.1869
104400 51.3669
104500 51.329
104600 51.0777
104700 50.5912
104800 49.8124
104900 48.6389
105000 46.9434
105100 44.6873
105200 42.1015
105300 39.6919
105400 37.85
105500 36.5379
105600 35.7483
105700 35.5311
105800 35.6823
105900 36.0897
106000 36.8347
106100 37.9702
106200 39.4384
106300 41.1023
106400 42.8048
106500 44.4095
106600 45.8225
106700 46.9982
106800 47.9265
106900 48.6178
107000 49.0889
107100 49.347
107200 49.369
107300 49.0861
107400 48.4182
107500 47.3815
107600 46.1783
107700 45.1198
107800 44.3967
107900 43.986
108000 43.807
108100 43.8303
108200 44.0697
108300 44.5353
108400 45.2072
108500 46.0618
108600 47.1168
108700 48.4184
108800 49.9407
108900 51.5296
109000 52.9987
109100 54.2207
109200 55.1375
109300 55.7358
109400 56.0212
109500 56.001
109600 55.6793
109700 55.0605
109800 54.1587
109900 53.0059
110000 51.6536
110100 50.1664
110200 48.6119
110300 47.0544
110400 45.551
110500 44.1548
110600 42.919
110700 41.8978
110800 41.1316
110900 40.6201
111000 40.3184
111100 40.1652
111200 40.1143
111300 40.1425
111400 40.2471
111500 40.4463
111600 40.7716
111700 41.2384
111800 41.8071
111900 42.396
112000 42.9193
112100 43.3254
112200 43.6085
112300 43.7793
112400 43.84
112500 43.7814
112600 43.5821
112700 43.2154
112800 42.6552
112900 41.8829
113000 40.8993
113100 39.7455
113200 38.5263
113300 37.3898
113400 36.4066
113500 35.5464
113600 34.9795
113700 34.94
113800 35.2661
113900 35.8228
114000 36.7426
114100 38.068
114200 39.6134
114300 41.1246
114400 42.457
114500 43.5832
114600 44.5166
114700 45.2692
114800 45.848
114900 46.2565
115000 46.4964
115100 46.5656
115200 46.4561
115300 46.1533
115400 45.6365
115500 44.8875
115600 43.9223
115700 42.838
115800 41.7811
115900 40.9532
116000 40.7592
116100 41.4091
116200 42.8669
116300 45.1
116400 47.8538
116500 50.6295
116600 52.8399
116700 54.289
116800 55.1502
116900 55.6038
117000 55.7365
117100 55.5754
117200 55.1133
117300 54.3173
117400 53.136
117500 51.5241
117600 49.5074
117700 47.2615
117800 45.0488
117900 43.1275
118000 42.1092
118100 42.2877
118200 43.0104
118300 43.8826
118400 44.7248
118500 45.4228
118600 45.9547
118700 46.3258
118800 46.5376
118900 46.5839
119000 46.4514
119100 46.1186
119200 45.5517
119300 44.703
119400 43.5239
119500 42.0122
119600 40.2894
119700 38.6202
119800 37.252
119900 36.2714
120000 35.8253
120100 36.0627
120200 36.7507
120300 37.5235
120400 38.2092
120500 38.8006
120600 39.348
120700 39.8861
120800 40.4194
120900 40.9349
121000 41.417
121100 41.8562
121200 42.2532
121300 42.6186
121400 42.9715
121500 43.3385
121600 43.7489
121700 44.2279
121800 44.7878
121900 45.4226
122000 46.1114
122100 46.8279
122200 47.5525
122300 48.2774
122400 49.0025
122500 49.7307
122600 50.4592
122700 51.1617
122800 51.7785
122900 52.2325
123000 52.4654
123100 52.4652
123200 52.2784
123300 51.9938
123400 51.6842
123500 51.3752
123600 51.0626
123700 50.7319
123800 50.3665
123900 49.9457
124000 49.4372
124100 48.7929
124200 47.972
124300 46.9859
124400 45.9054
124500 44.7996
124600 43.7578
124700 42.9049
124800 42.3204
124900 42.0107
125000 41.9271
125100 41.997
125200 42.1501
125300 42.3203
125400 42.4486
125500 42.4843
125600 42.3922
125700 42.1517
125800 41.7556
125900 41.212
126000 40.5388
126100 39.7219
126200 38.6343
126300 37.4314
126400 37.305
126500 37.8216
126600 38.5573
126700 39.3591
126800 40.1096
126900 40.8065
127000 41.4797
127100 42.1603
127200 42.8721
127300 43.6289
127400 44.4325
127500 45.2733
127600 46.1259
127700 46.9521
127800 47.7085
127900 48.3469
128000 48.8157
128100 49.0734
128200 49.1182
128300 49.0058
128400 48.8194
128500 48.6136
128600 48.4004
128700 48.1693
128800 47.9016
128900 47.5745
129000 47.1671
129100 46.6779
129200 46.1312
129300 45.5643
129400 44.9955
129500 44.41
129600 43.7889
129700 43.1294
129800 42.4395
129900 41.7386
130000 41.0651
130100 40.4577
130200 39.9511
130300 39.5903
130400 39.3534
130500 39.1659
130600 38.9855
130700 38.7955
130800 38.5882
130900 38.3584
131000 38.1015
131100 37.8139
131200 37.4965
131300 37.1579
131400 36.8222
131500 36.529
131600 36.318
131700 36.2187
131800 36.2524
131900 36.4325
132000 36.7552
132100 37.1882
132200 37.6788
132300 38.1768
132400 38.6483
132500 39.076
132600 39.4508
132700 39.7634
132800 40.0011
132900 40.1503
133000 40.1982
133100 40.1385
133200 39.9772
133300 39.7289
133400 39.4112
133500 39.0414
133600 38.6356
133700 38.2123
133800 37.7951
133900 37.412
134000 37.0911
134100 36.86
134200 36.7414
134300 36.7785
134400 37.0633
134500 37.7156
134600 38.7753
134700 40.1391
134800 41.6042
134900 42.9713
135000 44.1167
135100 45.0038
135200 45.6422
135300 46.0543
135400 46.2573
135500 46.2613
135600 46.0724
135700 45.6988
135800 45.1598
135900 44.4965
136000 43.7636
136100 42.9815
136200 42.0764
136300 41.1035
136400 40.8909
136500 41.6456
136600 42.8438
136700 44.2108
136800 45.4621
136900 46.4884
137000 47.289
137100 47.8831
137200 48.2852
137300 48.4993
137400 48.522
137500 48.3398
137600 47.9236
137700 47.2184
137800 46.1336
137900 44.5645
138000 42.4903
138100 40.0934
138200 37.7138
138300 35.6328
138400 33.943
138500 32.6118
138600 31.5947
138700 30.8767
138800 30.4902
138900 30.4325
139000 30.6543
139100 31.0621
139200 31.5332
139300 31.9992
139400 32.4174
139500 32.7632
139600 33.0244
139700 33.1962
139800 33.2738
139900 33.2445
140000 33.0859
140100 32.7894
140200 32.3937
140300 31.976
140400 31.6003
140500 31.2835
140600 31.0114
140700 30.7724
140800 30.585
140900 30.4693
141000 30.43
141100 30.4557
141200 30.5107
141300 30.5631
141400 30.5941
141500 30.5998
141600 30.6004
141700 30.6277
141800 30.7219
141900 30.9182
142000 31.2301
142100 31.6393
142200 32.0945
142300 32.5229
142400 32.8682
142500 33.127
142600 33.3073
142700 33.4167
142800 33.4597
142900 33.4382
143000 33.3523
143100 33.2024
143200 32.9904
143300 32.7232
143400 32.4228
143500 32.147
143600 32.0298
143700 32.2449
143800 33.03
143900 34.3544
144000 35.9453
144100 37.5234
144200 38.817
144300 39.7448
144400 40.3836
144500 40.8183
144600 41.0989
144700 41.2508
144800 41.2871
144900 41.2137
145000 41.0332
145100 40.7475
145200 40.3661
145300 39.9228
145400 39.4883
145500 39.1588
145600 39.0186
145700 39.0941
145800 39.3443
145900 39.7101
146000 40.1508
146100 40.642
146200 41.1543
146300 41.6419
146400 42.0556
146500 42.3558
146600 42.5228
146700 42.5518
146800 42.4477
146900 42.2213
147000 41.8865
147100 41.4581
147200 40.9399
147300 40.3215
147400 39.6017
147500 38.8439
147600 38.1812
147700 37.7122
147800 37.4473
147900 37.345
148000 37.3549
148100 37.4284
148200 37.5138
148300 37.5659
148400 37.5535
148500 37.4602
148600 37.2788
148700 37.0048
148800 36.6296
148900 36.1314
149000 35.4629
149100 34.5593
149200 33.4084
149300 32.1113
149400 30.8091
149500 29.5934
149600 28.4992
149700 27.5293
149800 26.67
149900 25.9003
150000 25.1963
150100 24.5357
150200 23.8991
150300 23.2694
150400 22.6303
150500 21.9646
150600 21.2521
150700 20.4679
150800 19.591
150900 18.6201
151000 17.5843
151100 16.549
151200 15.5617
151300 14.7012
151400 14.0426
151500 13.5951
151600 13.3045
151700 13.1079
151800 12.9657
151900 12.8566
152000 12.7691
152100 12.6952
152200 12.6269
152300 12.556
152400 12.4741
152500 12.3688
152600 12.222
152700 12.0156
152800 11.7426
152900 11.4117
153000 11.0442
153100 10.6706
153200 10.3282
153300 10.0536
153400 9.8503
153500 9.68546
153600 9.5297
153700 9.3674
153800 9.18863
153900 8.98586
154000 8.75377
154100 8.48776
154200 8.18581
154300 7.85337
154400 7.50463
154500 7.16012
154600 6.84193
154700 6.56763
154800 6.34317
154900 6.16287
155000 6.01663
155100 5.89736
155200 5.80222
155300 5.7303
155400 5.68045
155500 5.64956
155600 5.63433
155700 5.62827
155800 5.62082
155900 5.59981
156000 5.55313
156100 5.46894
156200 5.3365
156300 5.15053
156400 4.91479
156500 4.64364
156600 4.36245
156700 4.10138
156800 3.87758
156900 3.68892
157000 3.52536
157100 3.37754
157200 3.23868
157300 3.10409
157400 2.97075
157500 2.83748
157600 2.70556
157700 2.57943
157800 2.46738
157900 2.38136
158000 2.33298
158100 2.32971
158200 2.37767
158300 2.48299
158400 2.64629
158500 2.84773
158600 3.05011
158700 3.22477
158800 3.36431
158900 3.47452
159000 3.56438
159100 3.64202
159200 3.71374
159300 3.78403
159400 3.85645
159500 3.93516
159600 4.02555
159700 4.13393
159800 4.26624
159900 4.42478
160000 4.60031
160100 4.76636
160200 4.86563
160300 4.86065
160400 4.76465
160500 4.62079
160600 4.44831
160700 4.26215
160800 4.0721
160900 3.88268
161000 3.69541
161100 3.51095
161200 3.32932
161300 3.15082
161400 2.97657
161500 2.80874
161600 2.64966
161700 2.50028
161800 2.36211
161900 2.24033
162000 2.14515
162100 2.08527
162200 2.0582
162300 2.05074
162400 2.05085
162500 2.0524
162600 2.05287
162700 2.05157
162800 2.04888
162900 2.0456
163000 2.04252
163100 2.03993
163200 2.03797
163300 2.03711
163400 2.03693
163500 2.03624
163600 2.03102
163700 1.98303
163800 1.8737
163900 1.72476
164000 1.57505
164100 1.43073
164200 1.29838
164300 1.19213
164400 1.1183
164500 1.07908
164600 1.08231
164700 1.12649
164800 1.19458
164900 1.27127
165000 1.3492
165100 1.42557
165200 1.49929
165300 1.56989
165400 1.63696
165500 1.69987
165600 1.75768
165700 1.8097
165800 1.85589
165900 1.89717
166000 1.93577
166100 1.97563
166200 2.02238
166300 2.08388
166400 2.16817
166500 2.28
166600 2.42253
166700 2.59232
166800 2.77758
166900 2.93955
167000 3.05192
167100 3.11603
167200 3.16225
167300 3.19921
167400 3.22661
167500 3.24555
167600 3.25762
167700 3.2637
167800 3.26414
167900 3.25877
168000 3.2469
168100 3.22716
168200 3.19672
168300 3.15141
168400 3.09081
168500 3.02516
168600 2.97066
168700 2.93773
168800 2.91927
168900 2.88821
169000 2.83882
169100 2.77468
169200 2.6924
169300 2.60948
169400 2.53229
169500 2.4622
169600 2.39732
169700 2.33489
169800 2.2728
169900 2.20965
170000 2.1444
170100 2.07634
170200 2.00486
170300 1.93115
170400 1.85826
170500 1.79142
170600 1.73702
170700 1.70259
170800 1.69521
170900 1.72098
171000 1.7855
171100 1.89514
171200 2.05829
171300 2.28466
171400 2.57701
171500 2.92036
171600 3.28362
171700 3.63139
171800 3.93425
171900 4.17446
172000 4.34702
172100 4.45746
172200 4.51599
172300 4.53191
172400 4.51146
172500 4.45779
172600 4.37216
172700 4.25453
172800 4.1044
172900 3.92301
173000 3.71396
173100 3.48552
173200 3.2511
173300 3.02637
173400 2.82419
173500 2.65218
173600 2.51325
173700 2.40729
173800 2.33147
173900 2.28206
174000 2.255
174100 2.24494
174200 2.24623
174300 2.25399
174400 2.2646
174500 2.27584
174600 2.2864
174700 2.29526
174800 2.30128
174900 2.30302
175000 2.2983
175100 2.28383
175200 2.25553
175300 2.20834
175400 2.1358
175500 2.01911
175600 1.85283
175700 1.65119
175800 1.44257
175900 1.26
176000 1.12279
176100 1.04114
176200 1.01819
176300 1.05017
176400 1.1218
176500 1.21359
176600 1.31592
176700 1.4247
176800 1.53934
176900 1.66102
177000 1.79137
177100 1.93292
177200 2.09004
177300 2.26896
177400 2.46546
177500 2.63197
177600 2.72496
177700 2.73147
177800 2.69894
177900 2.64808
178000 2.52956
178100 2.33131
178200 2.13007
178300 1.99715
178400 1.92486
178500 1.88401
178600 1.86417
178700 1.86428
178800 1.8857
178900 1.93212
179000 2.01066
179100 2.13361
179200 2.31899
179300 2.58521
179400 2.93585
179500 3.32168
179600 3.61201
179700 3.7171
179800 3.64915
179900 3.48111
180000 3.29124
180100 3.12068
180200 2.99308
180300 2.91249
180400 2.86805
180500 2.84502
180600 2.83256
180700 2.82482
180800 2.81903
180900 2.81417
181000 2.81059
181100 2.81007
181200 2.81623
181300 2.83543
181400 2.87594
181500 2.94783
181600 3.06243
181700 3.2214
181800 3.37887
181900 3.37102
182000 3.05781
182100 2.58773
182200 2.16908
182300 1.85623
182400 1.61585
182500 1.42498
182600 1.27022
182700 1.14226
182800 1.03394
182900 0.939428
183000 0.853744
183100 0.772348
183200 0.691021
183300 0.607017
183400 0.521601
183500 0.44115
183600 0.37322
183700 0.322048
183800 0.288514
183900 0.273133
184000 0.278354
184100 0.308805
184200 0.369725
184300 0.463754
184400 0.588226
184500 0.73627
184600 0.9002
184700 1.07369
184800 1.25335
184900 1.43935
185000 1.63357
185100 1.83537
185200 2.0352
185300 2.20744
185400 2.31798
185500 2.3596
185600 2.36775
185700 2.3806
185800 2.41106
185900 2.45528
186000 2.48787
186100 2.48985
186200 2.45251
186300 2.38191
186400 2.29836
186500 2.20259
186600 2.09763
186700 1.99068
186800 1.89426
186900 1.82817
187000 1.81155
187100 1.83639
187200 1.87272
187300 1.88887
187400 1.87196
187500 1.82999
187600 1.7804
187700 1.74124
187800 1.71758
187900 1.71603
188000 1.74492
188100 1.81538
188200 1.94101
188300 2.13434
188400 2.39841
188500 2.71094
188600 3.0167
188700 3.26061
188800 3.42853
188900 3.52403
189000 3.55631
189100 3.53972
189200 3.49219
189300 3.42868
189400 3.36231
189500 3.29433
189600 3.22378
189700 3.14789
189800 3.0606
189900 2.95405
190000 2.81563
190100 2.62207
190200 2.35164
190300 2.02407
190400 1.70248
190500 1.43509
190600 1.22709
190700 1.06664
190800 0.943109
190900 0.848899
191000 0.781083
191100 0.740161
191200 0.726188
191300 0.737587
191400 0.772655
191500 0.829088
191600 0.902716
191700 0.986115
191800 1.07037
191900 1.14904
192000 1.2205
192100 1.28627
192200 1.34853
192300 1.40877
192400 1.46793
192500 1.5272
192600 1.58873
192700 1.65535
192800 1.73211
192900 1.82824
193000 1.95701
193100 2.13319
193200 2.37361
193300 2.64209
193400 2.75914
193500 2.60114
193600 2.28707
193700 1.98581
193800 1.75837
193900 1.58914
194000 1.46244
194100 1.36645
194200 1.29273
194300 1.23523
194400 1.18962
194500 1.15301
194600 1.12334
194700 1.09922
194800 1.08031
194900 1.06784
195000 1.0643
195100 1.07298
195200 1.09796
195300 1.14535
195400 1.22259
195500 1.33659
195600 1.49182
195700 1.68812
195800 1.9182
195900 2.1695
196000 2.42806
196100 2.68049
196200 2.91589
196300 3.12808
196400 3.3148
196500 3.47584
196600 3.61296
196700 3.72959
196800 3.82727
196900 3.90455
197000 3.9586
197100 3.98663
197200 3.98528
197300 3.94905
197400 3.87078
197500 3.74438
197600 3.5756
197700 3.37418
197800 3.11053
197900 2.74003
198000 2.29921
198100 1.88436
198200 1.5546
198300 1.31199
198400 1.13832
198500 1.01176
198600 0.915585
198700 0.839423
198800 0.777633
198900 0.727612
199000 0.688802
199100 0.662192
199200 0.650101
199300 0.655532
199400 0.681693
199500 0.732088
199600 0.810611
199700 0.920842
199800 1.0645
199900 1.23935
200000 1.43769
