# Time-averaged data for fix msdoutZ
# TimeStep c_msdO[4]
100 18.6365
200 18.5204
300 18.3062
400 17.9635
500 17.446
600 16.7159
700 15.7998
800 14.8023
900 13.8513
1000 13.0758
1100 12.5953
1200 12.4567
1300 12.5971
1400 12.91
1500 13.2843
1600 13.6416
1700 13.9454
1800 14.1815
1900 14.3491
2000 14.4523
2100 14.4951
2200 14.4799
2300 14.4066
2400 14.2695
2500 14.0494
2600 13.7019
2700 13.1693
2800 12.4417
2900 11.6075
3000 10.8161
3100 10.1941
3200 9.81154
3300 9.6597
3400 9.68326
3500 9.80986
3600 9.99086
3700 10.203
3800 10.432
3900 10.6699
4000 10.9131
4100 11.1619
4200 11.422
4300 11.7094
4400 12.0594
4500 12.532
4600 13.177
4700 13.9522
4800 14.7102
4900 15.3256
5000 15.7899
5100 16.1561
5200 16.4694
5300 16.7582
5400 17.0431
5500 17.3408
5600 17.6697
5700 18.0484
5800 18.4965
5900 19.0317
6000 19.6637
6100 20.3928
6200 21.2223
6300 22.1696
6400 23.2557
6500 24.4825
6600 25.8096
6700 27.1217
6800 28.2444
6900 29.0646
7000 29.6013
7100 29.9311
7200 30.1129
7300 30.176
7400 30.1322
7500 29.9841
7600 29.7307
7700 29.3723
7800 28.9205
7900 28.4096
8000 27.9055
8100 27.4932
8200 27.2634
8300 27.2774
8400 27.5286
8500 27.9826
8600 28.5306
8700 29.1124
8800 29.7057
8900 30.2951
9000 30.8641
9100 31.3991
9200 31.8901
9300 32.331
9400 32.7197
9500 33.0591
9600 33.357
9700 33.629
9800 33.9015
9900 34.2062
10000 34.5551
10100 34.9278
10200 35.3476
10300 35.8356
10400 36.4165
10500 37.0858
10600 37.7937
10700 38.5355
10800 39.3082
10900 40.1098
11000 40.9431
11100 41.8148
11200 42.7359
11300 43.7157
11400 44.751
11500 45.8094
11600 46.8199
11700 47.6847
11800 48.3107
11900 48.6534
12000 48.7484
12100 48.6752
12200 48.4881
12300 48.2122
12400 47.8663
12500 47.4727
12600 47.0556
12700 46.6484
12800 46.294
12900 46.0443
13000 45.9469
13100 46.0396
13200 46.3323
13300 46.7737
13400 47.2646
13500 47.6951
13600 47.9923
13700 48.1322
13800 48.1248
13900 47.9955
14000 47.7738
14100 47.483
14200 47.1413
14300 46.7634
14400 46.3613
14500 45.9479
14600 45.5424
14700 45.1784
14800 44.8943
14900 44.7251
15000 44.6918
15100 44.7973
15200 45.0278
15300 45.3468
15400 45.6925
15500 45.9921
15600 46.1815
15700 46.2164
15800 46.0703
15900 45.7286
16000 45.1825
16100 44.4233
16200 43.4357
16300 42.1932
16400 40.6736
16500 38.9251
16600 37.1286
16700 35.5423
16800 34.3412
16900 33.5377
17000 33.0598
17100 32.843
17200 32.8469
17300 33.0433
17400 33.4072
17500 33.9151
17600 34.5492
17700 35.303
17800 36.186
17900 37.2195
18000 38.4184
18100 39.7554
18200 41.1404
18300 42.4469
18400 43.5653
18500 44.4363
18600 45.0464
18700 45.4059
18800 45.53
18900 45.4313
19000 45.1221
19100 44.6206
19200 43.9601
19300 43.1949
19400 42.4026
19500 41.6807
19600 41.1333
19700 40.8527
19800 40.9034
19900 41.3161
20000 42.094
20100 43.2329
20200 44.7567
20300 46.7337
20400 49.151
20500 51.7382
20600 54.0567
20700 55.8044
20800 56.9558
20900 57.6408
21000 57.9852
21100 58.0587
21200 57.885
21300 57.4577
21400 56.7499
21500 55.7228
21600 54.3416
21700 52.6073
21800 50.5959
21900 48.4752
22000 46.4653
22100 44.7542
22200 43.4436
22300 42.5594
22400 42.1067
22500 42.0861
22600 42.4736
22700 43.2125
22800 44.2116
22900 45.3416
23000 46.4547
23100 47.4216
23200 48.1624
23300 48.6424
23400 48.8552
23500 48.8054
23600 48.4979
23700 47.9326
23800 47.103
23900 46.0019
24000 44.6407
24100 43.0852
24200 41.4899
24300 40.0775
24400 39.0343
24500 38.4294
24600 38.2401
24700 38.446
24800 38.9918
24900 39.8495
25000 41.0006
25100 42.4124
25200 44.0344
25300 45.8081
25400 47.6847
25500 49.6266
25600 51.5953
25700 53.5414
25800 55.4045
25900 57.1189
26000 58.6231
26100 59.8685
26200 60.8245
26300 61.481
26400 61.8451
26500 61.9334
26600 61.7636
26700 61.3485
26800 60.6936
26900 59.7988
27000 58.6636
27100 57.2976
27200 55.7353
27300 54.0512
27400 52.3605
27500 50.794
27600 49.456
27700 48.3968
27800 47.6275
27900 47.142
28000 46.9346
28100 47.0015
28200 47.3403
28300 47.9487
28400 48.829
28500 49.9983
28600 51.4672
28700 53.1554
28800 54.829
28900 56.2075
29000 57.1287
29100 57.5924
29200 57.6877
29300 57.4947
29400 57.0393
29500 56.3067
29600 55.2744
29700 53.9303
29800 52.2845
29900 50.3938
30000 48.3902
30100 46.4607
30200 44.7556
30300 43.3279
30400 42.1945
30500 41.392
30600 40.9873
30700 41.0181
30800 41.4585
30900 42.2843
31000 43.5402
31100 45.2929
31200 47.4937
31300 49.9021
31400 52.1654
31500 53.9764
31600 55.2065
31700 55.9015
31800 56.1717
31900 56.1028
32000 55.7369
32100 55.0824
32200 54.1282
32300 52.8561
32400 51.2583
32500 49.3666
32600 47.2982
32700 45.2779
32800 43.5571
32900 42.3064
33000 41.6446
33100 41.6431
33200 42.2559
33300 43.3696
33400 44.8701
33500 46.5799
33600 48.214
33700 49.5395
33800 50.4857
33900 51.0847
34000 51.3875
34100 51.4287
34200 51.222
34300 50.7612
34400 50.0178
34500 48.9345
34600 47.429
34700 45.4617
34800 43.2094
34900 41.0949
35000 39.7602
35100 40.3923
35200 42.2225
35300 44.1822
35400 45.7538
35500 46.8227
35600 47.5695
35700 48.1063
35800 48.4675
35900 48.6588
36000 48.6732
36100 48.4924
36200 48.0851
36300 47.4127
36400 46.4595
36500 45.2911
36600 44.0971
36700 43.1269
36800 42.5518
36900 42.4666
37000 42.9586
37100 44.0401
37200 45.6461
37300 47.7287
37400 50.1698
37500 52.6869
37600 54.9303
37700 56.6691
37800 57.8651
37900 58.5935
38000 58.9413
38100 58.9641
38200 58.6817
38300 58.0786
38400 57.1007
38500 55.6508
38600 53.6173
38700 51.001
38800 48.0932
38900 45.401
39000 43.3204
39100 42.0814
39200 41.7121
39300 42.0002
39400 42.7138
39500 43.7447
39600 45.0258
39700 46.4251
39800 47.7754
39900 48.9573
40000 49.913
40100 50.6205
40200 51.0715
40300 51.2606
40400 51.1778
40500 50.8064
40600 50.1261
40700 49.1288
40800 47.8515
40900 46.4177
41000 45.0425
41100 43.9459
41200 43.2569
41300 42.9958
41400 43.112
41500 43.5039
41600 44.0815
41700 44.7959
41800 45.6136
41900 46.494
42000 47.3905
42100 48.258
42200 49.0609
42300 49.7834
42400 50.4266
42500 51.0065
42600 51.5406
42700 52.014
42800 52.3608
42900 52.5091
43000 52.4172
43100 52.0676
43200 51.4619
43300 50.6254
43400 49.6142
43500 48.5128
43600 47.4179
43700 46.4166
43800 45.5748
43900 44.9393
44000 44.5383
44100 44.3884
44200 44.4982
44300 44.8737
44400 45.5279
44500 46.4953
44600 47.8367
44700 49.5742
44800 51.5654
44900 53.5385
45000 55.2819
45100 56.7105
45200 57.8131
45300 58.6047
45400 59.1021
45500 59.3136
45600 59.2329
45700 58.8351
45800 58.0764
45900 56.9079
46000 55.3171
46100 53.3947
46200 51.3776
46300 49.5883
46400 48.2405
46500 47.2894
46600 46.5833
46700 46.0336
46800 45.6224
46900 45.3601
47000 45.2619
47100 45.3362
47200 45.5891
47300 46.0259
47400 46.6636
47500 47.5284
47600 48.6244
47700 49.8898
47800 51.1998
47900 52.4229
48000 53.4664
48100 54.2783
48200 54.8342
48300 55.124
48400 55.1442
48500 54.8949
48600 54.3822
48700 53.6256
48800 52.671
48900 51.6047
49000 50.5445
49100 49.5841
49200 48.7463
49300 48.0047
49400 47.3278
49500 46.6986
49600 46.1168
49700 45.5959
49800 45.1535
49900 44.806
50000 44.56
50100 44.415
50200 44.3751
50300 44.4603
50400 44.688
50500 45.0365
50600 45.4539
50700 45.8978
50800 46.3502
50900 46.8184
51000 47.3194
51100 47.8662
51200 48.4543
51300 49.0664
51400 49.6808
51500 50.2762
51600 50.831
51700 51.3228
51800 51.7239
51900 51.9995
52000 52.1074
52100 52.0077
52200 51.6811
52300 51.1496
52400 50.484
52500 49.785
52600 49.1515
52700 48.6553
52800 48.3273
52900 48.1598
53000 48.1304
53100 48.2135
53200 48.3811
53300 48.6062
53400 48.8629
53500 49.1327
53600 49.4168
53700 49.7492
53800 50.1347
53900 50.4848
54000 50.6921
54100 50.7024
54200 50.5237
54300 50.1852
54400 49.7061
54500 49.0942
54600 48.3546
54700 47.4955
54800 46.5332
54900 45.4978
55000 44.4371
55100 43.4151
55200 42.5016
55300 41.7452
55400 41.1589
55500 40.7812
55600 40.6835
55700 40.9897
55800 41.7526
55900 42.8141
56000 43.9738
56100 45.138
56200 46.1855
56300 47.0206
56400 47.6182
56500 47.9901
56600 48.1546
56700 48.1287
56800 47.9283
56900 47.5702
57000 47.0767
57100 46.4817
57200 45.8438
57300 45.2513
57400 44.7856
57500 44.4496
57600 44.2915
57700 44.828
57800 46.338
57900 48.2203
58000 50.0145
58100 51.4023
58200 52.3976
58300 53.1438
58400 53.7223
58500 54.1644
58600 54.4754
58700 54.649
58800 54.6681
58900 54.5022
59000 54.1085
59100 53.4471
59200 52.5221
59300 51.4295
59400 50.3344
59500 49.3546
59600 48.5324
59700 47.9098
59800 47.5257
59900 47.3909
60000 47.4964
60100 47.8226
60200 48.3299
60300 48.9376
60400 49.5333
60500 50.0227
60600 50.3775
60700 50.6126
60800 50.7405
60900 50.7597
61000 50.6582
61100 50.4184
61200 50.0212
61300 49.4506
61400 48.6991
61500 47.7783
61600 46.73
61700 45.6342
61800 44.6034
61900 43.748
62000 43.1399
62100 42.8051
62200 42.7382
62300 42.9144
62400 43.2873
62500 43.7839
62600 44.3153
62700 44.8145
62800 45.2521
62900 45.6229
63000 45.9284
63100 46.165
63200 46.3254
63300 46.4011
63400 46.3815
63500 46.2509
63600 45.9855
63700 45.5687
63800 45.0431
63900 44.5426
64000 44.2162
64100 44.1344
64200 44.2965
64300 44.6941
64400 45.3325
64500 46.2215
64600 47.3605
64700 48.7227
64800 50.2471
64900 51.8525
65000 53.4688
65100 55.0639
65200 56.6619
65300 58.3494
65400 60.2598
65500 62.5005
65600 65.0481
65700 67.7381
65800 70.3673
65900 72.7874
66000 74.9324
66100 76.7991
66200 78.4185
66300 79.834
66400 81.0916
66500 82.2398
66600 83.3417
66700 84.5116
66800 85.9903
66900 88.1086
67000 90.8539
67100 93.7592
67200 96.3895
67300 98.5706
67400 100.321
67500 101.727
67600 102.876
67700 103.833
67800 104.646
67900 105.35
68000 105.972
68100 106.538
68200 107.071
68300 107.601
68400 108.16
68500 108.777
68600 109.444
68700 110.101
68800 110.657
68900 111.05
69000 111.275
69100 111.367
69200 111.356
69300 111.259
69400 111.076
69500 110.803
69600 110.431
69700 109.948
69800 109.342
69900 108.594
70000 107.686
70100 106.602
70200 105.342
70300 103.925
70400 102.399
70500 100.842
70600 99.3452
70700 97.9908
70800 96.8233
70900 95.8293
71000 94.9529
71100 94.1274
71200 93.2943
71300 92.4044
71400 91.4127
71500 90.2709
71600 88.9201
71700 87.2808
71800 85.2399
71900 82.6405
72000 79.3099
72100 75.2419
72200 70.9827
72300 67.5941
72400 65.3673
72500 63.6657
72600 62.0657
72700 60.4242
72800 58.7045
72900 56.9207
73000 55.1274
73100 53.4144
73200 51.8826
73300 50.62
73400 49.68
73500 49.0826
73600 48.8189
73700 48.8596
73800 49.1664
73900 49.703
74000 50.4508
74100 51.4136
74200 52.5831
74300 53.8534
74400 55.0156
74500 55.8767
74600 56.3644
74700 56.5177
74800 56.4043
74900 56.0642
75000 55.505
75100 54.717
75200 53.6875
75300 52.4161
75400 50.9335
75500 49.3169
75600 47.6749
75700 46.1063
75800 44.695
75900 43.5225
76000 42.5958
76100 41.9111
76200 41.5206
76300 41.4842
76400 41.8159
76500 42.4784
76600 43.4087
76700 44.5364
76800 45.7804
76900 47.0418
77000 48.2159
77100 49.2169
77200 49.9944
77300 50.5238
77400 50.7903
77500 50.7799
77600 50.4759
77700 49.8651
77800 48.9604
77900 47.84
78000 46.6579
78100 45.5961
78200 44.8022
78300 44.3066
78400 44.0252
78500 43.8726
78600 43.8132
78700 43.8493
78800 43.9946
78900 44.2633
79000 44.6616
79100 45.1864
79200 45.8309
79300 46.5803
79400 47.4109
79500 48.286
79600 49.1636
79700 50.0168
79800 50.8397
79900 51.6415
80000 52.4278
80100 53.1809
80200 53.8643
80300 54.4325
80400 54.8364
80500 55.0271
80600 54.9658
80700 54.6248
80800 53.9833
80900 53.026
81000 51.7639
81100 50.2849
81200 48.7662
81300 47.3541
81400 46.1026
81500 45.1273
81600 44.536
81700 44.3084
81800 44.4362
81900 44.979
82000 45.9233
82100 47.1222
82200 48.398
82300 49.6246
82400 50.7234
82500 51.6447
82600 52.3605
82700 52.861
82800 53.1436
82900 53.2097
83000 53.0568
83100 52.6711
83200 52.0178
83300 51.035
83400 49.6586
83500 47.9113
83600 45.9943
83700 44.2385
83800 42.9288
83900 42.1707
84000 41.9175
84100 42.0739
84200 42.5447
84300 43.2327
84400 44.0523
84500 44.9466
84600 45.9086
84700 46.9707
84800 48.2079
84900 49.7523
85000 51.8934
85100 55.088
85200 59.197
85300 63.2067
85400 66.401
85500 68.7895
85600 70.6221
85700 72.0846
85800 73.2826
85900 74.2802
86000 75.1214
86100 75.8397
86200 76.4614
86300 77.0061
86400 77.4796
86500 77.865
86600 78.1194
86700 78.188
86800 78.0289
86900 77.6317
87000 77.0207
87100 76.2389
87200 75.3277
87300 74.3137
87400 73.2084
87500 72.0118
87600 70.7162
87700 69.3114
87800 67.7908
87900 66.1583
88000 64.4426
88100 62.7249
88200 61.1609
88300 59.8739
88400 58.7965
88500 57.7747
88600 56.7047
88700 55.541
88800 54.2777
88900 52.9368
89000 51.5525
89100 50.1498
89200 48.7275
89300 47.2725
89400 45.8472
89500 44.582
89600 43.426
89700 42.4727
89800 41.9691
89900 42.1063
90000 43.0187
90100 44.2339
90200 45.3261
90300 46.2811
90400 47.1805
90500 48.0395
90600 48.8134
90700 49.4454
90800 49.8954
90900 50.1445
91000 50.1871
91100 50.0276
91200 49.6815
91300 49.1822
91400 48.5992
91500 48.0529
91600 47.7041
91700 47.839
91800 48.7671
91900 50.0243
92000 51.0671
92100 51.8925
92200 52.605
92300 53.2165
92400 53.6811
92500 53.9493
92600 53.9922
92700 53.8041
92800 53.4021
92900 52.8261
93000 52.1192
93100 51.2838
93200 50.2995
93300 49.3326
93400 48.7899
93500 48.7055
93600 48.7737
93700 48.8752
93800 48.9028
93900 48.799
94000 48.5707
94100 48.248
94200 47.8698
94300 47.4748
94400 47.0903
94500 46.7314
94600 46.4072
94700 46.1297
94800 45.9178
94900 45.7979
95000 45.7912
95100 45.883
95200 45.9915
95300 46.056
95400 46.1299
95500 46.2027
95600 46.2271
95700 46.2501
95800 46.3313
95900 46.4885
96000 46.7094
96100 46.9744
96200 47.2725
96300 47.5965
96400 47.9436
96500 48.3145
96600 48.7134
96700 49.1502
96800 49.6384
96900 50.1602
97000 50.644
97100 50.9971
97200 51.1571
97300 51.0985
97400 50.8252
97500 50.3653
97600 49.7674
97700 49.0957
97800 48.4183
97900 47.7864
98000 47.2246
98100 46.7397
98200 46.3326
98300 46.0148
98400 45.818
98500 45.7891
98600 45.9886
98700 46.5182
98800 47.5066
98900 48.9822
99000 50.7614
99100 52.5593
99200 54.1547
99300 55.4445
99400 56.4141
99500 57.0856
99600 57.4807
99700 57.6056
99800 57.4493
99900 56.9888
100000 56.1985
100100 55.0652
100200 53.6143
100300 51.9399
100400 50.2214
100500 48.6735
100600 47.4266
100700 46.497
100800 45.8691
100900 45.5388
101000 45.5162
101100 45.7884
101200 46.2646
101300 46.8224
101400 47.3758
101500 47.8666
101600 48.2697
101700 48.5928
101800 48.8483
101900 49.0463
102000 49.1909
102100 49.2785
102200 49.2976
102300 49.2282
102400 49.0403
102500 48.6813
102600 48.0794
102700 47.1825
102800 46.0465
102900 44.9023
103000 44.0178
103100 43.538
103200 43.5342
103300 44.0063
103400 44.9137
103500 46.232
103600 47.9867
103700 50.2
103800 52.6995
103900 55.129
104000 57.167
104100 58.6827
104200 59.7101
104300 60.3377
104400 60.6398
104500 60.6586
104600 60.4042
104700 59.8523
104800 58.9348
104900 57.5274
105000 55.4737
105100 52.7244
105200 49.5605
105300 46.6025
105400 44.3313
105500 42.7036
105600 41.7104
105700 41.4
105800 41.5046
105900 41.8837
106000 42.6323
106100 43.8097
106200 45.3481
106300 47.0924
106400 48.8654
106500 50.5142
106600 51.9351
106700 53.0777
106800 53.9301
106900 54.5007
107000 54.8002
107100 54.8201
107200 54.5087
107300 53.766
107400 52.5152
107500 50.847
107600 49.0786
107700 47.5954
107800 46.5852
107900 45.9844
108000 45.6783
108100 45.6195
108200 45.8125
108300 46.2618
108400 46.9422
108500 47.8272
108600 48.9356
108700 50.3171
108800 51.9447
108900 53.6553
109000 55.2512
109100 56.5967
109200 57.6292
109300 58.3348
109400 58.7201
109500 58.794
109600 58.5626
109700 58.033
109800 57.2213
109900 56.1615
110000 54.9075
110100 53.5278
110200 52.0928
110300 50.6675
110400 49.306
110500 48.0553
110600 46.9633
110700 46.0814
110800 45.4538
110900 45.0861
111000 44.937
111100 44.9446
111200 45.0635
111300 45.2741
111400 45.5833
111500 46.0294
111600 46.6795
111700 47.5836
111800 48.6812
111900 49.7995
112000 50.7766
112100 51.5461
112200 52.1178
112300 52.5209
112400 52.7715
112500 52.8687
112600 52.7922
112700 52.5127
112800 51.9984
112900 51.2232
113000 50.1795
113100 48.902
113200 47.4992
113300 46.1367
113400 44.9053
113500 43.7831
113600 42.9593
113700 42.6869
113800 42.7839
113900 43.0889
114000 43.7157
114100 44.7005
114200 45.8799
114300 47.0437
114400 48.0834
114500 48.9798
114600 49.7349
114700 50.3442
114800 50.8005
114900 51.0959
115000 51.2235
115100 51.1727
115200 50.9274
115300 50.4633
115400 49.7476
115500 48.7473
115600 47.4681
115700 46.0154
115800 44.5709
115900 43.3905
116000 42.9025
116100 43.2968
116200 44.5706
116300 46.7026
116400 49.4029
116500 52.1724
116600 54.4051
116700 55.876
116800 56.7489
116900 57.2037
117000 57.3278
117100 57.1482
117200 56.6568
117300 55.8199
117400 54.585
117500 52.9063
117600 50.8129
117700 48.4912
117800 46.2203
117900 44.2755
118000 43.303
118100 43.623
118200 44.5525
118300 45.6577
118400 46.7266
118500 47.6288
118600 48.3451
118700 48.8879
118800 49.2647
118900 49.4735
119000 49.5052
119100 49.3435
119200 48.9617
119300 48.322
119400 47.387
119500 46.1601
119600 44.7552
119700 43.4163
119800 42.3719
119900 41.6952
120000 41.5418
120100 42.0929
120200 43.0936
120300 44.1196
120400 44.9811
120500 45.692
120600 46.3277
120700 46.934
120800 47.5152
120900 48.0519
121000 48.5207
121100 48.9033
121200 49.1913
121300 49.3824
121400 49.479
121500 49.4908
121600 49.4449
121700 49.3966
121800 49.4137
121900 49.5417
122000 49.7883
122100 50.1346
122200 50.5562
122300 51.0366
122400 51.5665
122500 52.1399
122600 52.7442
122700 53.3405
122800 53.8544
122900 54.1976
123000 54.3104
123100 54.1902
123200 53.901
123300 53.5451
123400 53.1972
123500 52.878
123600 52.5783
123700 52.2822
123800 51.9743
123900 51.6375
124000 51.2439
124100 50.7464
124200 50.1023
124300 49.3226
124400 48.4874
124500 47.6758
124600 46.9793
124700 46.5135
124800 46.3276
124900 46.3983
125000 46.6681
125100 47.0681
125200 47.532
125300 47.9913
125400 48.3799
125500 48.6389
125600 48.7261
125700 48.616
125800 48.2984
125900 47.781
126000 47.085
126100 46.1977
126200 44.9788
126300 43.6076
126400 43.4081
126500 43.8496
126600 44.4497
126700 45.1048
126800 45.7416
126900 46.356
127000 46.9649
127100 47.5888
127200 48.2439
127300 48.9372
127400 49.6633
127500 50.4036
127600 51.1199
127700 51.7591
127800 52.2611
127900 52.5654
128000 52.6239
128100 52.4296
128200 52.045
128300 51.5909
128400 51.1769
128500 50.841
128600 50.5665
128700 50.3241
128800 50.0871
128900 49.8274
129000 49.5166
129100 49.1438
129200 48.7258
129300 48.3004
129400 47.8927
129500 47.4984
129600 47.1135
129700 46.7581
129800 46.4694
129900 46.2951
130000 46.2856
130100 46.4441
130200 46.6863
130300 46.8827
130400 46.9859
130500 47.0235
130600 47.0138
130700 46.9628
130800 46.8729
130900 46.7455
131000 46.581
131100 46.38
131200 46.1482
131300 45.899
131400 45.6606
131500 45.4759
131600 45.3881
131700 45.4305
131800 45.6276
131900 45.9936
132000 46.5227
132100 47.1752
132200 47.8865
132300 48.5948
132400 49.258
132500 49.8533
132600 50.364
132700 50.7711
132800 51.0536
132900 51.1935
133000 51.1775
133100 51.0044
133200 50.6899
133300 50.26
133400 49.741
133500 49.1552
133600 48.5228
133700 47.8665
133800 47.2151
133900 46.6016
134000 46.0572
134100 45.6077
134200 45.2622
134300 45.0319
134400 44.9608
134500 45.1358
134600 45.612
134700 46.344
134800 47.2037
134900 48.0484
135000 48.7701
135100 49.3167
135200 49.6731
135300 49.8398
135400 49.8184
135500 49.6078
135600 49.2078
135700 48.6238
135800 47.8752
135900 47.0069
136000 46.0797
136100 45.1131
136200 44.016
136300 42.8463
136400 42.5562
136500 43.3903
136600 44.767
136700 46.3865
136800 47.9225
136900 49.2358
137000 50.3123
137100 51.1669
137200 51.8136
137300 52.2573
137400 52.4962
137500 52.5198
137600 52.3044
137700 51.8035
137800 50.9363
137900 49.6061
138000 47.7887
138100 45.6467
138200 43.4923
138300 41.5889
138400 40.03
138500 38.798
138600 37.8696
138700 37.2562
138800 37.0261
138900 37.2028
139000 37.7428
139100 38.5342
139200 39.412
139300 40.2756
139400 41.0567
139500 41.7131
139600 42.2243
139700 42.5837
139800 42.7879
139900 42.8239
140000 42.6698
140100 42.325
140200 41.8454
140300 41.3247
140400 40.84
140500 40.4145
140600 40.0335
140700 39.6852
140800 39.4083
140900 39.2415
141000 39.1924
141100 39.2384
141200 39.311
141300 39.3461
141400 39.2974
141500 39.1479
141600 38.9368
141700 38.7322
141800 38.6172
141900 38.6656
142000 38.9094
142100 39.3251
142200 39.8335
142300 40.3189
142400 40.6897
142500 40.9382
142600 41.0701
142700 41.0917
142800 41.0062
142900 40.8134
143000 40.5103
143100 40.0951
143200 39.5695
143300 38.9435
143400 38.2529
143500 37.5917
143600 37.1601
143700 37.1958
143800 38.0072
143900 39.5373
144000 41.422
144100 43.3065
144200 44.8491
144300 45.9468
144400 46.6931
144500 47.1902
144600 47.4973
144700 47.6442
144800 47.6466
144900 47.5121
145000 47.2428
145100 46.8411
145200 46.3214
145300 45.7298
145400 45.1562
145500 44.7175
145600 44.5119
145700 44.5674
145800 44.8335
145900 45.2402
146000 45.7397
146100 46.3024
146200 46.8908
146300 47.4487
146400 47.9161
146500 48.2456
146600 48.4116
146700 48.4073
146800 48.2381
146900 47.9159
147000 47.4561
147100 46.8751
147200 46.1792
147300 45.3604
147400 44.4325
147500 43.5072
147600 42.7821
147700 42.3731
147800 42.2549
147900 42.3508
148000 42.5963
148100 42.9318
148200 43.286
148300 43.5918
148400 43.8026
148500 43.8956
148600 43.8634
148700 43.7069
148800 43.4287
148900 43.0249
149000 42.4767
149100 41.7632
149200 40.9241
149300 40.0881
149400 39.3817
149500 38.8488
149600 38.459
149700 38.153
149800 37.8722
149900 37.5727
150000 37.2237
150100 36.8034
150200 36.2944
150300 35.6809
150400 34.9468
150500 34.0732
150600 33.0358
150700 31.8086
150800 30.3928
150900 28.8483
151000 27.2935
151100 26.0234
151200 25.2128
151300 24.7542
151400 24.6469
151500 24.7968
151600 25.0784
151700 25.416
151800 25.766
151900 26.0973
152000 26.3868
152100 26.616
152200 26.769
152300 26.8316
152400 26.7902
152500 26.6285
152600 26.3303
152700 25.897
152800 25.3708
152900 24.8327
153000 24.3682
153100 24.0349
153200 23.8461
153300 23.7671
153400 23.7369
153500 23.7091
153600 23.6572
153700 23.5626
153800 23.4105
153900 23.1938
154000 22.9144
154100 22.5814
154200 22.2104
154300 21.8237
154400 21.449
154500 21.1105
154600 20.8224
154700 20.5879
154800 20.4003
154900 20.2468
155000 20.1184
155100 20.0132
155200 19.936
155300 19.8961
155400 19.904
155500 19.969
155600 20.1022
155700 20.3097
155800 20.5887
155900 20.9292
156000 21.315
156100 21.7237
156200 22.1261
156300 22.4876
156400 22.7734
156500 22.9506
156600 22.9949
156700 22.902
156800 22.6888
156900 22.3739
157000 21.9651
157100 21.4624
157200 20.8627
157300 20.1637
157400 19.3677
157500 18.4881
157600 17.5576
157700 16.6347
157800 15.8037
157900 15.1557
158000 14.7524
158100 14.6344
158200 14.8427
158300 15.4312
158400 16.456
158500 17.8753
158600 19.4697
158700 20.968
158800 22.1973
158900 23.1169
159000 23.7594
159100 24.1714
159200 24.387
159300 24.423
159400 24.2813
159500 23.9518
159600 23.4152
159700 22.6497
159800 21.658
159900 20.5165
160000 19.3843
160100 18.464
160200 17.9602
160300 17.9095
160400 18.1403
160500 18.4744
160600 18.7759
160700 18.9906
160800 19.0995
160900 19.0952
161000 18.9766
161100 18.7472
161200 18.4143
161300 17.9903
161400 17.4942
161500 16.9537
161600 16.4007
161700 15.8656
161800 15.3874
161900 15.0287
162000 14.8739
162100 14.9788
162200 15.3346
162300 15.8697
162400 16.5079
162500 17.19
162600 17.8849
162700 18.5621
162800 19.1806
162900 19.7025
163000 20.1028
163100 20.3663
163200 20.4803
163300 20.4304
163400 20.202
163500 19.7906
163600 19.2163
163700 18.5216
163800 17.767
163900 17.0205
164000 16.3366
164100 15.7358
164200 15.2405
164300 14.9013
164400 14.7617
164500 14.8417
164600 15.1192
164700 15.5613
164800 16.1181
164900 16.7381
165000 17.3833
165100 18.0184
165200 18.6093
165300 19.1225
165400 19.5335
165500 19.8247
165600 19.9861
165700 20.0123
165800 19.8996
165900 19.6426
166000 19.227
166100 18.6282
166200 17.8303
166300 16.8735
166400 15.8991
166500 15.0999
166600 14.5591
166700 14.2952
166800 14.3319
166900 14.5748
167000 14.942
167100 15.4298
167200 16.0067
167300 16.5938
167400 17.1308
167500 17.5892
167600 17.9594
167700 18.2397
167800 18.4304
167900 18.5315
168000 18.5414
168100 18.4514
168200 18.2363
168300 17.8468
168400 17.2465
168500 16.5117
168600 15.843
168700 15.3877
168800 15.2153
168900 15.4599
169000 16.0439
169100 16.7606
169200 17.5111
169300 18.1776
169400 18.6645
169500 18.9596
169600 19.0913
169700 19.0891
169800 18.9721
169900 18.751
170000 18.434
170100 18.0313
170200 17.5594
170300 17.0454
170400 16.5256
170500 16.0355
170600 15.6093
170700 15.2818
170800 15.0916
170900 15.0778
171000 15.2648
171100 15.6716
171200 16.322
171300 17.2227
171400 18.3185
171500 19.4842
171600 20.5784
171700 21.4917
171800 22.1659
171900 22.5895
172000 22.7859
172100 22.7947
172200 22.6534
172300 22.3871
172400 22.0092
172500 21.5258
172600 20.9396
172700 20.2536
172800 19.4752
172900 18.6195
173000 17.7137
173100 16.804
173200 15.9563
173300 15.2442
173400 14.7254
173500 14.431
173600 14.3768
173700 14.5858
173800 15.0959
173900 15.9345
174000 17.07
174100 18.385
174200 19.7101
174300 20.8917
174400 21.8388
174500 22.5229
174600 22.9524
174700 23.1493
174800 23.136
174900 22.9307
175000 22.5463
175100 21.9887
175200 21.2556
175300 20.3424
175400 19.2609
175500 18.0724
175600 16.8652
175700 15.7374
175800 14.8255
175900 14.2685
176000 14.0795
176100 14.2273
176200 14.6925
176300 15.369
176400 16.0961
176500 16.7551
176600 17.3141
176700 17.7689
176800 18.1221
176900 18.3757
177000 18.5283
177100 18.5772
177200 18.5177
177300 18.343
177400 18.0438
177500 17.6081
177600 17.0351
177700 16.378
177800 15.7619
177900 15.4388
178000 15.5075
178100 15.7887
178200 16.199
178300 16.5814
178400 16.863
178500 17.0904
178600 17.2916
178700 17.4665
178800 17.608
178900 17.7067
179000 17.7504
179100 17.7236
179200 17.6116
179300 17.4112
179400 17.145
179500 16.8688
179600 16.6559
179700 16.5741
179800 16.6663
179900 16.9498
180000 17.4121
180100 18.0016
180200 18.609
180300 19.1132
180400 19.4451
180500 19.5995
180600 19.5983
180700 19.4619
180800 19.202
180900 18.8244
181000 18.3359
181100 17.7497
181200 17.0928
181300 16.4085
181400 15.7487
181500 15.1702
181600 14.7626
181700 14.6631
181800 14.9174
181900 15.2948
182000 15.5314
182100 15.6928
182200 15.9131
182300 16.1964
182400 16.4941
182500 16.7733
182600 17.0149
182700 17.2089
182800 17.351
182900 17.4404
183000 17.4777
183100 17.4634
183200 17.3972
183300 17.2799
183400 17.1211
183500 16.9509
183600 16.8208
183700 16.788
183800 16.8954
183900 17.1621
184000 17.5826
184100 18.1296
184200 18.7542
184300 19.3931
184400 19.984
184500 20.4818
184600 20.8621
184700 21.1155
184800 21.2428
184900 21.248
185000 21.1304
185100 20.881
185200 20.4867
185300 19.9456
185400 19.2949
185500 18.6343
185600 18.0942
185700 17.7495
185800 17.5933
185900 17.5867
186000 17.6986
186100 17.9004
186200 18.167
186300 18.4667
186400 18.7583
186500 19.0003
186600 19.1564
186700 19.1984
186800 19.1032
186900 18.8609
187000 18.5133
187100 18.1696
187200 17.9191
187300 17.7728
187400 17.7017
187500 17.6789
187600 17.6861
187700 17.704
187800 17.7255
187900 17.745
188000 17.7581
188100 17.7592
188200 17.7395
188300 17.6878
188400 17.5946
188500 17.4609
188600 17.3126
188700 17.2125
188800 17.2256
188900 17.3779
189000 17.6486
189100 18.0013
189200 18.4034
189300 18.8227
189400 19.2235
189500 19.5857
189600 19.8978
189700 20.1499
189800 20.3318
189900 20.4342
190000 20.4441
190100 20.3325
190200 20.0616
190300 19.6447
190400 19.1742
190500 18.7401
190600 18.3599
190700 18.0183
190800 17.7162
190900 17.4734
191000 17.3264
191100 17.3207
191200 17.4813
191300 17.7938
191400 18.215
191500 18.6918
191600 19.1631
191700 19.5607
191800 19.8365
191900 19.9781
192000 19.9957
192100 19.901
192200 19.7017
192300 19.4025
192400 19.0081
192500 18.5256
192600 17.9666
192700 17.3498
192800 16.7008
192900 16.0498
193000 15.4447
193100 14.9808
193200 14.7788
193300 14.8484
193400 15.0131
193500 15.153
193600 15.3292
193700 15.606
193800 15.9572
193900 16.3265
194000 16.6783
194100 16.9936
194200 17.2621
194300 17.4778
194400 17.6369
194500 17.7364
194600 17.7733
194700 17.7439
194800 17.6466
194900 17.4922
195000 17.3146
195100 17.1626
195200 17.0801
195300 17.094
195400 17.2111
195500 17.4172
195600 17.6774
195700 17.9457
195800 18.1777
195900 18.342
196000 18.4226
196100 18.4175
196200 18.3389
196300 18.2115
196400 18.0659
196500 17.9299
196600 17.826
196700 17.7683
196800 17.7608
196900 17.7984
197000 17.8697
197100 17.9607
197200 18.0558
197300 18.1381
197400 18.1916
197500 18.2001
197600 18.1545
197700 18.0836
197800 18.0519
197900 18.1049
198000 18.2414
198100 18.4179
198200 18.5765
198300 18.6836
198400 18.728
198500 18.714
198600 18.6501
198700 18.5436
198800 18.4007
198900 18.2286
199000 18.0366
199100 17.8372
199200 17.6471
199300 17.4842
199400 17.3629
199500 17.2904
199600 17.2659
199700 17.2816
199800 17.3241
199900 17.3757
200000 17.4178
