# Fix print output for fix totenergy
-4852.25050628934
-4852.24724978736
-4852.22852836764
-4852.15921324493
-4851.96837608352
-4851.61025968153
-4851.21244142329
-4850.99238364876
-4851.00639373971
-4851.15121478093
-4851.21987206338
-4851.25363039317
-4851.32430923432
-4851.5031143964
-4851.81941962339
-4852.14289511482
-4852.39254700827
-4852.55285819544
-4852.64495484488
-4852.69476675185
-4852.72054924777
-4852.73208613283
-4852.73110177609
-4852.70595672475
-4852.6108716662
-4852.32222881655
-4851.67460069661
-4850.79242786684
-4850.2603184629
-4850.51576138469
-4851.25607267914
-4851.83904302348
-4852.16818350788
-4852.36219161352
-4852.51959004878
-4852.62927903055
-4852.70064885493
-4852.73953964627
-4852.74967084608
-4852.73123132811
-4852.67697478937
-4852.56119738687
-4852.30771342803
-4851.72363689438
-4850.57143554638
-4849.31010252303
-4849.26290005068
-4850.4698531135
-4851.63317148943
-4852.23429010819
-4852.48469260044
-4852.58852663732
-4852.63022266978
-4852.63771439828
-4852.61871355667
-4852.57241787015
-4852.4932931541
-4852.37513434173
-4852.21736889959
-4852.02778261702
-4851.84089403828
-4851.60200563323
-4851.30753454192
-4850.93152127742
-4850.51969611153
-4850.37306202948
-4850.73475235108
-4851.44602362713
-4852.02279652367
-4852.31002763784
-4852.42980536448
-4852.4827187336
-4852.50731367018
-4852.51147105387
-4852.48807854181
-4852.42030519349
-4852.28883914367
-4852.09244187395
-4851.88030648114
-4851.75260392852
-4851.83943906559
-4852.05735999333
-4852.37700696658
-4852.76081732994
-4853.03863150813
-4853.34143134907
-4853.56919621778
-4853.72834527855
-4853.83432142264
-4853.89958451121
-4853.93261261115
-4853.93749075798
-4853.91243560143
-4853.84577119254
-4853.7065277881
-4853.42752545645
-4852.90219820423
-4852.12080924318
-4851.56287170936
-4852.05615602295
-4853.35168885175
-4854.21193536458
-4854.5487080507
-4854.69105253182
-4854.73574681952
-4854.7678238063
-4854.76944720685
-4854.74320242534
-4854.68639266604
-4854.59030556868
-4854.43793389087
-4854.20271344209
-4853.85814820621
-4853.41545204722
-4852.9847780412
-4852.7801100678
-4852.98339217435
-4853.56437783556
-4854.22412179488
-4854.63690049964
-4854.80964932011
-4854.87428470313
-4854.89803691474
-4854.90130234898
-4854.8881835486
-4854.85692993291
-4854.80566332309
-4854.72283901536
-4854.59884307904
-4854.41174472777
-4854.14581028913
-4853.83988012306
-4853.61831086832
-4853.60273074945
-4853.78384911313
-4854.04165576082
-4854.26888613278
-4854.42562034924
-4854.51633307217
-4854.55793091312
-4854.56486395971
-4854.54538410701
-4854.50248061725
-4854.43735682603
-4854.35508328685
-4854.26858565039
-4854.19328326223
-4854.13493059067
-4854.08765685023
-4854.04253300382
-4853.99288716915
-4853.93532366415
-4853.87266410475
-4853.81511616251
-4853.77256264822
-4853.74528994573
-4853.72535780945
-4853.70301664507
-4853.66953929433
-4853.61472463778
-4853.51982639347
-4853.34547051513
-4853.03045763813
-4852.56846255969
-4852.19451875599
-4852.3445972173
-4853.06551139926
-4853.83393178257
-4854.29549096196
-4854.50308209133
-4854.58883650032
-4854.62534537885
-4854.63808507512
-4854.62908791607
-4854.58959493006
-4854.50470222828
-4854.35222759732
-4854.10003290584
-4853.71549138043
-4853.2102118717
-4852.69918539035
-4852.35681812161
-4852.26152248289
-4852.34915287367
-4852.49999958801
-4852.63778259159
-4852.73917387024
-4852.80901387755
-4852.86099345632
-4852.910996107
-4852.97681081417
-4853.07650187592
-4853.21929815171
-4853.39164046382
-4853.55510422434
-4853.6706587365
-4853.7282740468
-4853.74599742843
-4853.73590439147
-4853.67625328583
-4853.47222310585
-4852.92532917287
-4851.85493828012
-4850.66001590806
-4850.30437183675
-4850.91544965155
-4851.68458366819
-4852.13283256493
-4852.31743025593
-4852.38457211771
-4852.40796513575
-4852.41094390566
-4852.39303883085
-4852.34008425925
-4852.23156456163
-4852.06346758868
-4851.89833465132
-4851.89854486169
-4852.2234095679
-4852.80898886296
-4853.3513122352
-4853.63920374154
-4853.72122257589
-4853.72887594799
-4853.71591508294
-4853.6694456999
-4853.5734368737
-4853.45524055166
-4853.37956134678
-4853.39001544337
-4853.46964577058
-4853.57060786118
-4853.65845606887
-4853.7222591716
-4853.7665111209
-4853.78800153324
-4853.78668079262
-4853.75267446955
-4853.67766365229
-4853.5846450905
-4853.56658053265
-4853.73753544642
-4854.05343586561
-4854.3160706433
-4854.43345061036
-4854.49715123464
-4854.4713470404
-4854.47844970555
-4854.46534099975
-4854.39897429183
-4854.24817722294
-4853.99863199582
-4853.66054034093
-4853.2616788618
-4852.84001518198
-4852.44123878188
-4852.10789765223
-4851.88032699951
-4851.76370375812
-4851.7530546541
-4851.81735778105
-4851.92271698844
-4852.03911542092
-4852.14738892243
-4852.2401326751
-4852.31763390424
-4852.38297345992
-4852.43939084239
-4852.49082255508
-4852.54592231165
-4852.62552835811
-4852.76833949587
-4853.01794498943
-4853.37982562789
-4853.77065611488
-4854.08334379562
-4854.26919564174
-4854.35249762312
-4854.38058690953
-4854.38758256486
-4854.38458081941
-4854.35653448789
-4854.25343038504
-4853.96779108479
-4853.32457159725
-4852.26564256151
-4851.29316375465
-4851.15792749383
-4851.79020152952
-4852.53245227007
-4853.00616033705
-4853.22698810518
-4853.31808826513
-4853.3520583597
-4853.35429097896
-4853.3314306844
-4853.28730070593
-4853.22548207197
-4853.19100215133
-4853.24762392334
-4853.41954225462
-4853.66088649431
-4853.9028474033
-4854.0992854356
-4854.18923727028
-4854.21413296308
-4854.2183764154
-4854.21087671468
-4854.12993801859
-4853.90655376806
-4853.40295678026
-4852.73947001585
-4852.39042959076
-4852.61859784199
-4853.12980967417
-4853.54079619033
-4853.75056091628
-4853.83686264998
-4853.88023982368
-4853.90796532394
-4853.92689740903
-4853.9203661822
-4853.87280106796
-4853.76792751601
-4853.61577802938
-4853.48289579703
-4853.44434065732
-4853.48370560372
-4853.51427017323
-4853.51494614435
-4853.47323924118
-4853.31059653163
-4853.05303376997
-4852.9479857534
-4853.20115144412
-4853.70320276981
-4854.14436081709
-4854.39193513287
-4854.49777988112
-4854.53616428304
-4854.54842066019
-4854.54848746517
-4854.53033152561
-4854.46233660408
-4854.26275559263
-4853.77746964382
-4852.93274457348
-4852.15827895672
-4852.02292904894
-4852.12679170937
-4852.15738465252
-4852.44086804092
-4853.4469651972
-4854.48239719498
-4854.90606703723
-4855.02562604631
-4855.05862600817
-4855.06565443978
-4855.06202681758
-4855.04682199825
-4855.00388420383
-4854.89383382536
-4854.65445708853
-4854.25391725172
-4853.79989707581
-4853.50532900558
-4853.42558577285
-4853.43472846961
-4853.44090737596
-4853.41879282548
-4853.34414018819
-4853.17529704606
-4852.90117054735
-4852.66851968999
-4852.7141990272
-4853.0291575979
-4853.33994844482
-4853.50496651787
-4853.56161606433
-4853.57394095003
-4853.57574495359
-4853.57523737376
-4853.56007515438
-4853.48748005171
-4853.26280966922
-4852.76988515654
-4852.12217946975
-4851.86924052742
-4852.34427236536
-4853.0543392828
-4853.43627504052
-4853.57037277731
-4853.68305544105
-4853.80278448605
-4853.92473020976
-4854.0567653879
-4854.20038990885
-4854.32702951024
-4854.40966740551
-4854.44703632995
-4854.45052328926
-4854.43013060726
-4854.38899197077
-4854.32083468956
-4854.20839389782
-4854.02718888882
-4853.76697221676
-4853.47609341983
-4853.27660745631
-4853.26257277374
-4853.39574149245
-4853.58818345012
-4853.79246932314
-4853.98191118789
-4854.14058852468
-4854.26940165264
-4854.37469183046
-4854.45719688892
-4854.51391668512
-4854.54298687842
-4854.54583276294
-4854.52590424159
-4854.48586349632
-4854.42343522047
-4854.32558367117
-4854.1660633019
-4853.93961678349
-4853.70664807295
-4853.51491912183
-4853.36005091312
-4853.2423439995
-4853.1927831237
-4853.26656754495
-4853.50754771487
-4853.89554556402
-4854.33149414688
-4854.69735414283
-4854.93159211526
-4855.04395482122
-4855.0809360172
-4855.08698116575
-4855.08592550556
-4855.07489512368
-4855.01676204898
-4854.82046516761
-4854.35131417832
-4853.64449803545
-4853.08483510208
-4852.89008609537
-4852.89425166686
-4852.93903563481
-4852.96508820627
-4852.96486745674
-4852.94093605112
-4852.89202767727
-4852.8066013096
-4852.65791647512
-4852.4058606141
-4852.03157648557
-4851.64018731425
-4851.55711563823
-4852.1082011709
-4853.12000753367
-4853.93516440784
-4854.31350361754
-4854.45370704116
-4854.50272982791
-4854.51276770957
-4854.50100841073
-4854.47468970675
-4854.43687816316
-4854.38468058755
-4854.30735839823
-4854.18628024243
-4854.00017337379
-4853.74830315799
-4853.47965708983
-4853.26396669522
-4853.12855248194
-4853.05494408871
-4853.01401989336
-4852.98483720909
-4852.95631158121
-4852.92434244394
-4852.89113965736
-4852.86895999417
-4852.88964737539
-4853.01591965576
-4853.31336498611
-4853.74025205586
-4854.14043628961
-4854.42170732437
-4854.59829113636
-4854.70853931795
-4854.77685220497
-4854.81429305935
-4854.82491892165
-4854.80955212248
-4854.7643120298
-4854.67059306228
-4854.47194886183
-4854.04629146731
-4853.28858497535
-4852.50495770165
-4852.41405265294
-4853.05291019348
-4853.78075015146
-4854.23765713663
-4854.45447140558
-4854.53665696957
-4854.55546704982
-4854.54464213307
-4854.51542107763
-4854.46859799633
-4854.39997317926
-4854.30113298177
-4854.15861051219
-4853.95489680539
-4853.67708710682
-4853.33915187474
-4853.00628793637
-4852.80365490432
-4852.83512775355
-4853.10997019384
-4853.51721799374
-4853.92105900088
-4854.23356621152
-4854.43863032564
-4854.56295863973
-4854.63805585132
-4854.68468733889
-4854.71246569054
-4854.72438368477
-4854.71723756186
-4854.66526204878
-4854.42981011735
-4853.58348393557
-4852.07079118407
-4851.11716265936
-4851.50599296933
-4852.55068767513
-4853.37822360614
-4853.83624410782
-4854.07630236479
-4854.21351874654
-4854.30031191423
-4854.35695021394
-4854.38957738748
-4854.39812120464
-4854.3800106299
-4854.33213032715
-4854.2525581254
-4854.13803086997
-4854.00603113341
-4853.74030546573
-4853.26620980556
-4852.63921812249
-4852.18160947295
-4852.16045241032
-4852.66480138361
-4853.33213693292
-4853.90513468817
-4854.27905116805
-4854.48810355629
-4854.59695042384
-4854.64885635054
-4854.66510112868
-4854.65324359161
-4854.61287354202
-4854.53916397864
-4854.42583748274
-4854.26771036502
-4854.05669165803
-4853.75897488706
-4853.26210807966
-4852.41670365701
-4851.28202380069
-4850.1987122785
-4850.5951337179
-4852.18427310571
-4853.34254405589
-4853.77507363904
-4853.89851293732
-4853.9277062947
-4853.92481430854
-4853.90550809742
-4853.87022673723
-4853.80831152157
-4853.69431156287
-4853.48747473181
-4853.15758762405
-4852.75171297646
-4852.42057723958
-4852.29244432935
-4852.36077130312
-4852.56707354532
-4852.8318354881
-4853.0902158584
-4853.30791259234
-4853.49092381808
-4853.65931737057
-4853.83956158729
-4854.04674050392
-4854.25858189458
-4854.42659464225
-4854.52371762076
-4854.57070636442
-4854.59125997936
-4854.59652479836
-4854.58840846648
-4854.56564816137
-4854.51389012566
-4854.42451567091
-4854.29008744358
-4854.12318247821
-4853.96041054712
-4853.87165512446
-4853.90623814262
-4854.05129737437
-4854.2467372483
-4854.43451456873
-4854.58604247063
-4854.70166778828
-4854.79559528931
-4854.87975753987
-4854.95372427902
-4855.01110217915
-4855.05027549333
-4855.07478760395
-4855.08888728252
-4855.09475752119
-4855.09222829157
-4855.07683653355
-4855.03351391049
-4854.92007195506
-4854.64191974895
-4854.11033854256
-4853.51247929266
-4853.24164500729
-4853.3248438595
-4853.52769525271
-4853.70390294841
-4853.81584998768
-4853.87394651666
-4853.89679318744
-4853.89033287025
-4853.85696271669
-4853.79795075849
-4853.71088646978
-4853.59023234976
-4853.41914262444
-4853.16401745037
-4852.76938356281
-4852.18199649532
-4851.45800831442
-4850.82538524756
-4850.4819488131
-4850.41593067985
-4850.49338413895
-4850.59896999719
-4850.6791227782
-4850.72217755978
-4850.73227211059
-4850.71449467856
-4850.66712155977
-4850.56905789111
-4850.33318994195
-4849.67298838635
-4848.33422464651
-4847.27958645356
-4847.36266257497
-4848.06232300871
-4848.73425857254
-4849.18005615661
-4849.43927597834
-4849.58349945873
-4849.66052792506
-4849.69597276591
-4849.70154415584
-4849.67952374428
-4849.62274558236
-4849.50919271618
-4849.28946138727
-4848.87791642853
-4848.21565001095
-4847.48276725588
-4847.15411838419
-4847.49326556748
-4848.19989376396
-4848.82738379398
-4849.20640894424
-4849.38778001313
-4849.45750772608
-4849.47196467226
-4849.45807213865
-4849.42328690653
-4849.36578988192
-4849.28004667194
-4849.15986548014
-4849.00279743394
-4848.81806304309
-4848.63667028005
-4848.51553746056
-4848.52275895378
-4848.70148276842
-4849.03151541575
-4849.4207587785
-4849.75567298529
-4849.98143943985
-4850.113719409
-4850.18803583876
-4850.22873352948
-4850.24677686463
-4850.24374886448
-4850.21319761054
-4850.13768769764
-4849.97946223478
-4849.6602918203
-4849.03784197346
-4847.99455275599
-4847.04123865585
-4847.9172220992
-4850.3786060887
-4851.69977426434
-4852.15656510702
-4852.38246179786
-4852.54593256021
-4852.69403337836
-4852.84679938957
-4853.01193820234
-4853.18140788736
-4853.333563843
-4853.44695207823
-4853.51443612865
-4853.54404937243
-4853.54905755796
-4853.52175865075
-4853.4392679391
-4853.25673586341
-4852.92450112833
-4852.43601779504
-4851.9416018257
-4851.79265582907
-4852.17944047253
-4852.81796675813
-4853.3182527911
-4853.5804440604
-4853.69754075045
-4853.75284204402
-4853.77975093332
-4853.78398086899
-4853.76064652726
-4853.70620042118
-4853.6295505303
-4853.55386382613
-4853.49933192542
-4853.47029957916
-4853.50006832586
-4853.49959961584
-4853.48227345533
-4853.51590222413
-4853.55852433598
-4853.66073272049
-4853.74511528186
-4853.7985515999
-4853.82952817814
-4853.84932654065
-4853.86659215464
-4853.88408699152
-4853.89708691866
-4853.89748972198
-4853.87981554396
-4853.84044872651
-4853.77141092694
-4853.65381668555
-4853.45368071771
-4853.12770485064
-4852.65794294782
-4852.13151449202
-4851.81057453585
-4852.06946867158
-4852.99787685824
-4854.03644694123
-4854.68544101312
-4854.99130986208
-4855.12081160245
-4855.16862494931
-4855.18025666237
-4855.17590065011
-4855.15561891141
-4855.09965642406
-4854.97164163273
-4854.73434086341
-4854.38494907255
-4853.98846730046
-4853.64716953834
-4853.43343046476
-4853.33933436239
-4853.32216107566
-4853.34164473256
-4853.37382270741
-4853.40691847172
-4853.43550855132
-4853.45692763519
-4853.46943501451
-4853.47112846662
-4853.45712311167
-4853.41239714739
-4853.3333739657
-4853.24786147065
-4853.23368838159
-4853.31848876855
-4853.44971191662
-4853.57165025236
-4853.64881460362
-4853.68879695641
-4853.70273108916
-4853.68623275785
-4853.63091786578
-4853.55774596509
-4853.54915606401
-4853.63298072705
-4853.77310457453
-4853.92062409047
-4854.04544184409
-4854.13654147949
-4854.1955232236
-4854.22876040972
-4854.24122121142
-4854.23060956492
-4854.17920702346
-4854.0385888684
-4853.71379439061
-4853.11718795117
-4852.40207619963
-4852.06383146904
-4852.37590318171
-4852.96478931122
-4853.38471421962
-4853.60264783068
-4853.70727784744
-4853.78084304547
-4853.83426071002
-4853.86253373156
-4853.84937096556
-4853.8215264794
-4853.75841245911
-4853.62083205682
-4853.24462812862
-4852.06049885908
-4849.62064685754
-4848.27780750355
-4849.21658521816
-4850.3839042032
-4850.95858265507
-4851.18051301896
-4851.26408401506
-4851.28789696041
-4851.28258673492
-4851.25905463131
-4851.21827991841
-4851.15233258246
-4851.04144265524
-4850.85439266425
-4850.57080367619
-4850.23259814715
-4849.93366850742
-4849.78424363425
-4849.81945680121
-4849.99409674052
-4850.22824627205
-4850.45821979597
-4850.65451748828
-4850.80766149986
-4850.93449091053
-4851.03953016977
-4851.13806451489
-4851.23322824951
-4851.35089286926
-4851.53665591397
-4851.84988702567
-4852.30303890293
-4852.70300936553
-4852.93690478986
-4853.06498457464
-4853.14102841845
-4853.18517985237
-4853.20223162213
-4853.19195357367
-4853.15280925893
-4853.08075531937
-4852.96470760259
-4852.79835755796
-4852.57370139932
-4852.22237336339
-4851.98637217226
-4852.20770418594
-4852.77128667715
-4853.22597335333
-4853.56354124718
-4853.92731841009
-4854.10880794413
-4854.23985161645
-4854.32101461039
-4854.37037840684
-4854.39175671586
-4854.387331745
-4854.35793515827
-4854.30007552479
-4854.20126116084
-4854.03187532443
-4853.72793130715
-4853.16535955329
-4852.19545491203
-4850.93531366313
-4850.14878277974
-4850.48749211836
-4851.46321616027
-4852.55410486777
-4853.21938472674
-4853.51989816698
-4853.66679727197
-4853.74570413672
-4853.78457596724
-4853.79398618969
-4853.77759876648
-4853.73133158944
-4853.65692636598
-4853.54691679654
-4853.39495797875
-4853.17860067127
-4852.86133272707
-4852.45739630748
-4851.92010328597
-4851.29337087244
-4851.3690645285
-4852.35965961686
-4853.41308505669
-4854.00019738021
-4854.25489802805
-4854.36300841425
-4854.40605554686
-4854.41256760853
-4854.39180648336
-4854.34173792034
-4854.24861903472
-4854.0886238591
-4853.8437686143
-4853.53664800838
-4853.23604880161
-4853.00100944298
-4852.87397463547
-4852.90979355004
-4852.95409258409
-4853.19452676381
-4853.52222849879
-4853.86485544131
-4854.13772996783
-4854.32604065541
-4854.44207680064
-4854.50500041927
-4854.53256784366
-4854.53790033791
-4854.52851924894
-4854.50476788062
-4854.45547239576
-4854.34641339339
-4854.11165476058
-4853.73112750704
-4853.35451662899
-4853.13554938888
-4853.08547916015
-4853.17253432351
-4853.36595460851
-4853.62658563725
-4853.90448838598
-4854.14987940675
-4854.33064781614
-4854.44424190704
-4854.50795182494
-4854.53982845076
-4854.54794200831
-4854.52688253364
-4854.45205120604
-4854.25867185894
-4853.8325655786
-4853.05777648545
-4852.07134138735
-4851.37126446131
-4851.37020997983
-4851.90598884687
-4852.53036577915
-4852.98430160283
-4853.23597550145
-4853.35215631027
-4853.3960456782
-4853.4022198065
-4853.38273794555
-4853.33727835457
-4853.26753825501
-4853.18121289129
-4853.13025018772
-4853.18265011818
-4853.34262978152
-4853.51014741334
-4853.60954301061
-4853.64925966711
-4853.65471471613
-4853.6273142317
-4853.51757383889
-4853.21644899265
-4852.70024886112
-4852.34178332626
-4852.62358365867
-4853.33264555042
-4853.90339637201
-4854.19306801506
-4854.31316232346
-4854.36367509468
-4854.38325168512
-4854.38691261966
-4854.37587318061
-4854.33826588954
-4854.24221329546
-4854.00786580536
-4853.55074111036
-4852.94654178703
-4852.59812162834
-4852.73082183977
-4852.98690765518
-4853.16598414141
-4853.19533314806
-4853.20282745098
-4853.18802344852
-4853.0298812289
-4852.70527257946
-4852.11933283981
-4851.69160849088
-4851.80741588443
-4852.22038709268
-4852.55308853768
-4852.7207925649
-4852.78640383677
-4852.81080809266
-4852.81526342295
-4852.81130056566
-4852.78617196572
-4852.69284360686
-4852.42026333578
-4851.83227483157
-4851.1198985156
-4851.10643581793
-4852.13074977539
-4853.19418685827
-4853.82387568385
-4854.01460347381
-4854.08693996926
-4854.0631197569
-4854.04250967928
-4854.00926776668
-4853.94076176801
-4853.85581619735
-4853.80204219054
-4853.8080020285
-4853.8582763794
-4853.91614797315
-4853.95559127931
-4853.96830280921
-4853.94980866663
-4853.89910819694
-4853.77347786697
-4853.46527332331
-4852.82331525387
-4851.96997216188
-4851.61615275276
-4852.26389039901
-4853.24834031281
-4853.82977164591
-4854.04966998795
-4854.12084320726
-4854.13782660953
-4854.13401084272
-4854.11156425717
-4854.05877085276
-4853.95822864216
-4853.79450061738
-4853.54936637794
-4853.26563391503
-4853.05614912946
-4852.9754881516
-4852.98238540593
-4853.01700474343
-4853.04216754532
-4853.05301518565
-4853.04560864798
-4853.02301737723
-4852.99580357853
-4852.97158897399
-4852.96635913791
-4852.9869076515
-4853.03861518133
-4853.13195815769
-4853.26557816732
-4853.44521865568
-4853.66626547573
-4853.91150109595
-4854.14684215456
-4854.33309596271
-4854.45442142577
-4854.52331646384
-4854.5580406679
-4854.57039762924
-4854.56272027449
-4854.5187780584
-4854.36713518112
-4853.90517637483
-4852.92938614417
-4851.88644329793
-4851.61822452739
-4852.10172284496
-4852.71957878846
-4853.14916671377
-4853.39209299998
-4853.52135886357
-4853.58710142168
-4853.61363529051
-4853.61077911142
-4853.58160574447
-4853.53005931651
-4853.47169960427
-4853.44050976741
-4853.46687723263
-4853.53175503642
-4853.60851996961
-4853.70310652307
-4853.7189227873
-4853.69953687365
-4853.55057647786
-4853.26153736348
-4852.7541618593
-4852.21022256833
-4852.07379131824
-4852.45952773937
-4853.05387163239
-4853.56742637563
-4853.9208022819
-4854.13940928158
-4854.26640152278
-4854.33595608452
-4854.36999919395
-4854.37870696239
-4854.36085971729
-4854.30069795145
-4854.16150320836
-4853.88693192148
-4853.44696002418
-4852.94346703084
-4852.5632099413
-4852.40731293276
-4852.28450372366
-4852.10977355681
-4851.76394067672
-4851.14111995142
-4850.88933993651
-4851.67133654793
-4852.81888472808
-4853.42522235056
-4853.61450777857
-4853.66475612258
-4853.67699542716
-4853.67697011143
-4853.66052066625
-4853.60169800631
-4853.45231855405
-4853.16687431188
-4852.79572734904
-4852.52424669077
-4852.48884544178
-4852.61946514614
-4852.70898791827
-4852.83301350795
-4853.15881728264
-4853.70559916729
-4854.26329735807
-4854.61841251676
-4854.79105476447
-4854.86605655182
-4854.89487849128
-4854.89976495647
-4854.88656521217
-4854.84777419615
-4854.76075790464
-4854.56837864765
-4854.21219650735
-4853.71562708924
-4853.30306446173
-4853.21092484303
-4853.35690989318
-4853.60351960694
-4853.74261149146
-4853.85112929109
-4853.99825571654
-4854.23781112549
-4854.45625547998
-4854.59265353295
-4854.67490199427
-4854.72604164519
-4854.75313489747
-4854.75769125972
-4854.74041871967
-4854.70000829371
-4854.62939506324
-4854.51056983036
-4854.31235416793
-4854.00867648515
-4853.63324066715
-4853.30219930774
-4853.11534745203
-4853.06900059969
-4853.10000273938
-4853.1532941809
-4853.19692534279
-4853.22794825364
-4853.24167884007
-4853.23753747426
-4853.22425562825
-4853.20883255439
-4853.20972755724
-4853.25090931103
-4853.35815690916
-4853.55020147167
-4853.77549068705
-4853.93744378925
-4854.00726039108
-4854.02771577315
-4854.035461078
-4854.04251424485
-4854.04328639877
-4854.01580302861
-4853.91772300321
-4853.69660171409
-4853.33737389773
-4852.92306444603
-4852.60853234016
-4852.51196859749
-4852.68234560949
-4853.0476298589
-4853.45807210066
-4853.79119268577
-4854.03340298303
-4854.21410288471
-4854.35130453341
-4854.45002358465
-4854.51291965812
-4854.54379098459
-4854.54607188274
-4854.5191065311
-4854.45460864617
-4854.33188765381
-4854.10472107755
-4853.6526360405
-4852.75276833358
-4851.65509815551
-4850.78768192842
-4850.56915772105
-4851.82410650722
-4853.08115324472
-4853.70377629322
-4853.95785645177
-4854.06242855608
-4854.10489621488
-4854.11128016349
-4854.09241667843
-4854.03679035962
-4853.92784231382
-4853.74501258625
-4853.47159264526
-4853.11154943232
-4852.72551239741
-4852.46305871819
-4852.51267642953
-4852.92820455307
-4853.49158545967
-4853.91310002959
-4854.13208121461
-4854.23987063753
-4854.30321680558
-4854.3426977069
-4854.35815133149
-4854.34643574598
-4854.30947863504
-4854.2528965655
-4854.18089988861
-4854.091640336
-4853.97689307385
-4853.81237879446
-4853.57200818683
-4853.22990520851
-4852.81556803132
-4852.49712516428
-4852.60912330368
-4853.45892036409
-4854.42649661581
-4854.77998349279
-4854.86516951669
-4854.88906490927
-4854.89592975392
-4854.89519602964
-4854.8878025931
-4854.87088098276
-4854.83915015327
-4854.78766925133
-4854.71701886975
-4854.63716473177
-4854.56022211597
-4854.48729013849
-4854.4059784578
-4854.29342816923
-4854.12141040226
-4853.87437616422
-4853.57827069709
-4853.29955532807
-4853.10109891749
-4853.00742031978
-4853.00909523408
-4853.08286905478
-4853.20722143277
-4853.36668668508
-4853.54930365625
-4853.74246666979
-4853.93125289893
-4854.10152024043
-4854.24484768654
-4854.36028034362
-4854.4511113409
-4854.52090917327
-4854.57189075359
-4854.60512132401
-4854.62139973629
-4854.62072369177
-4854.59853294462
-4854.53368257945
-4854.3556948476
-4853.92542633447
-4853.23219562825
-4852.6029179864
-4852.41850658784
-4852.75176915897
-4853.33582974704
-4853.86955161202
-4854.23658045791
-4854.45800518462
-4854.58627041735
-4854.65984325338
-4854.69894000332
-4854.71082139785
-4854.69449807896
-4854.64374652762
-4854.54870849506
-4854.39258738324
-4854.13126198902
-4853.63791311717
-4852.96528220267
-4852.50646826038
-4851.81652374041
-4851.6848282208
-4852.27993616719
-4853.03697924414
-4853.5550302531
-4853.83583636412
-4853.97277494701
-4854.03206500681
-4854.04963825649
-4854.04332873587
-4854.0179199852
-4853.96293527162
-4853.84082128576
-4853.56985517046
-4853.06356683606
-4852.44438966224
-4852.14505538149
-4852.42015506319
-4852.98532800739
-4853.47734729396
-4853.78411471296
-4853.94454892216
-4854.04869250066
-4854.06668131655
-4854.05336459395
-4854.00568231437
-4853.89533694154
-4853.81093500133
-4853.7366228588
-4853.66666796086
-4853.58502037557
-4853.46981203672
-4853.28294382884
-4852.94323504911
-4852.31111334913
-4851.35085802953
-4850.5655919855
-4850.76876857993
-4851.83608812918
-4852.82178332088
-4853.32107707513
-4853.50704319694
-4853.60388775341
-4853.61178925117
-4853.60360665554
-4853.5762257434
-4853.45442664216
-4853.2867024417
-4853.04356836208
-4852.80340034593
-4852.67831386294
-4852.70657323635
-4852.865284217
-4852.99333719765
-4853.09895697879
-4853.20072376657
-4853.33557398954
-4853.52180369138
-4853.68188510471
-4853.84381175248
-4853.9574030045
-4854.03461790127
-4854.08796315485
-4854.1238747906
-4854.14216930199
-4854.13571946652
-4854.08842906002
-4853.97242444443
-4853.75225467529
-4853.41858670783
-4853.09000299869
-4852.79263567674
-4852.57927417433
-4852.31788007684
-4851.99590184714
-4852.11133076331
-4852.96084063856
-4853.86082978843
-4854.342507143
-4854.5268176987
-4854.58958448247
-4854.60826936621
-4854.60844294547
-4854.59475219919
-4854.55987237988
-4854.48390283029
-4854.33233041405
-4854.06862302892
-4853.70458030501
-4853.35629702377
-4853.18608857979
-4853.24247047656
-4853.43259185391
-4853.64746721015
-4853.83275936584
-4853.97810965373
-4854.09269285475
-4854.18859636605
-4854.27229078761
-4854.34318483205
-4854.39707550086
-4854.43122588015
-4854.44508151325
-4854.43818839398
-4854.40730899471
-4854.34165261676
-4854.20998758411
-4853.93010167453
-4853.35555039224
-4852.47642433368
-4851.83587614539
-4852.067489301
-4852.85478908491
-4853.52092662622
-4853.90397420936
-4854.12930993852
-4854.28570575987
-4854.39738903101
-4854.46649477471
-4854.50110167227
-4854.50491531398
-4854.48150536905
-4854.42855510475
-4854.33267236752
-4854.1589897842
-4853.83901606014
-4853.31540817509
-4852.71515324805
-4852.30808810358
-4852.18856311429
-4852.29055285451
-4852.51778090514
-4852.77638028025
-4852.99914143111
-4853.16016116169
-4853.26339634106
-4853.32316276657
-4853.35325750111
-4853.35467221582
-4853.32253616311
-4853.2327052791
-4853.03088664851
-4852.63068375342
-4851.99395620933
-4851.25806452731
-4850.65657476033
-4850.31166367486
-4850.25004974337
-4850.83730396318
-4851.82755698787
-4852.61933042677
-4853.04646814432
-4853.25445843099
-4853.35352588196
-4853.39432598804
-4853.39965018478
-4853.37914028503
-4853.33373006929
-4853.25475622952
-4853.12131130289
-4852.90163743356
-4852.57492696242
-4852.18471240675
-4851.86781423734
-4851.76023232468
-4851.89787051229
-4852.27289272751
-4852.88659269377
-4853.57374583066
-4854.02989904612
-4854.25122298466
-4854.35744129836
-4854.41012319996
-4854.4309550173
-4854.42748803145
-4854.40573931072
-4854.38136883558
-4854.37390702195
-4854.43102914267
-4854.61139297778
-4854.9572441733
-4855.43912152112
-4855.94043033485
-4856.34406215215
-4856.61656541498
-4856.78648922802
-4856.88830006756
-4856.94446561414
-4856.96705061315
-4856.96273413502
-4856.93682307424
-4856.89549116392
-4856.84582330583
-4856.79432326059
-4856.74559663682
-4856.70263793066
-4856.66875418302
-4856.64936719056
-4856.65244098076
-4856.69271931806
-4856.78275556263
-4856.9528451123
-4857.1599051833
-4857.3232024782
-4857.43132625818
-4857.50717620915
-4857.56665225403
-4857.61442928135
-4857.64855898619
-4857.66552353581
-4857.66654805488
-4857.66319124422
-4857.67188518104
-4857.69242200944
-4857.700106683
-4857.72036583287
-4857.70112529654
-4857.64386546983
-4857.32187297335
-4856.60036695565
-4855.81364673427
-4855.65868619181
-4856.06446524989
-4856.52300271268
-4856.79969950048
-4856.92138893327
-4856.96374388039
-4856.97327514247
-4856.96648973642
-4856.93753650979
-4856.85714925185
-4856.66328912947
-4856.26282981644
-4855.60947471011
-4854.88299253802
-4854.51162800019
-4854.69144932533
-4855.21528113993
-4855.74072845421
-4856.30516235592
-4856.86255964595
-4857.31629268972
-4857.61985184819
-4857.80956245047
-4857.9230629271
-4857.98816707077
-4858.02106009496
-4858.02783407297
-4858.0066167607
-4857.95154584112
-4857.85656237972
-4857.71380358018
-4857.49462890179
-4857.1279667136
-4856.58064615214
-4856.09683531583
-4856.08447705992
-4856.37614182476
-4856.7126943331
-4856.93890929742
-4857.13817216278
-4857.28656298887
-4857.39524019466
-4857.46497829778
-4857.49693640456
-4857.49718829657
-4857.47275942069
-4857.42751381583
-4857.36060987875
-4857.27294872974
-4857.18085366125
-4857.12644938504
-4857.0811317425
-4857.04401335063
-4856.9866539353
-4856.93703283881
-4856.87144005739
-4856.80826903445
-4856.63964928554
-4856.30789823188
-4855.89335419952
-4855.85261058348
-4856.16397950769
-4856.51733416218
-4856.79285905708
-4857.01117711151
-4857.19602115917
-4857.34909210706
-4857.46457857243
-4857.54336441453
-4857.59283055219
-4857.62329233655
-4857.64243060003
-4857.65115093232
-4857.63531493526
-4857.55359828438
-4857.33506636236
-4856.93276226844
-4856.48032609247
-4856.29525613085
-4856.43154104305
-4856.71093368989
-4856.88703335435
-4857.03610366793
-4857.16537709566
-4857.25304998261
-4857.41788966194
-4857.65768019167
-4857.8947910089
-4858.07557768338
-4858.18807849663
-4858.24772891376
-4858.27528293641
-4858.28622219335
-4858.28889803828
-4858.28339562505
-4858.25230000488
-4858.12610060452
-4857.73303313348
-4856.97233055105
-4856.23234745087
-4855.95788952029
-4856.06180669434
-4856.14766292038
-4856.19396138276
-4856.22986828801
-4856.43398113596
-4856.85850444724
-4857.37894490062
-4857.77756865544
-4857.99567787764
-4858.09517664429
-4858.13718643322
-4858.15198716635
-4858.14925619955
-4858.12982269697
-4858.09203524049
-4858.03676476352
-4857.96909587078
-4857.89404760432
-4857.81179636919
-4857.72259852776
-4857.63531919144
-4857.55991266871
-4857.49244584624
-4857.41957496835
-4857.31658080958
-4857.13274408439
-4856.83608546972
-4856.53178771806
-4856.4134549458
-4856.53050961127
-4856.7699951861
-4857.00480895467
-4857.17235716316
-4857.27114157931
-4857.32968930951
-4857.37475832479
-4857.41898529773
-4857.46452057599
-4857.50913322426
-4857.54881128092
-4857.58089423561
-4857.60482048693
-4857.62456309533
-4857.6512156517
-4857.69892242515
-4857.76636863029
-4857.82587629328
-4857.85217660644
-4857.84937088515
-4857.83076786375
-4857.77327598007
-4857.57855570473
-4857.13954162325
-4856.56817507275
-4856.18588346855
-4856.14609889236
-4856.31761395984
-4856.51699187529
-4856.66127992884
-4856.74830709694
-4856.8000532879
-4856.83479447486
-4856.86098971127
-4856.87710941257
-4856.87091341769
-4856.81938467621
-4856.69662664176
-4856.53018884305
-4856.31492921069
-4856.13928932735
-4856.10520262084
-4856.03590960179
-4856.01152568627
-4855.98810944368
-4856.03339595936
-4856.39088534179
-4856.88081497549
-4857.31397441345
-4857.63866605528
-4857.83023878183
-4857.93419522776
-4857.98657680188
-4858.00780499806
-4858.00582044945
-4857.97777513253
-4857.90670972646
-4857.75141100744
-4857.46372507643
-4856.93637873609
-4856.08707384922
-4855.09415889174
-4854.50634315157
-4854.44409825531
-4854.56437614325
-4855.10313119795
-4856.40985758776
-4857.68224250024
-4858.12250056957
-4858.21314816017
-4858.2283377776
-4858.22228505609
-4858.20119631134
-4858.15627861517
-4858.06268837017
-4857.8762075826
-4857.55062692784
-4857.10320593565
-4856.67871650871
-4856.48071051409
-4856.41112359272
-4856.35861493394
-4856.21714964249
-4855.95375990743
-4855.80991847521
-4855.91706000448
-4856.29988665919
-4856.76943770199
-4857.11551097891
-4857.30024627979
-4857.38870238494
-4857.43652273701
-4857.46651622614
-4857.48052084492
-4857.46939507842
-4857.41832149027
-4857.30776263049
-4857.1037270488
-4856.716440455
-4855.9415933557
-4854.5933688369
-4853.27447989179
-4853.3517882993
-4854.3163257189
-4855.06024990506
-4856.08946510416
-4857.00723372132
-4857.53764274305
-4857.81067965475
-4857.94897338871
-4858.01283444894
-4858.03240662293
-4858.02397635813
-4857.99575833553
-4857.94934121041
-4857.87856795685
-4857.7672150227
-4857.59255698428
-4857.34990850248
-4857.08066265492
-4856.8445650508
-4856.66947875484
-4856.54807643528
-4856.46263428232
-4856.40239464379
-4856.36738411692
-4856.36322294131
-4856.38946214432
-4856.43398172197
-4856.48040661276
-4856.51729568486
-4856.53839029907
-4856.53705531819
-4856.50005212989
-4856.4023824118
-4856.20937359684
-4855.91231937884
-4855.62679076431
-4855.63492457124
-4856.08673582785
-4856.69135806731
-4857.11387061632
-4857.33017622808
-4857.46639937979
-4857.51755402549
-4857.54329992905
-4857.54849109927
-4857.49778111267
-4857.43143201508
-4857.30914669473
-4857.09711441555
-4856.72032151969
-4856.06571079772
-4855.17788754494
-4854.68917701863
-4855.28960612055
-4856.42711417462
-4857.13520569919
-4857.44215559913
-4857.5886359394
-4857.63694962371
-4857.67259010489
-4857.67771644527
-4857.65453625117
-4857.5982921789
-4857.49648993253
-4857.32775151634
-4857.06848273718
-4856.72679659104
-4856.40288720719
-4856.28162508638
-4856.46073911957
-4856.84048935257
-4857.11572659602
-4857.25210415703
-4857.35997621122
-4857.47728263818
-4857.55218029989
-4857.61919788164
-4857.65242571919
-4857.65948249289
-4857.64431001801
-4857.60386416735
-4857.51926714984
-4857.33233593462
-4856.9318649234
-4856.32247767912
-4855.81289905724
-4855.59295723901
-4855.55170796682
-4855.56749146775
-4855.59413345349
-4855.61805489319
-4855.63406776267
-4855.63981744053
-4855.63637575308
-4855.63287472956
-4855.65394551312
-4855.73889295021
-4855.92921037563
-4856.23848761681
-4856.60548934139
-4856.92212689578
-4857.1365790961
-4857.26797162578
-4857.34968408401
-4857.40200565465
-4857.43219223736
-4857.43898974064
-4857.41531280605
-4857.34797751828
-4857.21273762153
-4856.95970672111
-4856.49390325872
-4855.73602648606
-4854.96471108742
-4855.00719494041
-4855.90541568263
-4856.3466477816
-4856.51726972471
-4856.93615275843
-4857.41175197457
-4857.77158922647
-4857.99075269459
-4858.10508334963
-4858.1535575795
-4858.16333101328
-4858.14977336608
-4858.11930845388
-4858.07019681401
-4857.99043481691
-4857.85520501131
-4857.63998200505
-4857.37096088717
-4857.13873007602
-4856.99461854634
-4856.91722849724
-4856.87697880921
-4856.86145532075
-4856.87140864587
-4856.91335859353
-4856.99138003932
-4857.10267626662
-4857.24042119361
-4857.39828896978
-4857.57163055041
-4857.75402917832
-4857.93240069036
-4858.08713328861
-4858.20101913347
-4858.26978176962
-4858.30436580757
-4858.32100828885
-4858.33186719832
-4858.34026542907
-4858.33813302288
-4858.30112502908
-4858.17769189805
-4857.88135426416
-4857.33611378167
-4856.64296093928
-4856.09185826739
-4855.80737195849
-4855.63632328182
-4855.66611659074
-4856.04005573487
-4856.6079799981
-4857.06139858309
-4857.32100462071
-4857.44266587554
-4857.49260613439
-4857.5084598555
-4857.50647805646
-4857.49223633008
-4857.46690493764
-4857.43066430072
-4857.38359021286
-4857.3235164892
-4857.24384253576
-4857.13639779231
-4857.00054407637
-4856.85767210542
-4856.76064055982
-4856.7781189938
-4856.94941181117
