Zn  1.218285  1.307171  0.754708  0  0  0
Zn  1.218285  3.921531  0.754708  0  0  0
Zn  1.218285  6.535891  0.754708  0  0  0
Zn  1.218285  9.150251  0.754708  0  0  0
Zn  1.218285  11.764611  0.754708  0  0  0
Zn  6.091456  1.307171  0.754708  0  0  0
Zn  6.091456  3.921531  0.754708  0  0  0
Zn  6.091456  6.535891  0.754708  0  0  0
Zn  6.091456  9.150251  0.754708  0  0  0
Zn  6.091456  11.764611  0.754708  0  0  0
Zn  10.964612  1.307171  0.754708  0  0  0
Zn  10.964612  3.921531  0.754708  0  0  0
Zn  10.964612  6.535891  0.754708  0  0  0
Zn  10.964612  9.150251  0.754708  0  0  0
Zn  10.964612  11.764611  0.754708  0  0  0
Zn  1.218285  -0.000008  3.018809  0  0  0
Zn  1.218285  2.614352  3.018809  0  0  0
Zn  1.218285  5.228712  3.018809  1  1  1
Zn  1.218285  7.843072  3.018809  0  0  0
Zn  1.218285  10.457432  3.018809  0  0  0
Zn  6.091456  -0.000008  3.018809  1  1  1
Zn  6.091456  2.614352  3.018809  1  1  1
Zn  6.091456  5.228712  3.018809  1  1  1
Zn  6.091456  7.843072  3.018809  1  1  1
Zn  6.091456  10.457432  3.018809  1  1  1
Zn  10.964612  -0.000008  3.018809  0  0  0
Zn  10.964612  2.614352  3.018809  1  1  1
Zn  10.964612  5.228712  3.018809  1  1  1
Zn  10.964612  7.843072  3.018809  1  1  1
Zn  10.964612  10.457432  3.018809  0  0  0
Zn  3.654871  0.000010  1.509392  0  0  0
Zn  3.654871  2.614370  1.509392  0  0  0
Zn  3.654871  5.228730  1.509392  0  0  0
Zn  3.654871  7.843090  1.509392  0  0  0
Zn  3.654871  10.457450  1.509392  0  0  0
Zn  8.528026  0.000010  1.509392  0  0  0
Zn  8.528026  2.614370  1.509392  0  0  0
Zn  8.528026  5.228730  1.509392  0  0  0
Zn  8.528026  7.843090  1.509392  0  0  0
Zn  8.528026  10.457450  1.509392  0  0  0
Zn  13.401197  0.000010  1.509392  0  0  0
Zn  13.401197  2.614370  1.509392  0  0  0
Zn  13.401197  5.228730  1.509392  0  0  0
Zn  13.401197  7.843090  1.509392  0  0  0
Zn  13.401197  10.457450  1.509392  0  0  0
Zn  3.654871  -1.307169  3.773493  0  0  0
Zn  3.654871  1.307191  3.773493  1  1  1
Zn  3.654871  3.921551  3.773493  1  1  1
Zn  3.654871  6.535911  3.773493  1  1  1
Zn  3.654871  9.150271  3.773493  1  1  1
Zn  8.528026  -1.307169  3.773493  0  0  0
Zn  8.528026  1.307191  3.773493  1  1  1
Zn  8.528026  3.921551  3.773493  1  1  1
Zn  8.528026  6.535911  3.773493  1  1  1
Zn  8.528026  9.150271  3.773493  1  1  1
Zn  13.401197  -1.307169  3.773493  0  0  0
Zn  13.401197  1.307191  3.773493  0  0  0
Zn  13.401197  3.921551  3.773493  0  0  0
Zn  13.401197  6.535911  3.773493  0  0  0
Zn  13.401197  9.150271  3.773493  0  0  0
O  6.380351  5.422767  4.385618  1  1  1
H  5.589423  5.011721  4.768528  1  1  1
H  7.006679  5.469540  5.125070  1  1  1
