# Fix print output for fix totenergy
-13597.4893532685
-13597.466205243
-13597.3806830425
-13597.1785305593
-13596.8152747995
-13596.3119721041
-13595.8265385224
-13595.5529653335
-13595.5436368212
-13595.6918178443
-13595.8747900175
-13596.0302286016
-13596.1419802593
-13596.2142443373
-13596.2542501105
-13596.2675494049
-13596.2571664818
-13596.2229449243
-13596.1616333378
-13596.0615399804
-13595.9010155435
-13595.6326049113
-13595.1737567734
-13594.4316021463
-13593.5947507949
-13593.4932291425
-13594.666476688
-13595.9997669889
-13596.6385723059
-13596.8754978536
-13596.9739880454
-13597.0191933916
-13597.0337533208
-13597.0202850892
-13596.9720197775
-13596.8749274875
-13596.7156916576
-13596.4997536922
-13596.2834738672
-13596.164302589
-13596.1520257429
-13596.1895942498
-13596.1063233153
-13595.786020636
-13595.2172265853
-13595.0151629493
-13595.4752926291
-13596.1863080255
-13596.6912091494
-13596.9376880321
-13597.0407890607
-13597.0815888298
-13597.0945478324
-13597.0920878393
-13597.0762974163
-13597.0408789
-13596.9700495013
-13596.8315420454
-13596.5910813518
-13596.2629100134
-13595.9635399088
-13595.8048502855
-13595.8079630518
-13595.9463740778
-13596.1825071782
-13596.4672489254
-13596.7456223341
-13596.9655403882
-13597.0897986179
-13597.1280698126
-13597.131235625
-13597.11983987
-13597.0413370723
-13596.8091312816
-13596.337116895
-13595.5661418266
-13594.6522246634
-13594.1324550448
-13594.5130240751
-13595.5373640062
-13596.3693502932
-13596.7253253333
-13596.8420028264
-13596.8790080943
-13596.8864847822
-13596.8768296738
-13596.8494441018
-13596.7943769971
-13596.6929428586
-13596.5152065612
-13596.2360537444
-13595.8726365018
-13595.5455043988
-13595.4494224234
-13595.7027194798
-13596.1958768979
-13596.6421186901
-13596.8443979463
-13596.9148397583
-13596.886748046
-13596.8760923848
-13596.8512877607
-13596.8434352766
-13596.8512240228
-13596.8594869852
-13596.8582459782
-13596.8432855185
-13596.8117167194
-13596.7608248477
-13596.6852555371
-13596.5771373847
-13596.4218294368
-13596.2011507202
-13595.8909854189
-13595.4772362659
-13594.9786134632
-13594.5067015352
-13594.2749161433
-13594.5022863691
-13595.1386161926
-13595.7643173619
-13596.1211204798
-13596.2820753061
-13596.3546728086
-13596.3876605776
-13596.3982709432
-13596.3891625123
-13596.3527982615
-13596.2703383433
-13596.1037594564
-13595.7986991401
-13595.3230523194
-13594.7960316718
-13594.5409883103
-13594.8390696818
-13595.6014085096
-13596.4278734556
-13596.9930983491
-13597.2741234403
-13597.3895149456
-13597.4263949838
-13597.4257477611
-13597.4009634428
-13597.3574971116
-13597.3083865159
-13597.276942253
-13597.2576950103
-13597.1422574727
-13596.8158804382
-13596.3597687074
-13595.9946442362
-13595.8560854216
-13595.931672522
-13596.1215204704
-13596.3293895013
-13596.5042270502
-13596.6315219212
-13596.7178363796
-13596.7735933647
-13596.8085560289
-13596.8273160064
-13596.828841676
-13596.8046717697
-13596.7337788614
-13596.5760147068
-13596.2621878339
-13595.7552419624
-13595.1420758299
-13594.7077443766
-13594.7402852054
-13595.2493316342
-13595.9376759014
-13596.4961829162
-13596.8357326469
-13597.0003938019
-13597.0615300166
-13597.0736118145
-13597.0711072134
-13597.0552927032
-13596.9907982996
-13596.835520519
-13596.5735085464
-13596.2525043957
-13595.9616623275
-13595.7964469191
-13595.7855838283
-13595.8851225648
-13596.0202837038
-13596.1328280413
-13596.2058128052
-13596.2483353406
-13596.2732095131
-13596.287799573
-13596.2956004795
-13596.2990229122
-13596.2990543857
-13596.2977763376
-13596.2977371673
-13596.3050136485
-13596.3294937539
-13596.3862418465
-13596.487495819
-13596.6230060686
-13596.7465660422
-13596.8111347808
-13596.828266347
-13596.833366844
-13596.827139464
-13596.7751334919
-13596.6389689216
-13596.3976032779
-13596.0457056264
-13595.6224096999
-13595.2196531807
-13594.9748188705
-13594.9895819257
-13595.2614250403
-13595.6703182428
-13596.0585270591
-13596.3369866203
-13596.4992439416
-13596.5865619137
-13596.6312561916
-13596.6523064262
-13596.6557457442
-13596.6398030711
-13596.5926343504
-13596.4765030421
-13596.1869523837
-13595.4473318861
-13594.0161519753
-13592.9117641413
-13593.7074309785
-13595.3221110293
-13596.2650245924
-13596.6139921005
-13596.7129479649
-13596.7229811212
-13596.7051359787
-13596.6133106944
-13596.4813563233
-13596.4098326059
-13596.4388363845
-13596.5383675642
-13596.6569301309
-13596.7589557127
-13596.8294477639
-13596.8685233371
-13596.8790339492
-13596.8619591604
-13596.8119884858
-13596.7069514254
-13596.5037508196
-13596.1250132651
-13595.5494991993
-13594.9250136128
-13594.5809455514
-13594.6773059987
-13595.063965426
-13595.4962893025
-13595.8283093759
-13596.0456189685
-13596.1741066901
-13596.2452319126
-13596.2759015738
-13596.2775392007
-13596.2584247566
-13596.22616977
-13596.1917606975
-13596.1643636386
-13596.1502174184
-13596.1463277567
-13596.1442926526
-13596.1347371132
-13596.1137749532
-13596.0825826507
-13596.0612107062
-13596.089542016
-13596.1990694504
-13596.3913494361
-13596.6458076995
-13596.9334474485
-13597.179968152
-13597.31226607
-13597.3519744655
-13597.3609246679
-13597.3633524834
-13597.3638011773
-13597.3580229997
-13597.3371895459
-13597.2894565156
-13597.1972302848
-13597.0466519049
-13596.8377382239
-13596.6077381402
-13596.4134801079
-13596.2913023684
-13596.220578554
-13596.1653154064
-13596.0893912897
-13595.9770225724
-13595.8780215352
-13595.8612682263
-13595.9301584679
-13596.0387002653
-13596.1436091218
-13596.2231777377
-13596.2747540302
-13596.3009736303
-13596.3027402797
-13596.2667015614
-13596.1485701134
-13595.8681760686
-13595.3168671959
-13594.5320248763
-13593.8463587651
-13593.7499922087
-13594.3018728653
-13595.0470767335
-13595.6112018197
-13595.9336671676
-13596.104473054
-13596.1920931043
-13596.2352099575
-13596.2480224544
-13596.2338444343
-13596.1862557389
-13596.0829687106
-13595.8809294693
-13595.4958984688
-13594.8533018776
-13594.0854563972
-13593.8559895162
-13594.8231926771
-13596.2850504308
-13597.0604114797
-13597.2854197837
-13597.3447791453
-13597.360213177
-13597.3537407453
-13597.3161796492
-13597.2335964798
-13597.1025480891
-13596.9266162727
-13596.7177095056
-13596.4714585818
-13596.1595578662
-13595.7581419563
-13595.3701387398
-13595.1884006266
-13595.3136779309
-13595.6543457919
-13596.0378107749
-13596.3480969328
-13596.538860988
-13596.6349338706
-13596.6735046617
-13596.6886257646
-13596.6936495311
-13596.6945805524
-13596.6914922304
-13596.6811063773
-13596.6601648965
-13596.6256003459
-13596.5797189052
-13596.518071139
-13596.4329795789
-13596.3147912588
-13596.1681860385
-13596.0162040643
-13595.9004750353
-13595.8774314197
-13595.8389054404
-13595.7843371886
-13595.6545021173
-13595.6360929263
-13595.9329888298
-13596.4734625995
-13596.9191790874
-13597.1344317355
-13597.2096433088
-13597.2424231086
-13597.261662107
-13597.2675195306
-13597.2531122324
-13597.2102397856
-13597.1261454872
-13596.9698177355
-13596.6795162246
-13596.1679072211
-13595.4953726574
-13595.0068553618
-13594.9614711901
-13595.198901758
-13595.49978779
-13595.7801333231
-13596.0145136946
-13596.2003072709
-13596.3396818346
-13596.4411720287
-13596.510482216
-13596.5537691051
-13596.5733440415
-13596.5681287292
-13596.5312936068
-13596.4478378631
-13596.2974327265
-13596.0685948221
-13595.8190054888
-13595.7093749496
-13595.8285278375
-13596.0178427439
-13596.0714542983
-13596.1010975094
-13596.2714038297
-13596.5763495361
-13596.9177639159
-13597.1819661317
-13597.3418021716
-13597.4266933388
-13597.4669326607
-13597.4831076601
-13597.4846932879
-13597.4743242173
-13597.4484084372
-13597.3906229439
-13597.2719640276
-13597.080613603
-13596.8935836102
-13596.747593383
-13596.6158997335
-13596.4490138085
-13596.2333524991
-13596.01848297
-13595.917113845
-13595.9975077037
-13596.2264354307
-13596.507996941
-13596.7510349436
-13596.9247340214
-13597.0286251782
-13597.0857584104
-13597.1124374371
-13597.1210242881
-13597.1120046963
-13597.0701110145
-13596.9486160758
-13596.6129139215
-13595.9115601196
-13595.0177787615
-13594.5422172932
-13594.7531834379
-13595.33794054
-13595.8758306278
-13596.2091577809
-13596.39159014
-13596.4852392809
-13596.5326105876
-13596.5475821796
-13596.5348476074
-13596.4940485714
-13596.4198565254
-13596.3045934143
-13596.1195323937
-13595.8085406813
-13595.2267490903
-13594.2064095538
-13593.0342721456
-13593.0804942054
-13594.6117811198
-13595.8942817203
-13596.4381050434
-13596.6395178832
-13596.7280984496
-13596.7672044213
-13596.7761835836
-13596.7566700237
-13596.7018359568
-13596.5998033617
-13596.4283648902
-13596.1763157743
-13595.8653288077
-13595.607503343
-13595.552316239
-13595.6895862096
-13595.8670271008
-13595.9552694846
-13596.0558087206
-13596.3104715799
-13596.6248545132
-13596.8876154844
-13597.0549635151
-13597.1425648574
-13597.1844442348
-13597.2010328319
-13597.2036638716
-13597.1940376931
-13597.1624480009
-13597.0745866332
-13596.8203801277
-13596.2380106513
-13595.4595362468
-13595.0781475803
-13595.3381178174
-13595.8948899094
-13596.3194101595
-13596.5075819848
-13596.6030454487
-13596.6974656585
-13596.8199757684
-13596.9674551255
-13597.1132642778
-13597.2307618897
-13597.3138807563
-13597.3654092411
-13597.3923939765
-13597.3973419216
-13597.37676885
-13597.3169674395
-13597.179977059
-13596.906485903
-13596.444513371
-13595.8834934641
-13595.403157877
-13595.1803419821
-13595.2564100302
-13595.5346398078
-13595.8700514225
-13596.1537349514
-13596.3607440496
-13596.4953479275
-13596.5820899053
-13596.6338528704
-13596.6620150019
-13596.6671126814
-13596.639057312
-13596.5394382614
-13596.249816547
-13595.547887307
-13594.3808091224
-13593.6348485457
-13594.2865049474
-13595.5782051786
-13596.4198874182
-13596.784371651
-13596.9478286464
-13597.0301174966
-13597.0718206725
-13597.0838091531
-13597.070121467
-13597.0314329072
-13596.9650155211
-13596.8656808513
-13596.7184033344
-13596.4985445496
-13596.1545886584
-13595.6249026789
-13594.8911427473
-13594.1843561548
-13594.0001113312
-13594.6022118759
-13595.522461133
-13596.1263480585
-13596.3815231968
-13596.4731414556
-13596.5062752086
-13596.5131964391
-13596.5026232615
-13596.4720274642
-13596.4092394603
-13596.2941420757
-13596.0956736637
-13595.8007808822
-13595.4548259049
-13595.2055560122
-13595.218563521
-13595.520665254
-13595.9557626177
-13596.3264064142
-13596.5528306022
-13596.6626734915
-13596.7101098841
-13596.7257863717
-13596.7308827271
-13596.739392056
-13596.7522185818
-13596.7594499292
-13596.7517526178
-13596.7230661052
-13596.6661007968
-13596.5716214124
-13596.431988448
-13596.2442631447
-13596.0061620886
-13595.7244606758
-13595.4280010263
-13595.1914694087
-13595.1202398545
-13595.2735527895
-13595.5877462077
-13595.9182015625
-13596.1678230932
-13596.3224443785
-13596.4104094064
-13596.4580126822
-13596.4817101387
-13596.4875871764
-13596.473637847
-13596.4244457518
-13596.29355974
-13595.9625096308
-13595.2488134069
-13594.2689316865
-13593.821686598
-13594.4270852324
-13595.4753911075
-13596.2577856419
-13596.6789124751
-13596.8889959321
-13596.9985570367
-13597.0585411672
-13597.0892825986
-13597.0977405551
-13597.0856872232
-13597.0511887344
-13596.9897519625
-13596.8975073782
-13596.7814524887
-13596.6623888145
-13596.5728118997
-13596.5476831675
-13596.611998316
-13596.7611072477
-13596.9564558529
-13597.1498024208
-13597.3099813941
-13597.4311107557
-13597.5190012409
-13597.5824897059
-13597.6266270634
-13597.6526059485
-13597.6560819135
-13597.626233845
-13597.5443125484
-13597.3859413095
-13597.1438181231
-13596.8753541551
-13596.7273938692
-13596.8326008104
-13597.1667155844
-13597.5948977417
-13598.0242868051
-13598.418344907
-13598.7426847466
-13598.9820865132
-13599.1466343009
-13599.2566938917
-13599.3286156602
-13599.3731884451
-13599.3969474657
-13599.4064587756
-13599.4146503658
-13599.4519352005
-13599.5830149839
-13599.9042863912
-13600.4096500642
-13600.8648319549
-13601.1219167778
-13601.2403109838
-13601.2930026338
-13601.3145939572
-13601.317728474
-13601.3032322691
-13601.2603599148
-13601.1636488149
-13600.9766651607
-13600.6844724523
-13600.3798231163
-13600.0270471918
-13599.6039145012
-13599.4477283517
-13599.8279565171
-13600.4314373059
-13600.8646290246
-13601.0844846168
-13601.1799037028
-13601.2149569412
-13601.2165198428
-13601.1909037953
-13601.1367469322
-13601.0536173081
-13600.9482413172
-13600.8369230481
-13600.7431088504
-13600.687635767
-13600.6799103279
-13600.7144343006
-13600.7718524504
-13600.8266987406
-13600.8611447144
-13600.8691281788
-13600.8481036973
-13600.7883717468
-13600.6651264506
-13600.4364277026
-13600.0666459229
-13599.6014324066
-13599.2431709592
-13599.2468425925
-13599.6464692041
-13600.2041776858
-13600.6749588617
-13600.9821547722
-13601.16184694
-13601.2644696243
-13601.3206042477
-13601.3437744067
-13601.3385091344
-13601.3059248955
-13601.2474937251
-13601.1674476806
-13601.0733813784
-13600.973608648
-13600.9061522503
-13600.8178814191
-13600.7435233319
-13600.6661242509
-13600.6558563504
-13600.6839190149
-13600.7414870008
-13600.8129898938
-13600.8829748602
-13600.9410654007
-13600.9819048836
-13601.0027648563
-13601.0005957058
-13600.9680347663
-13600.8861945716
-13600.7108684111
-13600.3556647724
-13599.7285097364
-13598.9571750734
-13598.5977013002
-13599.0597872385
-13599.9263617605
-13600.5866293731
-13600.9260812018
-13601.0811581988
-13601.1525043937
-13601.1812761382
-13601.1809299012
-13601.1548897705
-13601.1026001066
-13601.0206651852
-13600.9022656531
-13600.7376911443
-13600.5189700246
-13600.2518723987
-13599.9764829371
-13599.7763077906
-13599.742457172
-13599.8973627446
-13600.1609534961
-13600.4150523173
-13600.5876281933
-13600.67896841
-13600.7242142106
-13600.7491465052
-13600.7661013895
-13600.7852054641
-13600.8212556188
-13600.8951872329
-13601.0245683115
-13601.2075777139
-13601.4166336876
-13601.6166451069
-13601.786032972
-13601.9224847683
-13602.0347198196
-13602.1335924318
-13602.2281032082
-13602.325318638
-13602.4307270904
-13602.5477723122
-13602.6746651253
-13602.8037625002
-13602.9242675787
-13603.0280052531
-13603.112237865
-13603.1781359693
-13603.2280142957
-13603.2631555055
-13603.2824535147
-13603.2807831547
-13603.2452795145
-13603.1465519173
-13602.9216572625
-13602.4690528393
-13601.7511808497
-13601.0096298489
-13600.6553215312
-13600.8036348232
-13601.2142712749
-13601.6187904387
-13601.9030144063
-13602.0691884994
-13602.1557026643
-13602.1953798225
-13602.2066120711
-13602.1953102017
-13602.1533446933
-13602.0362332397
-13601.6370988093
-13600.2530606606
-13598.080169104
-13597.9460006581
-13599.5035660612
-13600.7584105531
-13601.4255984028
-13601.7915680457
-13602.0252897512
-13602.1915541891
-13602.3135719367
-13602.4010405732
-13602.4596100116
-13602.4929843973
-13602.5021116351
-13602.4842437157
-13602.4320603888
-13602.3341884789
-13602.1789926278
-13601.9634061076
-13601.7057589927
-13601.4497393159
-13601.2572810722
-13601.1971611698
-13601.318445687
-13601.6012803339
-13601.9454634609
-13602.238381612
-13602.4306491658
-13602.5360815712
-13602.5868911443
-13602.6083335807
-13602.6142500171
-13602.6087891
-13602.5847486357
-13602.5087996378
-13602.2743225319
-13601.676681059
-13600.7799561605
-13600.2767976248
-13600.5561577105
-13601.1908280997
-13601.7123614497
-13602.0366527778
-13602.2404788878
-13602.3828959446
-13602.4877260506
-13602.5616017831
-13602.6061088509
-13602.6227966571
-13602.612204412
-13602.569546515
-13602.4767249048
-13602.2844094976
-13601.8789913398
-13601.0944557675
-13599.9876739202
-13599.1738042364
-13599.2999612282
-13600.1781937367
-13601.0323574337
-13601.4775009266
-13601.6429835028
-13601.7003467169
-13601.7155928395
-13601.704276887
-13601.6745896878
-13601.6346867978
-13601.5879966158
-13601.5330660996
-13601.4669522756
-13601.3892747029
-13601.3104490843
-13601.2685976001
-13601.3499328506
-13601.6629248739
-13602.1898934024
-13602.7117584195
-13603.0612806426
-13603.2542745045
-13603.3555596493
-13603.4059887216
-13603.4248343539
-13603.421512054
-13603.4012197299
-13603.3646355291
-13603.3006582183
-13603.175336652
-13602.941664669
-13602.6144609613
-13602.3128501296
-13602.1235087372
-13602.0267358714
-13601.9732454449
-13601.9308126243
-13601.8829842915
-13601.8202052907
-13601.7336821008
-13601.6134766211
-13601.4507719471
-13601.2448557884
-13601.0141085165
-13600.8105164226
-13600.7253546643
-13600.8537953789
-13601.1847494852
-13601.5490059174
-13601.7997280394
-13601.936417427
-13602.0109223156
-13602.0543627323
-13602.0773019413
-13602.0832273388
-13602.073547829
-13602.0471780433
-13601.9956417954
-13601.8914756779
-13601.6769423933
-13601.324442044
-13600.9475920068
-13600.6944858984
-13600.6273979337
-13600.7583062723
-13601.0567668404
-13601.4450279604
-13601.8316485047
-13602.1553464258
-13602.3985450887
-13602.5708551831
-13602.6896148384
-13602.7692609415
-13602.8187628837
-13602.8421063738
-13602.8387123055
-13602.8004565558
-13602.6963918458
-13602.4239993576
-13601.7268338015
-13600.4268703965
-13599.3522096522
-13599.6625819125
-13600.7773517735
-13601.591862233
-13601.9589223195
-13602.1024950263
-13602.1587215777
-13602.175667454
-13602.1640981421
-13602.1213602304
-13602.0447490913
-13601.9418267337
-13601.8312321938
-13601.7264774727
-13601.6197103774
-13601.4789926088
-13601.2249255339
-13600.6850820998
-13599.7849950266
-13599.2855820617
-13600.1425144134
-13601.435600247
-13602.1174899784
-13602.3541653348
-13602.4337156346
-13602.4618151704
-13602.4664379232
-13602.4504002152
-13602.405487903
-13602.3162551913
-13602.1629198247
-13601.9326102783
-13601.6427800134
-13601.3876064857
-13601.2060921742
-13601.0786619684
-13600.8598537867
-13600.5974208275
-13600.609175619
-13600.8482035594
-13601.1063596123
-13601.2731610747
-13601.352315106
-13601.3780709
-13601.373666019
-13601.3425943404
-13601.2651904113
-13601.0906164691
-13600.7351701848
-13600.1496739238
-13599.5292266914
-13599.4496843181
-13600.2166425468
-13601.1934767821
-13601.6959629014
-13601.8846167997
-13601.9928620189
-13602.0535799948
-13602.0816495007
-13602.0812845426
-13602.0513011853
-13601.9873778554
-13601.8862916303
-13601.746040223
-13601.560058508
-13601.3106095178
-13600.9649325532
-13600.4872455591
-13599.8947747999
-13599.3499620261
-13599.140594576
-13599.4447035614
-13600.1267112958
-13600.816866249
-13601.2348045272
-13601.4127180051
-13601.4802964138
-13601.5032199453
-13601.5013714068
-13601.4750868432
-13601.4141150142
-13601.3048481659
-13601.1526749546
-13601.0307615406
-13601.1023681468
-13601.4940598133
-13602.0904691711
-13602.6015574159
-13602.882703114
-13603.0336078523
-13603.064531059
-13603.0988935198
-13603.1068361236
-13603.0880614165
-13603.0486660432
-13602.9965970265
-13602.9380629898
-13602.8763603469
-13602.81158129
-13602.7408386314
-13602.6590025808
-13602.5597025518
-13602.4388046337
-13602.3007457927
-13602.1657329142
-13602.0671466151
-13602.0317575145
-13602.0551660161
-13602.10537378
-13602.1536043724
-13602.1888129038
-13602.208743717
-13602.2078508748
-13602.1702573128
-13602.0738532935
-13601.9085404525
-13601.6923481658
-13601.4618252534
-13601.2453931204
-13601.0525588034
-13600.8793407745
-13600.7175228775
-13600.559089336
-13600.3980199864
-13600.230537629
-13600.0564141803
-13599.8822255911
-13599.7286637493
-13599.6397732634
-13599.6829391821
-13599.9146324113
-13600.3101776132
-13600.739306536
-13601.0695546341
-13601.2706753008
-13601.3832876313
-13601.4510591144
-13601.496042768
-13601.5227078007
-13601.5279540892
-13601.5120469668
-13601.4843381319
-13601.459340665
-13601.4513300184
-13601.5123213406
-13601.585507375
-13601.7936074425
-13602.0707377431
-13602.3386090781
-13602.5460712159
-13602.6891863443
-13602.7847780359
-13602.8487098433
-13602.8893023069
-13602.9077396953
-13602.8995941302
-13602.8552448561
-13602.7580381189
-13602.5773973044
-13602.2591831167
-13601.7446653188
-13601.1060372915
-13600.7259646702
-13601.0209084579
-13601.8159334181
-13602.5215489888
-13602.8843392858
-13603.0223491496
-13603.0674024878
-13603.0780866123
-13603.0751044064
-13603.0647062407
-13603.0470349627
-13603.0183090323
-13602.9717229173
-13602.899567847
-13602.7984429438
-13602.6732330137
-13602.5344060474
-13602.391511671
-13602.2501986093
-13602.1141122285
-13601.9885337563
-13601.8833715836
-13601.8109716728
-13601.7769947
-13601.7726115919
-13601.7782063573
-13601.7738906452
-13601.7443276964
-13601.6723588706
-13601.5211521734
-13601.2034269359
-13600.5926959177
-13599.7450026586
-13599.0828831907
-13599.0071775735
-13599.4457249185
-13600.0144974107
-13600.4533913315
-13600.7269018072
-13600.8873181538
-13600.9826806092
-13601.0393215451
-13601.0687187176
-13601.076095815
-13601.0677244382
-13601.0582191313
-13601.075259564
-13601.1579373052
-13601.3402777722
-13601.5961642658
-13601.8420723257
-13601.9791457599
-13602.0562352484
-13602.1469179766
-13602.2238035301
-13602.2812770748
-13602.3151032045
-13602.3230752007
-13602.3022589347
-13602.244711847
-13602.129139274
-13601.9048001224
-13601.4761500755
-13600.763281793
-13599.9556641381
-13599.6103707508
-13600.0301374599
-13600.8221747304
-13601.4695205285
-13601.8331937943
-13602.0039176408
-13602.0753107598
-13602.0965841759
-13602.0894234025
-13602.0641652943
-13602.0315210865
-13602.0083118221
-13602.0138805134
-13602.0572651267
-13602.1297112632
-13602.2149609316
-13602.3037060919
-13602.396553831
-13602.4992311859
-13602.6168562514
-13602.7455096181
-13602.8688045857
-13602.9683176801
-13603.0360543473
-13603.0760639492
-13603.0963748787
-13603.1020435307
-13603.0920051248
-13603.0551782701
-13602.9629922656
-13602.7598358408
-13602.3859737616
-13601.8783281454
-13601.4141765363
-13601.171149279
-13601.0627001562
-13601.0350527857
-13601.0712825337
-13601.2713100292
-13601.5162637984
-13601.700031993
-13601.7982566817
-13601.8373955889
-13601.8476486856
-13601.8458063255
-13601.8280651728
-13601.7327703247
-13601.3273627591
-13600.3634646385
-13599.4030920713
-13599.2458980714
-13599.5020468844
-13599.6596497622
-13599.8140764151
-13600.2309659118
-13600.8866847092
-13601.4875041634
-13601.8139465015
-13601.9436556989
-13601.9835193773
-13601.9903159072
-13601.9845109301
-13601.9646877176
-13601.9102442974
-13601.7829742329
-13601.553151057
-13601.2723215065
-13601.1052224924
-13601.1668422427
-13601.3673916901
-13601.5614601667
-13601.708637207
-13601.8345277839
-13601.9694044135
-13602.1273794277
-13602.2951221511
-13602.4430560838
-13602.5501757728
-13602.6135218888
-13602.640497532
-13602.6379604374
-13602.6039019172
-13602.5171423103
-13602.3121611971
-13601.8268957582
-13600.8369772557
-13599.5443338631
-13598.8635694061
-13599.2097799896
-13599.8559264868
-13600.6057010511
-13601.0301041495
-13601.2949023552
-13601.4389392992
-13601.5084949701
-13601.5305545607
-13601.5229513389
-13601.4956300495
-13601.4544466147
-13601.403027154
-13601.3421465109
-13601.2675715349
-13601.1668722739
-13601.0202975407
-13600.8148769393
-13600.5695229021
-13600.3401010611
-13600.1931813334
-13600.1785517802
-13600.3136498734
-13600.5773162581
-13600.9182480659
-13601.2759799013
-13601.602802166
-13601.873773941
-13602.0830331857
-13602.2351526406
-13602.3375897088
-13602.3979750538
-13602.4237343078
-13602.4216780299
-13602.3973365225
-13602.3564376883
-13602.3083120311
-13602.2661665557
-13602.2399473976
-13602.229511572
-13602.2271654657
-13602.2236427617
-13602.2114170084
-13602.1853046737
-13602.1410667785
-13602.0730304533
-13601.9708979655
-13601.8153367773
-13601.5706412285
-13601.177022628
-13600.5701211425
-13599.8098722099
-13599.31302674
-13599.679793912
-13600.770550823
-13601.6683311571
-13602.0853213605
-13602.2652631724
-13602.3584673794
-13602.4122507629
-13602.4391670481
-13602.4428738956
-13602.4261645505
-13602.3906662149
-13602.3339098947
-13602.2432875429
-13602.0797669092
-13601.7722690634
-13601.2919949616
-13600.8459981445
-13600.8758038697
-13601.4804518982
-13602.1669288005
-13602.5545779528
-13602.7026816748
-13602.7534058852
-13602.7718444115
-13602.7761351451
-13602.7651485384
-13602.7264336723
-13602.6357890729
-13602.4612970953
-13602.1894478865
-13601.8734423802
-13601.6205273479
-13601.4773473015
-13601.4303212349
-13601.3478351578
-13601.1411254778
-13600.6222046552
-13600.1555722881
-13600.4203698042
-13601.1620057071
-13601.6866856093
-13601.9106016929
-13601.9898670752
-13602.0181713968
-13602.028976052
-13602.0289422244
-13602.0114234825
-13601.9598294647
-13601.8467522062
-13601.6678931405
-13601.3182303112
-13600.7835328338
-13600.2821633762
-13600.4600731297
-13601.1860390454
-13601.7877756174
-13602.0365339434
-13602.1589499045
-13602.2109802246
-13602.2669694776
-13602.3004246598
-13602.3135768399
-13602.3068071278
-13602.2807135848
-13602.234236193
-13602.1622692134
-13602.0581896995
-13601.9256081517
-13601.7940425269
-13601.7101785462
-13601.6928600156
-13601.718796822
-13601.7735548672
-13601.8733203711
-13602.0373118235
-13602.2602892509
-13602.5104345473
-13602.7354832769
-13602.8928667205
-13602.9781324685
-13603.0140116768
-13603.0233109075
-13603.0169062235
-13602.9928300885
-13602.9380136738
-13602.8278641497
-13602.6277751096
-13602.3178398329
-13601.93718482
-13601.5860472674
-13601.3610896197
-13601.2831727588
-13601.2883210375
-13601.2994462134
-13601.323386005
-13601.2844854474
-13601.150564463
-13600.9456079502
-13600.602563019
-13600.1593854139
-13599.7067748243
-13599.3374396219
-13599.1174988861
-13599.0653176888
-13599.1412018509
-13599.2778151515
-13599.4234385648
-13599.5564093381
-13599.6751024921
-13599.7852712593
-13599.8945118259
-13600.0118873429
-13600.1491041286
-13600.3198233185
-13600.535101226
-13600.7955645414
-13601.0853327794
-13601.37580112
-13601.6392996194
-13601.8602871909
-13602.0367809556
-13602.1746425876
-13602.2814678178
-13602.36362784
-13602.4252892719
-13602.4687014629
-13602.4942115669
-13602.4986738393
-13602.4687377934
-13602.3694028031
-13602.1227966829
-13601.6326652444
-13600.9693857677
-13600.5245953084
-13600.6454226421
-13601.1715592417
-13601.7017904677
-13602.0512726674
-13602.2469288464
-13602.3561447591
-13602.4205055383
-13602.457121039
-13602.4692728636
-13602.4529003053
-13602.3987911888
-13602.2895803426
-13602.0884952806
-13601.7104955508
-13601.003517804
-13599.9840809509
-13599.1053070941
-13599.1868552694
-13600.2569842857
-13601.3360739574
-13601.8920105571
-13602.1137373392
-13602.1956555452
-13602.2195814382
-13602.2123221799
-13602.1770717589
-13602.1035337087
-13601.9747949561
-13601.7816536852
-13601.5419560604
-13601.3295062997
-13601.098179044
-13600.7801378602
-13600.2333233394
-13599.8094292307
-13599.9521027394
-13600.5103915512
-13601.1193801089
-13601.5515433255
-13601.7526287885
-13601.8328060311
-13601.8622178375
-13601.8687160744
-13601.8599792878
-13601.8314079849
-13601.7648739262
-13601.626469455
-13601.3817946899
-13601.0595536598
-13600.8261827372
-13600.8883950369
-13601.0891750287
-13601.2732079684
-13601.5183237768
-13601.9597058139
-13602.5967250829
-13603.0816636589
-13603.2899345478
-13603.3566392975
-13603.3759696218
-13603.3756313932
-13603.3585893907
-13603.3185529089
-13603.2441830408
-13603.121692512
-13602.9394549881
-13602.6964685311
-13602.4110227354
-13602.1139443495
-13601.8293927063
-13601.5768310573
-13601.3944769907
-13601.3339361873
-13601.4157780145
-13601.5975108778
-13601.8008252751
-13601.9700117579
-13602.0910257644
-13602.1715369342
-13602.2254831412
-13602.2702680743
-13602.3168360899
-13602.3649210685
-13602.4088457247
-13602.4416217014
-13602.4557106317
-13602.4439535776
-13602.3996060642
-13602.3125224258
-13602.1548860594
-13601.8335267743
-13601.0986372967
-13599.8005008877
-13598.9130636761
-13599.4564652088
-13600.5966046975
-13601.4070763653
-13601.8405760772
-13602.0641207654
-13602.1774587003
-13602.2286809452
-13602.2419005513
-13602.2284690078
-13602.1910568069
-13602.1252912352
-13602.018243661
-13601.8435139668
-13601.5614915945
-13601.1552923119
-13600.7167900487
-13600.4606515263
-13600.5412510748
-13600.8682606829
-13601.2289970711
-13601.5089519163
-13601.7022957677
-13601.8313032092
-13601.9129435588
-13601.9579535589
-13601.9736548474
-13601.9645846436
-13601.9326164201
-13601.8783960405
-13601.8039894203
-13601.7142567026
-13601.6101910997
-13601.4987993279
-13601.2202234343
-13600.5243049985
-13599.1876642999
-13598.3152529084
-13599.1287733247
-13600.5574655744
-13601.3965063087
-13601.7457188519
-13601.8932470316
-13601.9631997878
-13601.9962053075
-13602.0028727899
-13601.981387122
-13601.9225880325
-13601.8106051297
-13601.6211751585
-13601.3228503994
-13600.8998418799
-13600.4126643691
-13600.0288592744
-13599.9309114369
-13600.1711389256
-13600.629049157
-13601.0922478517
-13601.4057372213
-13601.56986092
-13601.6553339439
-13601.7050500509
-13601.7302075832
-13601.7302601477
-13601.703814783
-13601.6514995569
-13601.5761840973
-13601.483191261
-13601.3790644572
-13601.2677397412
-13601.1494922241
-13601.0273238498
-13600.9151942799
-13600.8420735317
-13600.8499518206
-13600.9812649459
-13601.260694014
-13601.6861246535
-13602.2159617416
-13602.7350976959
-13603.0771401208
-13603.2250503652
-13603.2776990874
-13603.2915988665
-13603.2817888678
-13603.2460299699
-13603.1801710156
-13603.0905489269
-13603.0361398645
-13603.0039296266
-13602.9565639885
-13602.67334726
-13602.2249406764
-13601.8141113616
-13601.5880136968
-13601.5287611608
-13601.5594315979
-13601.6175600882
-13601.6696817832
-13601.7025806065
-13601.7118270952
-13601.6922919125
-13601.6282201405
-13601.4762353568
-13601.1375473271
-13600.4709891149
-13599.5474948501
-13599.0510458579
-13599.7338554231
-13601.1158493522
-13602.0864909575
-13602.4520334615
-13602.5419961962
-13602.5561822809
-13602.5543487391
-13602.5344196674
-13602.4565254421
-13602.267334051
-13601.9941041598
-13601.7912410702
-13601.7452322875
-13601.7917999593
-13601.8537731342
-13601.9066985275
-13601.9523244028
-13601.9935339951
-13602.0257217108
-13602.038571182
-13602.0243351176
-13601.9814400958
-13601.9105636766
-13601.8080663749
-13601.6603114967
-13601.4436653545
-13601.1401243144
-13600.7654655341
-13600.3871251028
-13600.1155681065
-13600.0607280607
-13600.2616383731
-13600.651576148
-13601.10504139
-13601.5157299972
-13601.8302238725
-13602.035697319
-13602.14146266
-13602.2059628272
-13602.2086134931
-13602.1972195269
-13602.111123245
-13601.9912436411
-13601.8300851673
-13601.6733806519
-13601.5561017561
-13601.4856928937
-13601.4480471121
-13601.4264576493
-13601.4125196021
-13601.4062577566
-13601.4141460516
-13601.4474242193
-13601.5183084255
-13601.6336886388
-13601.79067295
-13601.9781547558
-13602.1820922946
-13602.3874978471
-13602.5757874236
-13602.7259527514
-13602.8260276644
-13602.8810235261
-13602.9064638399
-13602.9177297999
-13602.9243012338
-13602.9291348499
-13602.9289020514
-13602.9113603163
-13602.8470175921
-13602.675193077
-13602.3138826317
-13601.7631597485
-13601.1953968815
-13600.8272697136
-13600.7575534155
-13600.9421047393
-13601.2550046412
-13601.570216864
-13601.8175961182
-13601.9857774303
-13602.0929631874
-13602.1610153028
-13602.2048732366
-13602.2310751808
-13602.238126102
-13602.215049985
-13602.1414040966
-13602.0136842126
-13601.9063751753
-13601.9377352522
-13602.0829757699
-13602.1243464163
-13602.1244884458
-13602.0771673504
-13601.9533404822
-13601.94430982
-13602.0548548872
-13602.201684953
-13602.3145482492
-13602.3773090965
-13602.4023186187
-13602.4042329608
-13602.3886113146
-13602.3448310206
-13602.2322205262
-13601.9653931715
-13601.4735048778
-13600.8756739777
-13600.4561267621
-13600.385802959
-13600.6276450446
-13601.0178438769
-13601.3846704593
-13601.6492393685
-13601.8861701587
-13601.9750815859
-13602.0121418737
-13602.0153537697
-13602.0002225325
-13601.9701263552
-13601.9075691163
-13601.6986880609
-13601.4039709392
-13600.8854291697
-13600.4155340569
-13600.3779005939
-13600.5826654731
-13600.7778335483
-13600.9165375157
-13601.0090692604
-13601.069650821
-13601.1086166026
-13601.1331603138
-13601.1513289674
-13601.1769469017
-13601.2300421714
-13601.3323920515
-13601.5002481143
-13601.7317207399
-13601.9926356038
-13602.2268543925
-13602.397627583
-13602.5083348631
-13602.5828698482
-13602.6417427636
-13602.6945467098
-13602.7428590564
-13602.7852612848
-13602.8193443003
-13602.8406070045
-13602.8406401416
-13602.807701282
-13602.7258793086
-13602.5717478311
-13602.318937832
-13601.9705782654
-13601.6092707166
-13601.3833698569
-13601.3965835803
-13601.6256550185
-13601.9411689154
-13602.2109955412
-13602.3852702369
-13602.483973405
-13602.5402409167
-13602.5733692566
-13602.5905615314
-13602.5922450914
-13602.5711124102
-13602.4981521993
-13602.2793266545
-13601.7061170019
-13600.7135830429
-13599.9284334967
-13600.0603894747
-13600.8627750791
-13601.6785085535
-13602.2428870479
-13602.5866465125
-13602.7873853228
-13602.9000237112
-13602.9571591525
-13602.9768683994
-13602.9675423322
-13602.9294488275
-13602.8554745244
-13602.7303066539
-13602.5282198354
-13602.2094150572
-13601.7216203269
-13601.0253768693
-13600.1891117761
-13599.5616010263
-13599.7346919423
-13600.8184941227
-13601.8775191438
-13602.3438045574
-13602.4940230881
-13602.5429341947
-13602.5565662291
-13602.5518356539
-13602.5288113206
-13602.4749989958
-13602.3608550635
-13602.1385692869
-13601.7733687808
-13601.3342187953
-13601.0497314453
-13601.1274110147
-13601.4994544406
-13601.967000102
-13602.2966395777
-13602.5695602947
-13602.7615623207
-13602.8866019554
-13602.9610976895
-13602.9995822112
-13603.0107495621
-13602.9952549985
-13602.9405993656
-13602.7849695399
-13602.1744894871
-13600.0018856855
-13597.6429732408
-13597.9104380673
-13599.3622900312
-13600.3111313674
-13600.9465187849
-13601.4119745253
-13601.7836957335
-13602.096202863
-13602.30000034
-13602.4110427119
-13602.4605260791
-13602.4750420326
-13602.4684537122
-13602.437591375
-13602.3526170628
-13602.1385037789
-13601.6857769562
-13601.0213678415
-13600.5761317201
-13600.8281427616
-13601.544225657
-13602.1687364542
-13602.5391184549
-13602.7501164829
-13602.875464298
-13602.9403719262
-13602.9611797617
-13602.9536161492
-13602.9277138899
-13602.8889057188
-13602.8414129834
-13602.788793221
-13602.7310315589
-13602.6591462497
-13602.5488144403
-13602.3654687351
-13602.1020727051
-13601.8247394086
-13601.6400922344
-13601.5892151344
-13601.6537172279
-13601.7068185366
-13601.7520039103
-13601.8701194436
-13602.0144250112
-13602.1571144273
-13602.2844389288
-13602.4014935587
-13602.5234689031
-13602.6645106486
-13602.8205646178
-13602.9621012423
-13603.0678569547
-13603.1418934294
-13603.1950903248
-13603.2329985841
-13603.2555660066
-13603.2593797275
-13603.2388937998
-13603.1864780761
-13603.0882298059
-13602.911743148
-13602.5880939193
-13602.0715664401
-13601.5358674601
-13601.2663287
-13601.3279460381
-13601.5786738099
-13601.843123575
-13602.0301677018
-13602.1324563232
-13602.1755110535
-13602.1840774665
-13602.1709478045
-13602.1333862132
-13602.0436539416
-13601.8268619915
-13601.3659227348
-13600.6882220573
-13600.1368963046
-13599.9312026469
-13599.8645907313
-13599.8270575786
-13599.8730444569
-13599.9993720855
-13600.2073480037
-13600.4699253032
-13600.7444053537
-13600.9754702931
-13601.1298233669
-13601.2121948673
-13601.2442975998
-13601.2436386036
-13601.2161346041
-13601.1563221591
-13601.0533393477
-13600.909831909
-13600.7764210461
-13600.764567928
-13600.9657905169
-13601.3235360526
-13601.6695916201
-13601.9186408223
-13602.1019185762
-13602.2592146702
-13602.408068135
-13602.5509618524
-13602.6807131045
-13602.787640354
-13602.8657413798
-13602.9137682165
-13602.9327188262
-13602.923730221
-13602.8862758487
-13602.8151034193
-13602.6936459828
-13602.486099791
-13602.1525403231
-13601.7238915599
-13601.331190856
-13601.0675689839
-13600.9159027685
-13600.8239967308
