[double3(10.462200000000,0.000000000000,0.000000000000),double3(0.000000000000,7.187000000000,0.000000000000),double3(-5.190834425207,0.000000000000,12.412740121749)]

double3(0.045166666667,0.024100000000,0.086866666667),
double3(0.032133333333,0.039300000000,0.053933333333),
double3(0.288166666667,0.149100000000,0.246466666667),
double3(0.301200000000,0.164300000000,0.279400000000),
double3(0.288166666667,0.225900000000,0.246466666667),
double3(0.301200000000,0.210700000000,0.279400000000),
double3(0.045166666667,0.100900000000,0.086866666667),
double3(0.032133333333,0.085700000000,0.053933333333),
double3(0.285433333333,0.062500000000,0.241706666667),
double3(0.211666666667,0.062500000000,0.207533333333),
double3(0.201866666667,0.062500000000,0.258900000000),
double3(0.038100000000,0.062500000000,0.254233333333),
double3(0.314533333333,0.062500000000,0.200500000000),
double3(0.300833333333,0.062500000000,0.300800000000),
double3(0.188000000000,0.062500000000,0.226366666667),
double3(0.135933333333,0.062500000000,0.204833333333),
double3(0.119800000000,0.062500000000,0.168400000000),
double3(0.140500000000,0.062500000000,0.157000000000),
double3(0.071433333333,0.062500000000,0.147566666667),
double3(0.042133333333,0.062500000000,0.164333333333),
double3(0.010433333333,0.062500000000,0.151166666667),
double3(0.059866666667,0.062500000000,0.202666666667),
double3(0.104733333333,0.062500000000,0.222600000000),
double3(0.115466666667,0.062500000000,0.247533333333),
double3(0.023700000000,0.062500000000,0.219666666667),
double3(0.054633333333,0.062500000000,0.107533333333),
double3(0.047900000000,0.187500000000,0.091626666667),
double3(0.121666666667,0.187500000000,0.125800000000),
double3(0.131466666667,0.187500000000,0.074433333333),
double3(0.295233333333,0.187500000000,0.079100000000),
double3(0.018800000000,0.187500000000,0.132833333333),
double3(0.032500000000,0.187500000000,0.032533333333),
double3(0.145333333333,0.187500000000,0.106966666667),
double3(0.197400000000,0.187500000000,0.128500000000),
double3(0.213533333333,0.187500000000,0.164933333333),
double3(0.192833333333,0.187500000000,0.176333333333),
double3(0.261900000000,0.187500000000,0.185766666667),
double3(0.291200000000,0.187500000000,0.169000000000),
double3(0.322900000000,0.187500000000,0.182166666667),
double3(0.273466666667,0.187500000000,0.130666666667),
double3(0.228600000000,0.187500000000,0.110733333333),
double3(0.217866666667,0.187500000000,0.085800000000),
double3(0.309633333333,0.187500000000,0.113666666667),
double3(0.278700000000,0.187500000000,0.225800000000),
double3(0.000000000000,0.000000000000,0.000000000000),
double3(0.000000000000,0.125000000000,0.000000000000),
double3(0.045166666667,0.024100000000,0.420200000000),
double3(0.032133333333,0.039300000000,0.387266666667),
double3(0.288166666667,0.149100000000,0.579800000000),
double3(0.301200000000,0.164300000000,0.612733333333),
double3(0.288166666667,0.225900000000,0.579800000000),
double3(0.301200000000,0.210700000000,0.612733333333),
double3(0.045166666667,0.100900000000,0.420200000000),
double3(0.032133333333,0.085700000000,0.387266666667),
double3(0.285433333333,0.062500000000,0.575040000000),
double3(0.211666666667,0.062500000000,0.540866666667),
double3(0.201866666667,0.062500000000,0.592233333333),
double3(0.038100000000,0.062500000000,0.587566666667),
double3(0.314533333333,0.062500000000,0.533833333333),
double3(0.300833333333,0.062500000000,0.634133333333),
double3(0.188000000000,0.062500000000,0.559700000000),
double3(0.135933333333,0.062500000000,0.538166666667),
double3(0.119800000000,0.062500000000,0.501733333333),
double3(0.140500000000,0.062500000000,0.490333333333),
double3(0.071433333333,0.062500000000,0.480900000000),
double3(0.042133333333,0.062500000000,0.497666666667),
double3(0.010433333333,0.062500000000,0.484500000000),
double3(0.059866666667,0.062500000000,0.536000000000),
double3(0.104733333333,0.062500000000,0.555933333333),
double3(0.115466666667,0.062500000000,0.580866666667),
double3(0.023700000000,0.062500000000,0.553000000000),
double3(0.054633333333,0.062500000000,0.440866666667),
double3(0.047900000000,0.187500000000,0.424960000000),
double3(0.121666666667,0.187500000000,0.459133333333),
double3(0.131466666667,0.187500000000,0.407766666667),
double3(0.295233333333,0.187500000000,0.412433333333),
double3(0.018800000000,0.187500000000,0.466166666667),
double3(0.032500000000,0.187500000000,0.365866666667),
double3(0.145333333333,0.187500000000,0.440300000000),
double3(0.197400000000,0.187500000000,0.461833333333),
double3(0.213533333333,0.187500000000,0.498266666667),
double3(0.192833333333,0.187500000000,0.509666666667),
double3(0.261900000000,0.187500000000,0.519100000000),
double3(0.291200000000,0.187500000000,0.502333333333),
double3(0.322900000000,0.187500000000,0.515500000000),
double3(0.273466666667,0.187500000000,0.464000000000),
double3(0.228600000000,0.187500000000,0.444066666667),
double3(0.217866666667,0.187500000000,0.419133333333),
double3(0.309633333333,0.187500000000,0.447000000000),
double3(0.278700000000,0.187500000000,0.559133333333),
double3(0.000000000000,0.000000000000,0.333333333333),
double3(0.000000000000,0.125000000000,0.333333333333),
double3(0.045166666667,0.024100000000,0.753533333333),
double3(0.032133333333,0.039300000000,0.720600000000),
double3(0.288166666667,0.149100000000,0.913133333333),
double3(0.301200000000,0.164300000000,0.946066666667),
double3(0.288166666667,0.225900000000,0.913133333333),
double3(0.301200000000,0.210700000000,0.946066666667),
double3(0.045166666667,0.100900000000,0.753533333333),
double3(0.032133333333,0.085700000000,0.720600000000),
double3(0.285433333333,0.062500000000,0.908373333333),
double3(0.211666666667,0.062500000000,0.874200000000),
double3(0.201866666667,0.062500000000,0.925566666667),
double3(0.038100000000,0.062500000000,0.920900000000),
double3(0.314533333333,0.062500000000,0.867166666667),
double3(0.300833333333,0.062500000000,0.967466666667),
double3(0.188000000000,0.062500000000,0.893033333333),
double3(0.135933333333,0.062500000000,0.871500000000),
double3(0.119800000000,0.062500000000,0.835066666667),
double3(0.140500000000,0.062500000000,0.823666666667),
double3(0.071433333333,0.062500000000,0.814233333333),
double3(0.042133333333,0.062500000000,0.831000000000),
double3(0.010433333333,0.062500000000,0.817833333333),
double3(0.059866666667,0.062500000000,0.869333333333),
double3(0.104733333333,0.062500000000,0.889266666667),
double3(0.115466666667,0.062500000000,0.914200000000),
double3(0.023700000000,0.062500000000,0.886333333333),
double3(0.054633333333,0.062500000000,0.774200000000),
double3(0.047900000000,0.187500000000,0.758293333333),
double3(0.121666666667,0.187500000000,0.792466666667),
double3(0.131466666667,0.187500000000,0.741100000000),
double3(0.295233333333,0.187500000000,0.745766666667),
double3(0.018800000000,0.187500000000,0.799500000000),
double3(0.032500000000,0.187500000000,0.699200000000),
double3(0.145333333333,0.187500000000,0.773633333333),
double3(0.197400000000,0.187500000000,0.795166666667),
double3(0.213533333333,0.187500000000,0.831600000000),
double3(0.192833333333,0.187500000000,0.843000000000),
double3(0.261900000000,0.187500000000,0.852433333333),
double3(0.291200000000,0.187500000000,0.835666666667),
double3(0.322900000000,0.187500000000,0.848833333333),
double3(0.273466666667,0.187500000000,0.797333333333),
double3(0.228600000000,0.187500000000,0.777400000000),
double3(0.217866666667,0.187500000000,0.752466666667),
double3(0.309633333333,0.187500000000,0.780333333333),
double3(0.278700000000,0.187500000000,0.892466666667),
double3(0.000000000000,0.000000000000,0.666666666667),
double3(0.000000000000,0.125000000000,0.666666666667),
double3(0.045166666667,0.274100000000,0.086866666667),
double3(0.032133333333,0.289300000000,0.053933333333),
double3(0.288166666667,0.399100000000,0.246466666667),
double3(0.301200000000,0.414300000000,0.279400000000),
double3(0.288166666667,0.475900000000,0.246466666667),
double3(0.301200000000,0.460700000000,0.279400000000),
double3(0.045166666667,0.350900000000,0.086866666667),
double3(0.032133333333,0.335700000000,0.053933333333),
double3(0.285433333333,0.312500000000,0.241706666667),
double3(0.211666666667,0.312500000000,0.207533333333),
double3(0.201866666667,0.312500000000,0.258900000000),
double3(0.038100000000,0.312500000000,0.254233333333),
double3(0.314533333333,0.312500000000,0.200500000000),
double3(0.300833333333,0.312500000000,0.300800000000),
double3(0.188000000000,0.312500000000,0.226366666667),
double3(0.135933333333,0.312500000000,0.204833333333),
double3(0.119800000000,0.312500000000,0.168400000000),
double3(0.140500000000,0.312500000000,0.157000000000),
double3(0.071433333333,0.312500000000,0.147566666667),
double3(0.042133333333,0.312500000000,0.164333333333),
double3(0.010433333333,0.312500000000,0.151166666667),
double3(0.059866666667,0.312500000000,0.202666666667),
double3(0.104733333333,0.312500000000,0.222600000000),
double3(0.115466666667,0.312500000000,0.247533333333),
double3(0.023700000000,0.312500000000,0.219666666667),
double3(0.054633333333,0.312500000000,0.107533333333),
double3(0.047900000000,0.437500000000,0.091626666667),
double3(0.121666666667,0.437500000000,0.125800000000),
double3(0.131466666667,0.437500000000,0.074433333333),
double3(0.295233333333,0.437500000000,0.079100000000),
double3(0.018800000000,0.437500000000,0.132833333333),
double3(0.032500000000,0.437500000000,0.032533333333),
double3(0.145333333333,0.437500000000,0.106966666667),
double3(0.197400000000,0.437500000000,0.128500000000),
double3(0.213533333333,0.437500000000,0.164933333333),
double3(0.192833333333,0.437500000000,0.176333333333),
double3(0.261900000000,0.437500000000,0.185766666667),
double3(0.291200000000,0.437500000000,0.169000000000),
double3(0.322900000000,0.437500000000,0.182166666667),
double3(0.273466666667,0.437500000000,0.130666666667),
double3(0.228600000000,0.437500000000,0.110733333333),
double3(0.217866666667,0.437500000000,0.085800000000),
double3(0.309633333333,0.437500000000,0.113666666667),
double3(0.278700000000,0.437500000000,0.225800000000),
double3(0.000000000000,0.250000000000,0.000000000000),
double3(0.000000000000,0.375000000000,0.000000000000),
double3(0.045166666667,0.274100000000,0.420200000000),
double3(0.032133333333,0.289300000000,0.387266666667),
double3(0.288166666667,0.399100000000,0.579800000000),
double3(0.301200000000,0.414300000000,0.612733333333),
double3(0.288166666667,0.475900000000,0.579800000000),
double3(0.301200000000,0.460700000000,0.612733333333),
double3(0.045166666667,0.350900000000,0.420200000000),
double3(0.032133333333,0.335700000000,0.387266666667),
double3(0.285433333333,0.312500000000,0.575040000000),
double3(0.211666666667,0.312500000000,0.540866666667),
double3(0.201866666667,0.312500000000,0.592233333333),
double3(0.038100000000,0.312500000000,0.587566666667),
double3(0.314533333333,0.312500000000,0.533833333333),
double3(0.300833333333,0.312500000000,0.634133333333),
double3(0.188000000000,0.312500000000,0.559700000000),
double3(0.135933333333,0.312500000000,0.538166666667),
double3(0.119800000000,0.312500000000,0.501733333333),
double3(0.140500000000,0.312500000000,0.490333333333),
double3(0.071433333333,0.312500000000,0.480900000000),
double3(0.042133333333,0.312500000000,0.497666666667),
double3(0.010433333333,0.312500000000,0.484500000000),
double3(0.059866666667,0.312500000000,0.536000000000),
double3(0.104733333333,0.312500000000,0.555933333333),
double3(0.115466666667,0.312500000000,0.580866666667),
double3(0.023700000000,0.312500000000,0.553000000000),
double3(0.054633333333,0.312500000000,0.440866666667),
double3(0.047900000000,0.437500000000,0.424960000000),
double3(0.121666666667,0.437500000000,0.459133333333),
double3(0.131466666667,0.437500000000,0.407766666667),
double3(0.295233333333,0.437500000000,0.412433333333),
double3(0.018800000000,0.437500000000,0.466166666667),
double3(0.032500000000,0.437500000000,0.365866666667),
double3(0.145333333333,0.437500000000,0.440300000000),
double3(0.197400000000,0.437500000000,0.461833333333),
double3(0.213533333333,0.437500000000,0.498266666667),
double3(0.192833333333,0.437500000000,0.509666666667),
double3(0.261900000000,0.437500000000,0.519100000000),
double3(0.291200000000,0.437500000000,0.502333333333),
double3(0.322900000000,0.437500000000,0.515500000000),
double3(0.273466666667,0.437500000000,0.464000000000),
double3(0.228600000000,0.437500000000,0.444066666667),
double3(0.217866666667,0.437500000000,0.419133333333),
double3(0.309633333333,0.437500000000,0.447000000000),
double3(0.278700000000,0.437500000000,0.559133333333),
double3(0.000000000000,0.250000000000,0.333333333333),
double3(0.000000000000,0.375000000000,0.333333333333),
double3(0.045166666667,0.274100000000,0.753533333333),
double3(0.032133333333,0.289300000000,0.720600000000),
double3(0.288166666667,0.399100000000,0.913133333333),
double3(0.301200000000,0.414300000000,0.946066666667),
double3(0.288166666667,0.475900000000,0.913133333333),
double3(0.301200000000,0.460700000000,0.946066666667),
double3(0.045166666667,0.350900000000,0.753533333333),
double3(0.032133333333,0.335700000000,0.720600000000),
double3(0.285433333333,0.312500000000,0.908373333333),
double3(0.211666666667,0.312500000000,0.874200000000),
double3(0.201866666667,0.312500000000,0.925566666667),
double3(0.038100000000,0.312500000000,0.920900000000),
double3(0.314533333333,0.312500000000,0.867166666667),
double3(0.300833333333,0.312500000000,0.967466666667),
double3(0.188000000000,0.312500000000,0.893033333333),
double3(0.135933333333,0.312500000000,0.871500000000),
double3(0.119800000000,0.312500000000,0.835066666667),
double3(0.140500000000,0.312500000000,0.823666666667),
double3(0.071433333333,0.312500000000,0.814233333333),
double3(0.042133333333,0.312500000000,0.831000000000),
double3(0.010433333333,0.312500000000,0.817833333333),
double3(0.059866666667,0.312500000000,0.869333333333),
double3(0.104733333333,0.312500000000,0.889266666667),
double3(0.115466666667,0.312500000000,0.914200000000),
double3(0.023700000000,0.312500000000,0.886333333333),
double3(0.054633333333,0.312500000000,0.774200000000),
double3(0.047900000000,0.437500000000,0.758293333333),
double3(0.121666666667,0.437500000000,0.792466666667),
double3(0.131466666667,0.437500000000,0.741100000000),
double3(0.295233333333,0.437500000000,0.745766666667),
double3(0.018800000000,0.437500000000,0.799500000000),
double3(0.032500000000,0.437500000000,0.699200000000),
double3(0.145333333333,0.437500000000,0.773633333333),
double3(0.197400000000,0.437500000000,0.795166666667),
double3(0.213533333333,0.437500000000,0.831600000000),
double3(0.192833333333,0.437500000000,0.843000000000),
double3(0.261900000000,0.437500000000,0.852433333333),
double3(0.291200000000,0.437500000000,0.835666666667),
double3(0.322900000000,0.437500000000,0.848833333333),
double3(0.273466666667,0.437500000000,0.797333333333),
double3(0.228600000000,0.437500000000,0.777400000000),
double3(0.217866666667,0.437500000000,0.752466666667),
double3(0.309633333333,0.437500000000,0.780333333333),
double3(0.278700000000,0.437500000000,0.892466666667),
double3(0.000000000000,0.250000000000,0.666666666667),
double3(0.000000000000,0.375000000000,0.666666666667),
double3(0.045166666667,0.524100000000,0.086866666667),
double3(0.032133333333,0.539300000000,0.053933333333),
double3(0.288166666667,0.649100000000,0.246466666667),
double3(0.301200000000,0.664300000000,0.279400000000),
double3(0.288166666667,0.725900000000,0.246466666667),
double3(0.301200000000,0.710700000000,0.279400000000),
double3(0.045166666667,0.600900000000,0.086866666667),
double3(0.032133333333,0.585700000000,0.053933333333),
double3(0.285433333333,0.562500000000,0.241706666667),
double3(0.211666666667,0.562500000000,0.207533333333),
double3(0.201866666667,0.562500000000,0.258900000000),
double3(0.038100000000,0.562500000000,0.254233333333),
double3(0.314533333333,0.562500000000,0.200500000000),
double3(0.300833333333,0.562500000000,0.300800000000),
double3(0.188000000000,0.562500000000,0.226366666667),
double3(0.135933333333,0.562500000000,0.204833333333),
double3(0.119800000000,0.562500000000,0.168400000000),
double3(0.140500000000,0.562500000000,0.157000000000),
double3(0.071433333333,0.562500000000,0.147566666667),
double3(0.042133333333,0.562500000000,0.164333333333),
double3(0.010433333333,0.562500000000,0.151166666667),
double3(0.059866666667,0.562500000000,0.202666666667),
double3(0.104733333333,0.562500000000,0.222600000000),
double3(0.115466666667,0.562500000000,0.247533333333),
double3(0.023700000000,0.562500000000,0.219666666667),
double3(0.054633333333,0.562500000000,0.107533333333),
double3(0.047900000000,0.687500000000,0.091626666667),
double3(0.121666666667,0.687500000000,0.125800000000),
double3(0.131466666667,0.687500000000,0.074433333333),
double3(0.295233333333,0.687500000000,0.079100000000),
double3(0.018800000000,0.687500000000,0.132833333333),
double3(0.032500000000,0.687500000000,0.032533333333),
double3(0.145333333333,0.687500000000,0.106966666667),
double3(0.197400000000,0.687500000000,0.128500000000),
double3(0.213533333333,0.687500000000,0.164933333333),
double3(0.192833333333,0.687500000000,0.176333333333),
double3(0.261900000000,0.687500000000,0.185766666667),
double3(0.291200000000,0.687500000000,0.169000000000),
double3(0.322900000000,0.687500000000,0.182166666667),
double3(0.273466666667,0.687500000000,0.130666666667),
double3(0.228600000000,0.687500000000,0.110733333333),
double3(0.217866666667,0.687500000000,0.085800000000),
double3(0.309633333333,0.687500000000,0.113666666667),
double3(0.278700000000,0.687500000000,0.225800000000),
double3(0.000000000000,0.500000000000,0.000000000000),
double3(0.000000000000,0.625000000000,0.000000000000),
double3(0.045166666667,0.524100000000,0.420200000000),
double3(0.032133333333,0.539300000000,0.387266666667),
double3(0.288166666667,0.649100000000,0.579800000000),
double3(0.301200000000,0.664300000000,0.612733333333),
double3(0.288166666667,0.725900000000,0.579800000000),
double3(0.301200000000,0.710700000000,0.612733333333),
double3(0.045166666667,0.600900000000,0.420200000000),
double3(0.032133333333,0.585700000000,0.387266666667),
double3(0.285433333333,0.562500000000,0.575040000000),
double3(0.211666666667,0.562500000000,0.540866666667),
double3(0.201866666667,0.562500000000,0.592233333333),
double3(0.038100000000,0.562500000000,0.587566666667),
double3(0.314533333333,0.562500000000,0.533833333333),
double3(0.300833333333,0.562500000000,0.634133333333),
double3(0.188000000000,0.562500000000,0.559700000000),
double3(0.135933333333,0.562500000000,0.538166666667),
double3(0.119800000000,0.562500000000,0.501733333333),
double3(0.140500000000,0.562500000000,0.490333333333),
double3(0.071433333333,0.562500000000,0.480900000000),
double3(0.042133333333,0.562500000000,0.497666666667),
double3(0.010433333333,0.562500000000,0.484500000000),
double3(0.059866666667,0.562500000000,0.536000000000),
double3(0.104733333333,0.562500000000,0.555933333333),
double3(0.115466666667,0.562500000000,0.580866666667),
double3(0.023700000000,0.562500000000,0.553000000000),
double3(0.054633333333,0.562500000000,0.440866666667),
double3(0.047900000000,0.687500000000,0.424960000000),
double3(0.121666666667,0.687500000000,0.459133333333),
double3(0.131466666667,0.687500000000,0.407766666667),
double3(0.295233333333,0.687500000000,0.412433333333),
double3(0.018800000000,0.687500000000,0.466166666667),
double3(0.032500000000,0.687500000000,0.365866666667),
double3(0.145333333333,0.687500000000,0.440300000000),
double3(0.197400000000,0.687500000000,0.461833333333),
double3(0.213533333333,0.687500000000,0.498266666667),
double3(0.192833333333,0.687500000000,0.509666666667),
double3(0.261900000000,0.687500000000,0.519100000000),
double3(0.291200000000,0.687500000000,0.502333333333),
double3(0.322900000000,0.687500000000,0.515500000000),
double3(0.273466666667,0.687500000000,0.464000000000),
double3(0.228600000000,0.687500000000,0.444066666667),
double3(0.217866666667,0.687500000000,0.419133333333),
double3(0.309633333333,0.687500000000,0.447000000000),
double3(0.278700000000,0.687500000000,0.559133333333),
double3(0.000000000000,0.500000000000,0.333333333333),
double3(0.000000000000,0.625000000000,0.333333333333),
double3(0.045166666667,0.524100000000,0.753533333333),
double3(0.032133333333,0.539300000000,0.720600000000),
double3(0.288166666667,0.649100000000,0.913133333333),
double3(0.301200000000,0.664300000000,0.946066666667),
double3(0.288166666667,0.725900000000,0.913133333333),
double3(0.301200000000,0.710700000000,0.946066666667),
double3(0.045166666667,0.600900000000,0.753533333333),
double3(0.032133333333,0.585700000000,0.720600000000),
double3(0.285433333333,0.562500000000,0.908373333333),
double3(0.211666666667,0.562500000000,0.874200000000),
double3(0.201866666667,0.562500000000,0.925566666667),
double3(0.038100000000,0.562500000000,0.920900000000),
double3(0.314533333333,0.562500000000,0.867166666667),
double3(0.300833333333,0.562500000000,0.967466666667),
double3(0.188000000000,0.562500000000,0.893033333333),
double3(0.135933333333,0.562500000000,0.871500000000),
double3(0.119800000000,0.562500000000,0.835066666667),
double3(0.140500000000,0.562500000000,0.823666666667),
double3(0.071433333333,0.562500000000,0.814233333333),
double3(0.042133333333,0.562500000000,0.831000000000),
double3(0.010433333333,0.562500000000,0.817833333333),
double3(0.059866666667,0.562500000000,0.869333333333),
double3(0.104733333333,0.562500000000,0.889266666667),
double3(0.115466666667,0.562500000000,0.914200000000),
double3(0.023700000000,0.562500000000,0.886333333333),
double3(0.054633333333,0.562500000000,0.774200000000),
double3(0.047900000000,0.687500000000,0.758293333333),
double3(0.121666666667,0.687500000000,0.792466666667),
double3(0.131466666667,0.687500000000,0.741100000000),
double3(0.295233333333,0.687500000000,0.745766666667),
double3(0.018800000000,0.687500000000,0.799500000000),
double3(0.032500000000,0.687500000000,0.699200000000),
double3(0.145333333333,0.687500000000,0.773633333333),
double3(0.197400000000,0.687500000000,0.795166666667),
double3(0.213533333333,0.687500000000,0.831600000000),
double3(0.192833333333,0.687500000000,0.843000000000),
double3(0.261900000000,0.687500000000,0.852433333333),
double3(0.291200000000,0.687500000000,0.835666666667),
double3(0.322900000000,0.687500000000,0.848833333333),
double3(0.273466666667,0.687500000000,0.797333333333),
double3(0.228600000000,0.687500000000,0.777400000000),
double3(0.217866666667,0.687500000000,0.752466666667),
double3(0.309633333333,0.687500000000,0.780333333333),
double3(0.278700000000,0.687500000000,0.892466666667),
double3(0.000000000000,0.500000000000,0.666666666667),
double3(0.000000000000,0.625000000000,0.666666666667),
double3(0.045166666667,0.774100000000,0.086866666667),
double3(0.032133333333,0.789300000000,0.053933333333),
double3(0.288166666667,0.899100000000,0.246466666667),
double3(0.301200000000,0.914300000000,0.279400000000),
double3(0.288166666667,0.975900000000,0.246466666667),
double3(0.301200000000,0.960700000000,0.279400000000),
double3(0.045166666667,0.850900000000,0.086866666667),
double3(0.032133333333,0.835700000000,0.053933333333),
double3(0.285433333333,0.812500000000,0.241706666667),
double3(0.211666666667,0.812500000000,0.207533333333),
double3(0.201866666667,0.812500000000,0.258900000000),
double3(0.038100000000,0.812500000000,0.254233333333),
double3(0.314533333333,0.812500000000,0.200500000000),
double3(0.300833333333,0.812500000000,0.300800000000),
double3(0.188000000000,0.812500000000,0.226366666667),
double3(0.135933333333,0.812500000000,0.204833333333),
double3(0.119800000000,0.812500000000,0.168400000000),
double3(0.140500000000,0.812500000000,0.157000000000),
double3(0.071433333333,0.812500000000,0.147566666667),
double3(0.042133333333,0.812500000000,0.164333333333),
double3(0.010433333333,0.812500000000,0.151166666667),
double3(0.059866666667,0.812500000000,0.202666666667),
double3(0.104733333333,0.812500000000,0.222600000000),
double3(0.115466666667,0.812500000000,0.247533333333),
double3(0.023700000000,0.812500000000,0.219666666667),
double3(0.054633333333,0.812500000000,0.107533333333),
double3(0.047900000000,0.937500000000,0.091626666667),
double3(0.121666666667,0.937500000000,0.125800000000),
double3(0.131466666667,0.937500000000,0.074433333333),
double3(0.295233333333,0.937500000000,0.079100000000),
double3(0.018800000000,0.937500000000,0.132833333333),
double3(0.032500000000,0.937500000000,0.032533333333),
double3(0.145333333333,0.937500000000,0.106966666667),
double3(0.197400000000,0.937500000000,0.128500000000),
double3(0.213533333333,0.937500000000,0.164933333333),
double3(0.192833333333,0.937500000000,0.176333333333),
double3(0.261900000000,0.937500000000,0.185766666667),
double3(0.291200000000,0.937500000000,0.169000000000),
double3(0.322900000000,0.937500000000,0.182166666667),
double3(0.273466666667,0.937500000000,0.130666666667),
double3(0.228600000000,0.937500000000,0.110733333333),
double3(0.217866666667,0.937500000000,0.085800000000),
double3(0.309633333333,0.937500000000,0.113666666667),
double3(0.278700000000,0.937500000000,0.225800000000),
double3(0.000000000000,0.750000000000,0.000000000000),
double3(0.000000000000,0.875000000000,0.000000000000),
double3(0.045166666667,0.774100000000,0.420200000000),
double3(0.032133333333,0.789300000000,0.387266666667),
double3(0.288166666667,0.899100000000,0.579800000000),
double3(0.301200000000,0.914300000000,0.612733333333),
double3(0.288166666667,0.975900000000,0.579800000000),
double3(0.301200000000,0.960700000000,0.612733333333),
double3(0.045166666667,0.850900000000,0.420200000000),
double3(0.032133333333,0.835700000000,0.387266666667),
double3(0.285433333333,0.812500000000,0.575040000000),
double3(0.211666666667,0.812500000000,0.540866666667),
double3(0.201866666667,0.812500000000,0.592233333333),
double3(0.038100000000,0.812500000000,0.587566666667),
double3(0.314533333333,0.812500000000,0.533833333333),
double3(0.300833333333,0.812500000000,0.634133333333),
double3(0.188000000000,0.812500000000,0.559700000000),
double3(0.135933333333,0.812500000000,0.538166666667),
double3(0.119800000000,0.812500000000,0.501733333333),
double3(0.140500000000,0.812500000000,0.490333333333),
double3(0.071433333333,0.812500000000,0.480900000000),
double3(0.042133333333,0.812500000000,0.497666666667),
double3(0.010433333333,0.812500000000,0.484500000000),
double3(0.059866666667,0.812500000000,0.536000000000),
double3(0.104733333333,0.812500000000,0.555933333333),
double3(0.115466666667,0.812500000000,0.580866666667),
double3(0.023700000000,0.812500000000,0.553000000000),
double3(0.054633333333,0.812500000000,0.440866666667),
double3(0.047900000000,0.937500000000,0.424960000000),
double3(0.121666666667,0.937500000000,0.459133333333),
double3(0.131466666667,0.937500000000,0.407766666667),
double3(0.295233333333,0.937500000000,0.412433333333),
double3(0.018800000000,0.937500000000,0.466166666667),
double3(0.032500000000,0.937500000000,0.365866666667),
double3(0.145333333333,0.937500000000,0.440300000000),
double3(0.197400000000,0.937500000000,0.461833333333),
double3(0.213533333333,0.937500000000,0.498266666667),
double3(0.192833333333,0.937500000000,0.509666666667),
double3(0.261900000000,0.937500000000,0.519100000000),
double3(0.291200000000,0.937500000000,0.502333333333),
double3(0.322900000000,0.937500000000,0.515500000000),
double3(0.273466666667,0.937500000000,0.464000000000),
double3(0.228600000000,0.937500000000,0.444066666667),
double3(0.217866666667,0.937500000000,0.419133333333),
double3(0.309633333333,0.937500000000,0.447000000000),
double3(0.278700000000,0.937500000000,0.559133333333),
double3(0.000000000000,0.750000000000,0.333333333333),
double3(0.000000000000,0.875000000000,0.333333333333),
double3(0.045166666667,0.774100000000,0.753533333333),
double3(0.032133333333,0.789300000000,0.720600000000),
double3(0.288166666667,0.899100000000,0.913133333333),
double3(0.301200000000,0.914300000000,0.946066666667),
double3(0.288166666667,0.975900000000,0.913133333333),
double3(0.301200000000,0.960700000000,0.946066666667),
double3(0.045166666667,0.850900000000,0.753533333333),
double3(0.032133333333,0.835700000000,0.720600000000),
double3(0.285433333333,0.812500000000,0.908373333333),
double3(0.211666666667,0.812500000000,0.874200000000),
double3(0.201866666667,0.812500000000,0.925566666667),
double3(0.038100000000,0.812500000000,0.920900000000),
double3(0.314533333333,0.812500000000,0.867166666667),
double3(0.300833333333,0.812500000000,0.967466666667),
double3(0.188000000000,0.812500000000,0.893033333333),
double3(0.135933333333,0.812500000000,0.871500000000),
double3(0.119800000000,0.812500000000,0.835066666667),
double3(0.140500000000,0.812500000000,0.823666666667),
double3(0.071433333333,0.812500000000,0.814233333333),
double3(0.042133333333,0.812500000000,0.831000000000),
double3(0.010433333333,0.812500000000,0.817833333333),
double3(0.059866666667,0.812500000000,0.869333333333),
double3(0.104733333333,0.812500000000,0.889266666667),
double3(0.115466666667,0.812500000000,0.914200000000),
double3(0.023700000000,0.812500000000,0.886333333333),
double3(0.054633333333,0.812500000000,0.774200000000),
double3(0.047900000000,0.937500000000,0.758293333333),
double3(0.121666666667,0.937500000000,0.792466666667),
double3(0.131466666667,0.937500000000,0.741100000000),
double3(0.295233333333,0.937500000000,0.745766666667),
double3(0.018800000000,0.937500000000,0.799500000000),
double3(0.032500000000,0.937500000000,0.699200000000),
double3(0.145333333333,0.937500000000,0.773633333333),
double3(0.197400000000,0.937500000000,0.795166666667),
double3(0.213533333333,0.937500000000,0.831600000000),
double3(0.192833333333,0.937500000000,0.843000000000),
double3(0.261900000000,0.937500000000,0.852433333333),
double3(0.291200000000,0.937500000000,0.835666666667),
double3(0.322900000000,0.937500000000,0.848833333333),
double3(0.273466666667,0.937500000000,0.797333333333),
double3(0.228600000000,0.937500000000,0.777400000000),
double3(0.217866666667,0.937500000000,0.752466666667),
double3(0.309633333333,0.937500000000,0.780333333333),
double3(0.278700000000,0.937500000000,0.892466666667),
double3(0.000000000000,0.750000000000,0.666666666667),
double3(0.000000000000,0.875000000000,0.666666666667),
double3(0.378500000000,0.024100000000,0.086866666667),
double3(0.365466666667,0.039300000000,0.053933333333),
double3(0.621500000000,0.149100000000,0.246466666667),
double3(0.634533333333,0.164300000000,0.279400000000),
double3(0.621500000000,0.225900000000,0.246466666667),
double3(0.634533333333,0.210700000000,0.279400000000),
double3(0.378500000000,0.100900000000,0.086866666667),
double3(0.365466666667,0.085700000000,0.053933333333),
double3(0.618766666667,0.062500000000,0.241706666667),
double3(0.545000000000,0.062500000000,0.207533333333),
double3(0.535200000000,0.062500000000,0.258900000000),
double3(0.371433333333,0.062500000000,0.254233333333),
double3(0.647866666667,0.062500000000,0.200500000000),
double3(0.634166666667,0.062500000000,0.300800000000),
double3(0.521333333333,0.062500000000,0.226366666667),
double3(0.469266666667,0.062500000000,0.204833333333),
double3(0.453133333333,0.062500000000,0.168400000000),
double3(0.473833333333,0.062500000000,0.157000000000),
double3(0.404766666667,0.062500000000,0.147566666667),
double3(0.375466666667,0.062500000000,0.164333333333),
double3(0.343766666667,0.062500000000,0.151166666667),
double3(0.393200000000,0.062500000000,0.202666666667),
double3(0.438066666667,0.062500000000,0.222600000000),
double3(0.448800000000,0.062500000000,0.247533333333),
double3(0.357033333333,0.062500000000,0.219666666667),
double3(0.387966666667,0.062500000000,0.107533333333),
double3(0.381233333333,0.187500000000,0.091626666667),
double3(0.455000000000,0.187500000000,0.125800000000),
double3(0.464800000000,0.187500000000,0.074433333333),
double3(0.628566666667,0.187500000000,0.079100000000),
double3(0.352133333333,0.187500000000,0.132833333333),
double3(0.365833333333,0.187500000000,0.032533333333),
double3(0.478666666667,0.187500000000,0.106966666667),
double3(0.530733333333,0.187500000000,0.128500000000),
double3(0.546866666667,0.187500000000,0.164933333333),
double3(0.526166666667,0.187500000000,0.176333333333),
double3(0.595233333333,0.187500000000,0.185766666667),
double3(0.624533333333,0.187500000000,0.169000000000),
double3(0.656233333333,0.187500000000,0.182166666667),
double3(0.606800000000,0.187500000000,0.130666666667),
double3(0.561933333333,0.187500000000,0.110733333333),
double3(0.551200000000,0.187500000000,0.085800000000),
double3(0.642966666667,0.187500000000,0.113666666667),
double3(0.612033333333,0.187500000000,0.225800000000),
double3(0.333333333333,0.000000000000,0.000000000000),
double3(0.333333333333,0.125000000000,0.000000000000),
double3(0.378500000000,0.024100000000,0.420200000000),
double3(0.365466666667,0.039300000000,0.387266666667),
double3(0.621500000000,0.149100000000,0.579800000000),
double3(0.634533333333,0.164300000000,0.612733333333),
double3(0.621500000000,0.225900000000,0.579800000000),
double3(0.634533333333,0.210700000000,0.612733333333),
double3(0.378500000000,0.100900000000,0.420200000000),
double3(0.365466666667,0.085700000000,0.387266666667),
double3(0.618766666667,0.062500000000,0.575040000000),
double3(0.545000000000,0.062500000000,0.540866666667),
double3(0.535200000000,0.062500000000,0.592233333333),
double3(0.371433333333,0.062500000000,0.587566666667),
double3(0.647866666667,0.062500000000,0.533833333333),
double3(0.634166666667,0.062500000000,0.634133333333),
double3(0.521333333333,0.062500000000,0.559700000000),
double3(0.469266666667,0.062500000000,0.538166666667),
double3(0.453133333333,0.062500000000,0.501733333333),
double3(0.473833333333,0.062500000000,0.490333333333),
double3(0.404766666667,0.062500000000,0.480900000000),
double3(0.375466666667,0.062500000000,0.497666666667),
double3(0.343766666667,0.062500000000,0.484500000000),
double3(0.393200000000,0.062500000000,0.536000000000),
double3(0.438066666667,0.062500000000,0.555933333333),
double3(0.448800000000,0.062500000000,0.580866666667),
double3(0.357033333333,0.062500000000,0.553000000000),
double3(0.387966666667,0.062500000000,0.440866666667),
double3(0.381233333333,0.187500000000,0.424960000000),
double3(0.455000000000,0.187500000000,0.459133333333),
double3(0.464800000000,0.187500000000,0.407766666667),
double3(0.628566666667,0.187500000000,0.412433333333),
double3(0.352133333333,0.187500000000,0.466166666667),
double3(0.365833333333,0.187500000000,0.365866666667),
double3(0.478666666667,0.187500000000,0.440300000000),
double3(0.530733333333,0.187500000000,0.461833333333),
double3(0.546866666667,0.187500000000,0.498266666667),
double3(0.526166666667,0.187500000000,0.509666666667),
double3(0.595233333333,0.187500000000,0.519100000000),
double3(0.624533333333,0.187500000000,0.502333333333),
double3(0.656233333333,0.187500000000,0.515500000000),
double3(0.606800000000,0.187500000000,0.464000000000),
double3(0.561933333333,0.187500000000,0.444066666667),
double3(0.551200000000,0.187500000000,0.419133333333),
double3(0.642966666667,0.187500000000,0.447000000000),
double3(0.612033333333,0.187500000000,0.559133333333),
double3(0.333333333333,0.000000000000,0.333333333333),
double3(0.333333333333,0.125000000000,0.333333333333),
double3(0.378500000000,0.024100000000,0.753533333333),
double3(0.365466666667,0.039300000000,0.720600000000),
double3(0.621500000000,0.149100000000,0.913133333333),
double3(0.634533333333,0.164300000000,0.946066666667),
double3(0.621500000000,0.225900000000,0.913133333333),
double3(0.634533333333,0.210700000000,0.946066666667),
double3(0.378500000000,0.100900000000,0.753533333333),
double3(0.365466666667,0.085700000000,0.720600000000),
double3(0.618766666667,0.062500000000,0.908373333333),
double3(0.545000000000,0.062500000000,0.874200000000),
double3(0.535200000000,0.062500000000,0.925566666667),
double3(0.371433333333,0.062500000000,0.920900000000),
double3(0.647866666667,0.062500000000,0.867166666667),
double3(0.634166666667,0.062500000000,0.967466666667),
double3(0.521333333333,0.062500000000,0.893033333333),
double3(0.469266666667,0.062500000000,0.871500000000),
double3(0.453133333333,0.062500000000,0.835066666667),
double3(0.473833333333,0.062500000000,0.823666666667),
double3(0.404766666667,0.062500000000,0.814233333333),
double3(0.375466666667,0.062500000000,0.831000000000),
double3(0.343766666667,0.062500000000,0.817833333333),
double3(0.393200000000,0.062500000000,0.869333333333),
double3(0.438066666667,0.062500000000,0.889266666667),
double3(0.448800000000,0.062500000000,0.914200000000),
double3(0.357033333333,0.062500000000,0.886333333333),
double3(0.387966666667,0.062500000000,0.774200000000),
double3(0.381233333333,0.187500000000,0.758293333333),
double3(0.455000000000,0.187500000000,0.792466666667),
double3(0.464800000000,0.187500000000,0.741100000000),
double3(0.628566666667,0.187500000000,0.745766666667),
double3(0.352133333333,0.187500000000,0.799500000000),
double3(0.365833333333,0.187500000000,0.699200000000),
double3(0.478666666667,0.187500000000,0.773633333333),
double3(0.530733333333,0.187500000000,0.795166666667),
double3(0.546866666667,0.187500000000,0.831600000000),
double3(0.526166666667,0.187500000000,0.843000000000),
double3(0.595233333333,0.187500000000,0.852433333333),
double3(0.624533333333,0.187500000000,0.835666666667),
double3(0.656233333333,0.187500000000,0.848833333333),
double3(0.606800000000,0.187500000000,0.797333333333),
double3(0.561933333333,0.187500000000,0.777400000000),
double3(0.551200000000,0.187500000000,0.752466666667),
double3(0.642966666667,0.187500000000,0.780333333333),
double3(0.612033333333,0.187500000000,0.892466666667),
double3(0.333333333333,0.000000000000,0.666666666667),
double3(0.333333333333,0.125000000000,0.666666666667),
double3(0.378500000000,0.274100000000,0.086866666667),
double3(0.365466666667,0.289300000000,0.053933333333),
double3(0.621500000000,0.399100000000,0.246466666667),
double3(0.634533333333,0.414300000000,0.279400000000),
double3(0.621500000000,0.475900000000,0.246466666667),
double3(0.634533333333,0.460700000000,0.279400000000),
double3(0.378500000000,0.350900000000,0.086866666667),
double3(0.365466666667,0.335700000000,0.053933333333),
double3(0.618766666667,0.312500000000,0.241706666667),
double3(0.545000000000,0.312500000000,0.207533333333),
double3(0.535200000000,0.312500000000,0.258900000000),
double3(0.371433333333,0.312500000000,0.254233333333),
double3(0.647866666667,0.312500000000,0.200500000000),
double3(0.634166666667,0.312500000000,0.300800000000),
double3(0.521333333333,0.312500000000,0.226366666667),
double3(0.469266666667,0.312500000000,0.204833333333),
double3(0.453133333333,0.312500000000,0.168400000000),
double3(0.473833333333,0.312500000000,0.157000000000),
double3(0.404766666667,0.312500000000,0.147566666667),
double3(0.375466666667,0.312500000000,0.164333333333),
double3(0.343766666667,0.312500000000,0.151166666667),
double3(0.393200000000,0.312500000000,0.202666666667),
double3(0.438066666667,0.312500000000,0.222600000000),
double3(0.448800000000,0.312500000000,0.247533333333),
double3(0.357033333333,0.312500000000,0.219666666667),
double3(0.387966666667,0.312500000000,0.107533333333),
double3(0.381233333333,0.437500000000,0.091626666667),
double3(0.455000000000,0.437500000000,0.125800000000),
double3(0.464800000000,0.437500000000,0.074433333333),
double3(0.628566666667,0.437500000000,0.079100000000),
double3(0.352133333333,0.437500000000,0.132833333333),
double3(0.365833333333,0.437500000000,0.032533333333),
double3(0.478666666667,0.437500000000,0.106966666667),
double3(0.530733333333,0.437500000000,0.128500000000),
double3(0.546866666667,0.437500000000,0.164933333333),
double3(0.526166666667,0.437500000000,0.176333333333),
double3(0.595233333333,0.437500000000,0.185766666667),
double3(0.624533333333,0.437500000000,0.169000000000),
double3(0.656233333333,0.437500000000,0.182166666667),
double3(0.606800000000,0.437500000000,0.130666666667),
double3(0.561933333333,0.437500000000,0.110733333333),
double3(0.551200000000,0.437500000000,0.085800000000),
double3(0.642966666667,0.437500000000,0.113666666667),
double3(0.612033333333,0.437500000000,0.225800000000),
double3(0.333333333333,0.250000000000,0.000000000000),
double3(0.333333333333,0.375000000000,0.000000000000),
double3(0.378500000000,0.274100000000,0.420200000000),
double3(0.365466666667,0.289300000000,0.387266666667),
double3(0.621500000000,0.399100000000,0.579800000000),
double3(0.634533333333,0.414300000000,0.612733333333),
double3(0.621500000000,0.475900000000,0.579800000000),
double3(0.634533333333,0.460700000000,0.612733333333),
double3(0.378500000000,0.350900000000,0.420200000000),
double3(0.365466666667,0.335700000000,0.387266666667),
double3(0.618766666667,0.312500000000,0.575040000000),
double3(0.545000000000,0.312500000000,0.540866666667),
double3(0.535200000000,0.312500000000,0.592233333333),
double3(0.371433333333,0.312500000000,0.587566666667),
double3(0.647866666667,0.312500000000,0.533833333333),
double3(0.634166666667,0.312500000000,0.634133333333),
double3(0.521333333333,0.312500000000,0.559700000000),
double3(0.469266666667,0.312500000000,0.538166666667),
double3(0.453133333333,0.312500000000,0.501733333333),
double3(0.473833333333,0.312500000000,0.490333333333),
double3(0.404766666667,0.312500000000,0.480900000000),
double3(0.375466666667,0.312500000000,0.497666666667),
double3(0.343766666667,0.312500000000,0.484500000000),
double3(0.393200000000,0.312500000000,0.536000000000),
double3(0.438066666667,0.312500000000,0.555933333333),
double3(0.448800000000,0.312500000000,0.580866666667),
double3(0.357033333333,0.312500000000,0.553000000000),
double3(0.387966666667,0.312500000000,0.440866666667),
double3(0.381233333333,0.437500000000,0.424960000000),
double3(0.455000000000,0.437500000000,0.459133333333),
double3(0.464800000000,0.437500000000,0.407766666667),
double3(0.628566666667,0.437500000000,0.412433333333),
double3(0.352133333333,0.437500000000,0.466166666667),
double3(0.365833333333,0.437500000000,0.365866666667),
double3(0.478666666667,0.437500000000,0.440300000000),
double3(0.530733333333,0.437500000000,0.461833333333),
double3(0.546866666667,0.437500000000,0.498266666667),
double3(0.526166666667,0.437500000000,0.509666666667),
double3(0.595233333333,0.437500000000,0.519100000000),
double3(0.624533333333,0.437500000000,0.502333333333),
double3(0.656233333333,0.437500000000,0.515500000000),
double3(0.606800000000,0.437500000000,0.464000000000),
double3(0.561933333333,0.437500000000,0.444066666667),
double3(0.551200000000,0.437500000000,0.419133333333),
double3(0.642966666667,0.437500000000,0.447000000000),
double3(0.612033333333,0.437500000000,0.559133333333),
double3(0.333333333333,0.250000000000,0.333333333333),
double3(0.333333333333,0.375000000000,0.333333333333),
double3(0.378500000000,0.274100000000,0.753533333333),
double3(0.365466666667,0.289300000000,0.720600000000),
double3(0.621500000000,0.399100000000,0.913133333333),
double3(0.634533333333,0.414300000000,0.946066666667),
double3(0.621500000000,0.475900000000,0.913133333333),
double3(0.634533333333,0.460700000000,0.946066666667),
double3(0.378500000000,0.350900000000,0.753533333333),
double3(0.365466666667,0.335700000000,0.720600000000),
double3(0.618766666667,0.312500000000,0.908373333333),
double3(0.545000000000,0.312500000000,0.874200000000),
double3(0.535200000000,0.312500000000,0.925566666667),
double3(0.371433333333,0.312500000000,0.920900000000),
double3(0.647866666667,0.312500000000,0.867166666667),
double3(0.634166666667,0.312500000000,0.967466666667),
double3(0.521333333333,0.312500000000,0.893033333333),
double3(0.469266666667,0.312500000000,0.871500000000),
double3(0.453133333333,0.312500000000,0.835066666667),
double3(0.473833333333,0.312500000000,0.823666666667),
double3(0.404766666667,0.312500000000,0.814233333333),
double3(0.375466666667,0.312500000000,0.831000000000),
double3(0.343766666667,0.312500000000,0.817833333333),
double3(0.393200000000,0.312500000000,0.869333333333),
double3(0.438066666667,0.312500000000,0.889266666667),
double3(0.448800000000,0.312500000000,0.914200000000),
double3(0.357033333333,0.312500000000,0.886333333333),
double3(0.387966666667,0.312500000000,0.774200000000),
double3(0.381233333333,0.437500000000,0.758293333333),
double3(0.455000000000,0.437500000000,0.792466666667),
double3(0.464800000000,0.437500000000,0.741100000000),
double3(0.628566666667,0.437500000000,0.745766666667),
double3(0.352133333333,0.437500000000,0.799500000000),
double3(0.365833333333,0.437500000000,0.699200000000),
double3(0.478666666667,0.437500000000,0.773633333333),
double3(0.530733333333,0.437500000000,0.795166666667),
double3(0.546866666667,0.437500000000,0.831600000000),
double3(0.526166666667,0.437500000000,0.843000000000),
double3(0.595233333333,0.437500000000,0.852433333333),
double3(0.624533333333,0.437500000000,0.835666666667),
double3(0.656233333333,0.437500000000,0.848833333333),
double3(0.606800000000,0.437500000000,0.797333333333),
double3(0.561933333333,0.437500000000,0.777400000000),
double3(0.551200000000,0.437500000000,0.752466666667),
double3(0.642966666667,0.437500000000,0.780333333333),
double3(0.612033333333,0.437500000000,0.892466666667),
double3(0.333333333333,0.250000000000,0.666666666667),
double3(0.333333333333,0.375000000000,0.666666666667),
double3(0.378500000000,0.524100000000,0.086866666667),
double3(0.365466666667,0.539300000000,0.053933333333),
double3(0.621500000000,0.649100000000,0.246466666667),
double3(0.634533333333,0.664300000000,0.279400000000),
double3(0.621500000000,0.725900000000,0.246466666667),
double3(0.634533333333,0.710700000000,0.279400000000),
double3(0.378500000000,0.600900000000,0.086866666667),
double3(0.365466666667,0.585700000000,0.053933333333),
double3(0.618766666667,0.562500000000,0.241706666667),
double3(0.545000000000,0.562500000000,0.207533333333),
double3(0.535200000000,0.562500000000,0.258900000000),
double3(0.371433333333,0.562500000000,0.254233333333),
double3(0.647866666667,0.562500000000,0.200500000000),
double3(0.634166666667,0.562500000000,0.300800000000),
double3(0.521333333333,0.562500000000,0.226366666667),
double3(0.469266666667,0.562500000000,0.204833333333),
double3(0.453133333333,0.562500000000,0.168400000000),
double3(0.473833333333,0.562500000000,0.157000000000),
double3(0.404766666667,0.562500000000,0.147566666667),
double3(0.375466666667,0.562500000000,0.164333333333),
double3(0.343766666667,0.562500000000,0.151166666667),
double3(0.393200000000,0.562500000000,0.202666666667),
double3(0.438066666667,0.562500000000,0.222600000000),
double3(0.448800000000,0.562500000000,0.247533333333),
double3(0.357033333333,0.562500000000,0.219666666667),
double3(0.387966666667,0.562500000000,0.107533333333),
double3(0.381233333333,0.687500000000,0.091626666667),
double3(0.455000000000,0.687500000000,0.125800000000),
double3(0.464800000000,0.687500000000,0.074433333333),
double3(0.628566666667,0.687500000000,0.079100000000),
double3(0.352133333333,0.687500000000,0.132833333333),
double3(0.365833333333,0.687500000000,0.032533333333),
double3(0.478666666667,0.687500000000,0.106966666667),
double3(0.530733333333,0.687500000000,0.128500000000),
double3(0.546866666667,0.687500000000,0.164933333333),
double3(0.526166666667,0.687500000000,0.176333333333),
double3(0.595233333333,0.687500000000,0.185766666667),
double3(0.624533333333,0.687500000000,0.169000000000),
double3(0.656233333333,0.687500000000,0.182166666667),
double3(0.606800000000,0.687500000000,0.130666666667),
double3(0.561933333333,0.687500000000,0.110733333333),
double3(0.551200000000,0.687500000000,0.085800000000),
double3(0.642966666667,0.687500000000,0.113666666667),
double3(0.612033333333,0.687500000000,0.225800000000),
double3(0.333333333333,0.500000000000,0.000000000000),
double3(0.333333333333,0.625000000000,0.000000000000),
double3(0.378500000000,0.524100000000,0.420200000000),
double3(0.365466666667,0.539300000000,0.387266666667),
double3(0.621500000000,0.649100000000,0.579800000000),
double3(0.634533333333,0.664300000000,0.612733333333),
double3(0.621500000000,0.725900000000,0.579800000000),
double3(0.634533333333,0.710700000000,0.612733333333),
double3(0.378500000000,0.600900000000,0.420200000000),
double3(0.365466666667,0.585700000000,0.387266666667),
double3(0.618766666667,0.562500000000,0.575040000000),
double3(0.545000000000,0.562500000000,0.540866666667),
double3(0.535200000000,0.562500000000,0.592233333333),
double3(0.371433333333,0.562500000000,0.587566666667),
double3(0.647866666667,0.562500000000,0.533833333333),
double3(0.634166666667,0.562500000000,0.634133333333),
double3(0.521333333333,0.562500000000,0.559700000000),
double3(0.469266666667,0.562500000000,0.538166666667),
double3(0.453133333333,0.562500000000,0.501733333333),
double3(0.473833333333,0.562500000000,0.490333333333),
double3(0.404766666667,0.562500000000,0.480900000000),
double3(0.375466666667,0.562500000000,0.497666666667),
double3(0.343766666667,0.562500000000,0.484500000000),
double3(0.393200000000,0.562500000000,0.536000000000),
double3(0.438066666667,0.562500000000,0.555933333333),
double3(0.448800000000,0.562500000000,0.580866666667),
double3(0.357033333333,0.562500000000,0.553000000000),
double3(0.387966666667,0.562500000000,0.440866666667),
double3(0.381233333333,0.687500000000,0.424960000000),
double3(0.455000000000,0.687500000000,0.459133333333),
double3(0.464800000000,0.687500000000,0.407766666667),
double3(0.628566666667,0.687500000000,0.412433333333),
double3(0.352133333333,0.687500000000,0.466166666667),
double3(0.365833333333,0.687500000000,0.365866666667),
double3(0.478666666667,0.687500000000,0.440300000000),
double3(0.530733333333,0.687500000000,0.461833333333),
double3(0.546866666667,0.687500000000,0.498266666667),
double3(0.526166666667,0.687500000000,0.509666666667),
double3(0.595233333333,0.687500000000,0.519100000000),
double3(0.624533333333,0.687500000000,0.502333333333),
double3(0.656233333333,0.687500000000,0.515500000000),
double3(0.606800000000,0.687500000000,0.464000000000),
double3(0.561933333333,0.687500000000,0.444066666667),
double3(0.551200000000,0.687500000000,0.419133333333),
double3(0.642966666667,0.687500000000,0.447000000000),
double3(0.612033333333,0.687500000000,0.559133333333),
double3(0.333333333333,0.500000000000,0.333333333333),
double3(0.333333333333,0.625000000000,0.333333333333),
double3(0.378500000000,0.524100000000,0.753533333333),
double3(0.365466666667,0.539300000000,0.720600000000),
double3(0.621500000000,0.649100000000,0.913133333333),
double3(0.634533333333,0.664300000000,0.946066666667),
double3(0.621500000000,0.725900000000,0.913133333333),
double3(0.634533333333,0.710700000000,0.946066666667),
double3(0.378500000000,0.600900000000,0.753533333333),
double3(0.365466666667,0.585700000000,0.720600000000),
double3(0.618766666667,0.562500000000,0.908373333333),
double3(0.545000000000,0.562500000000,0.874200000000),
double3(0.535200000000,0.562500000000,0.925566666667),
double3(0.371433333333,0.562500000000,0.920900000000),
double3(0.647866666667,0.562500000000,0.867166666667),
double3(0.634166666667,0.562500000000,0.967466666667),
double3(0.521333333333,0.562500000000,0.893033333333),
double3(0.469266666667,0.562500000000,0.871500000000),
double3(0.453133333333,0.562500000000,0.835066666667),
double3(0.473833333333,0.562500000000,0.823666666667),
double3(0.404766666667,0.562500000000,0.814233333333),
double3(0.375466666667,0.562500000000,0.831000000000),
double3(0.343766666667,0.562500000000,0.817833333333),
double3(0.393200000000,0.562500000000,0.869333333333),
double3(0.438066666667,0.562500000000,0.889266666667),
double3(0.448800000000,0.562500000000,0.914200000000),
double3(0.357033333333,0.562500000000,0.886333333333),
double3(0.387966666667,0.562500000000,0.774200000000),
double3(0.381233333333,0.687500000000,0.758293333333),
double3(0.455000000000,0.687500000000,0.792466666667),
double3(0.464800000000,0.687500000000,0.741100000000),
double3(0.628566666667,0.687500000000,0.745766666667),
double3(0.352133333333,0.687500000000,0.799500000000),
double3(0.365833333333,0.687500000000,0.699200000000),
double3(0.478666666667,0.687500000000,0.773633333333),
double3(0.530733333333,0.687500000000,0.795166666667),
double3(0.546866666667,0.687500000000,0.831600000000),
double3(0.526166666667,0.687500000000,0.843000000000),
double3(0.595233333333,0.687500000000,0.852433333333),
double3(0.624533333333,0.687500000000,0.835666666667),
double3(0.656233333333,0.687500000000,0.848833333333),
double3(0.606800000000,0.687500000000,0.797333333333),
double3(0.561933333333,0.687500000000,0.777400000000),
double3(0.551200000000,0.687500000000,0.752466666667),
double3(0.642966666667,0.687500000000,0.780333333333),
double3(0.612033333333,0.687500000000,0.892466666667),
double3(0.333333333333,0.500000000000,0.666666666667),
double3(0.333333333333,0.625000000000,0.666666666667),
double3(0.378500000000,0.774100000000,0.086866666667),
double3(0.365466666667,0.789300000000,0.053933333333),
double3(0.621500000000,0.899100000000,0.246466666667),
double3(0.634533333333,0.914300000000,0.279400000000),
double3(0.621500000000,0.975900000000,0.246466666667),
double3(0.634533333333,0.960700000000,0.279400000000),
double3(0.378500000000,0.850900000000,0.086866666667),
double3(0.365466666667,0.835700000000,0.053933333333),
double3(0.618766666667,0.812500000000,0.241706666667),
double3(0.545000000000,0.812500000000,0.207533333333),
double3(0.535200000000,0.812500000000,0.258900000000),
double3(0.371433333333,0.812500000000,0.254233333333),
double3(0.647866666667,0.812500000000,0.200500000000),
double3(0.634166666667,0.812500000000,0.300800000000),
double3(0.521333333333,0.812500000000,0.226366666667),
double3(0.469266666667,0.812500000000,0.204833333333),
double3(0.453133333333,0.812500000000,0.168400000000),
double3(0.473833333333,0.812500000000,0.157000000000),
double3(0.404766666667,0.812500000000,0.147566666667),
double3(0.375466666667,0.812500000000,0.164333333333),
double3(0.343766666667,0.812500000000,0.151166666667),
double3(0.393200000000,0.812500000000,0.202666666667),
double3(0.438066666667,0.812500000000,0.222600000000),
double3(0.448800000000,0.812500000000,0.247533333333),
double3(0.357033333333,0.812500000000,0.219666666667),
double3(0.387966666667,0.812500000000,0.107533333333),
double3(0.381233333333,0.937500000000,0.091626666667),
double3(0.455000000000,0.937500000000,0.125800000000),
double3(0.464800000000,0.937500000000,0.074433333333),
double3(0.628566666667,0.937500000000,0.079100000000),
double3(0.352133333333,0.937500000000,0.132833333333),
double3(0.365833333333,0.937500000000,0.032533333333),
double3(0.478666666667,0.937500000000,0.106966666667),
double3(0.530733333333,0.937500000000,0.128500000000),
double3(0.546866666667,0.937500000000,0.164933333333),
double3(0.526166666667,0.937500000000,0.176333333333),
double3(0.595233333333,0.937500000000,0.185766666667),
double3(0.624533333333,0.937500000000,0.169000000000),
double3(0.656233333333,0.937500000000,0.182166666667),
double3(0.606800000000,0.937500000000,0.130666666667),
double3(0.561933333333,0.937500000000,0.110733333333),
double3(0.551200000000,0.937500000000,0.085800000000),
double3(0.642966666667,0.937500000000,0.113666666667),
double3(0.612033333333,0.937500000000,0.225800000000),
double3(0.333333333333,0.750000000000,0.000000000000),
double3(0.333333333333,0.875000000000,0.000000000000),
double3(0.378500000000,0.774100000000,0.420200000000),
double3(0.365466666667,0.789300000000,0.387266666667),
double3(0.621500000000,0.899100000000,0.579800000000),
double3(0.634533333333,0.914300000000,0.612733333333),
double3(0.621500000000,0.975900000000,0.579800000000),
double3(0.634533333333,0.960700000000,0.612733333333),
double3(0.378500000000,0.850900000000,0.420200000000),
double3(0.365466666667,0.835700000000,0.387266666667),
double3(0.618766666667,0.812500000000,0.575040000000),
double3(0.545000000000,0.812500000000,0.540866666667),
double3(0.535200000000,0.812500000000,0.592233333333),
double3(0.371433333333,0.812500000000,0.587566666667),
double3(0.647866666667,0.812500000000,0.533833333333),
double3(0.634166666667,0.812500000000,0.634133333333),
double3(0.521333333333,0.812500000000,0.559700000000),
double3(0.469266666667,0.812500000000,0.538166666667),
double3(0.453133333333,0.812500000000,0.501733333333),
double3(0.473833333333,0.812500000000,0.490333333333),
double3(0.404766666667,0.812500000000,0.480900000000),
double3(0.375466666667,0.812500000000,0.497666666667),
double3(0.343766666667,0.812500000000,0.484500000000),
double3(0.393200000000,0.812500000000,0.536000000000),
double3(0.438066666667,0.812500000000,0.555933333333),
double3(0.448800000000,0.812500000000,0.580866666667),
double3(0.357033333333,0.812500000000,0.553000000000),
double3(0.387966666667,0.812500000000,0.440866666667),
double3(0.381233333333,0.937500000000,0.424960000000),
double3(0.455000000000,0.937500000000,0.459133333333),
double3(0.464800000000,0.937500000000,0.407766666667),
double3(0.628566666667,0.937500000000,0.412433333333),
double3(0.352133333333,0.937500000000,0.466166666667),
double3(0.365833333333,0.937500000000,0.365866666667),
double3(0.478666666667,0.937500000000,0.440300000000),
double3(0.530733333333,0.937500000000,0.461833333333),
double3(0.546866666667,0.937500000000,0.498266666667),
double3(0.526166666667,0.937500000000,0.509666666667),
double3(0.595233333333,0.937500000000,0.519100000000),
double3(0.624533333333,0.937500000000,0.502333333333),
double3(0.656233333333,0.937500000000,0.515500000000),
double3(0.606800000000,0.937500000000,0.464000000000),
double3(0.561933333333,0.937500000000,0.444066666667),
double3(0.551200000000,0.937500000000,0.419133333333),
double3(0.642966666667,0.937500000000,0.447000000000),
double3(0.612033333333,0.937500000000,0.559133333333),
double3(0.333333333333,0.750000000000,0.333333333333),
double3(0.333333333333,0.875000000000,0.333333333333),
double3(0.378500000000,0.774100000000,0.753533333333),
double3(0.365466666667,0.789300000000,0.720600000000),
double3(0.621500000000,0.899100000000,0.913133333333),
double3(0.634533333333,0.914300000000,0.946066666667),
double3(0.621500000000,0.975900000000,0.913133333333),
double3(0.634533333333,0.960700000000,0.946066666667),
double3(0.378500000000,0.850900000000,0.753533333333),
double3(0.365466666667,0.835700000000,0.720600000000),
double3(0.618766666667,0.812500000000,0.908373333333),
double3(0.545000000000,0.812500000000,0.874200000000),
double3(0.535200000000,0.812500000000,0.925566666667),
double3(0.371433333333,0.812500000000,0.920900000000),
double3(0.647866666667,0.812500000000,0.867166666667),
double3(0.634166666667,0.812500000000,0.967466666667),
double3(0.521333333333,0.812500000000,0.893033333333),
double3(0.469266666667,0.812500000000,0.871500000000),
double3(0.453133333333,0.812500000000,0.835066666667),
double3(0.473833333333,0.812500000000,0.823666666667),
double3(0.404766666667,0.812500000000,0.814233333333),
double3(0.375466666667,0.812500000000,0.831000000000),
double3(0.343766666667,0.812500000000,0.817833333333),
double3(0.393200000000,0.812500000000,0.869333333333),
double3(0.438066666667,0.812500000000,0.889266666667),
double3(0.448800000000,0.812500000000,0.914200000000),
double3(0.357033333333,0.812500000000,0.886333333333),
double3(0.387966666667,0.812500000000,0.774200000000),
double3(0.381233333333,0.937500000000,0.758293333333),
double3(0.455000000000,0.937500000000,0.792466666667),
double3(0.464800000000,0.937500000000,0.741100000000),
double3(0.628566666667,0.937500000000,0.745766666667),
double3(0.352133333333,0.937500000000,0.799500000000),
double3(0.365833333333,0.937500000000,0.699200000000),
double3(0.478666666667,0.937500000000,0.773633333333),
double3(0.530733333333,0.937500000000,0.795166666667),
double3(0.546866666667,0.937500000000,0.831600000000),
double3(0.526166666667,0.937500000000,0.843000000000),
double3(0.595233333333,0.937500000000,0.852433333333),
double3(0.624533333333,0.937500000000,0.835666666667),
double3(0.656233333333,0.937500000000,0.848833333333),
double3(0.606800000000,0.937500000000,0.797333333333),
double3(0.561933333333,0.937500000000,0.777400000000),
double3(0.551200000000,0.937500000000,0.752466666667),
double3(0.642966666667,0.937500000000,0.780333333333),
double3(0.612033333333,0.937500000000,0.892466666667),
double3(0.333333333333,0.750000000000,0.666666666667),
double3(0.333333333333,0.875000000000,0.666666666667),
double3(0.711833333333,0.024100000000,0.086866666667),
double3(0.698800000000,0.039300000000,0.053933333333),
double3(0.954833333333,0.149100000000,0.246466666667),
double3(0.967866666667,0.164300000000,0.279400000000),
double3(0.954833333333,0.225900000000,0.246466666667),
double3(0.967866666667,0.210700000000,0.279400000000),
double3(0.711833333333,0.100900000000,0.086866666667),
double3(0.698800000000,0.085700000000,0.053933333333),
double3(0.952100000000,0.062500000000,0.241706666667),
double3(0.878333333333,0.062500000000,0.207533333333),
double3(0.868533333333,0.062500000000,0.258900000000),
double3(0.704766666667,0.062500000000,0.254233333333),
double3(0.981200000000,0.062500000000,0.200500000000),
double3(0.967500000000,0.062500000000,0.300800000000),
double3(0.854666666667,0.062500000000,0.226366666667),
double3(0.802600000000,0.062500000000,0.204833333333),
double3(0.786466666667,0.062500000000,0.168400000000),
double3(0.807166666667,0.062500000000,0.157000000000),
double3(0.738100000000,0.062500000000,0.147566666667),
double3(0.708800000000,0.062500000000,0.164333333333),
double3(0.677100000000,0.062500000000,0.151166666667),
double3(0.726533333333,0.062500000000,0.202666666667),
double3(0.771400000000,0.062500000000,0.222600000000),
double3(0.782133333333,0.062500000000,0.247533333333),
double3(0.690366666667,0.062500000000,0.219666666667),
double3(0.721300000000,0.062500000000,0.107533333333),
double3(0.714566666667,0.187500000000,0.091626666667),
double3(0.788333333333,0.187500000000,0.125800000000),
double3(0.798133333333,0.187500000000,0.074433333333),
double3(0.961900000000,0.187500000000,0.079100000000),
double3(0.685466666667,0.187500000000,0.132833333333),
double3(0.699166666667,0.187500000000,0.032533333333),
double3(0.812000000000,0.187500000000,0.106966666667),
double3(0.864066666667,0.187500000000,0.128500000000),
double3(0.880200000000,0.187500000000,0.164933333333),
double3(0.859500000000,0.187500000000,0.176333333333),
double3(0.928566666667,0.187500000000,0.185766666667),
double3(0.957866666667,0.187500000000,0.169000000000),
double3(0.989566666667,0.187500000000,0.182166666667),
double3(0.940133333333,0.187500000000,0.130666666667),
double3(0.895266666667,0.187500000000,0.110733333333),
double3(0.884533333333,0.187500000000,0.085800000000),
double3(0.976300000000,0.187500000000,0.113666666667),
double3(0.945366666667,0.187500000000,0.225800000000),
double3(0.666666666667,0.000000000000,0.000000000000),
double3(0.666666666667,0.125000000000,0.000000000000),
double3(0.711833333333,0.024100000000,0.420200000000),
double3(0.698800000000,0.039300000000,0.387266666667),
double3(0.954833333333,0.149100000000,0.579800000000),
double3(0.967866666667,0.164300000000,0.612733333333),
double3(0.954833333333,0.225900000000,0.579800000000),
double3(0.967866666667,0.210700000000,0.612733333333),
double3(0.711833333333,0.100900000000,0.420200000000),
double3(0.698800000000,0.085700000000,0.387266666667),
double3(0.952100000000,0.062500000000,0.575040000000),
double3(0.878333333333,0.062500000000,0.540866666667),
double3(0.868533333333,0.062500000000,0.592233333333),
double3(0.704766666667,0.062500000000,0.587566666667),
double3(0.981200000000,0.062500000000,0.533833333333),
double3(0.967500000000,0.062500000000,0.634133333333),
double3(0.854666666667,0.062500000000,0.559700000000),
double3(0.802600000000,0.062500000000,0.538166666667),
double3(0.786466666667,0.062500000000,0.501733333333),
double3(0.807166666667,0.062500000000,0.490333333333),
double3(0.738100000000,0.062500000000,0.480900000000),
double3(0.708800000000,0.062500000000,0.497666666667),
double3(0.677100000000,0.062500000000,0.484500000000),
double3(0.726533333333,0.062500000000,0.536000000000),
double3(0.771400000000,0.062500000000,0.555933333333),
double3(0.782133333333,0.062500000000,0.580866666667),
double3(0.690366666667,0.062500000000,0.553000000000),
double3(0.721300000000,0.062500000000,0.440866666667),
double3(0.714566666667,0.187500000000,0.424960000000),
double3(0.788333333333,0.187500000000,0.459133333333),
double3(0.798133333333,0.187500000000,0.407766666667),
double3(0.961900000000,0.187500000000,0.412433333333),
double3(0.685466666667,0.187500000000,0.466166666667),
double3(0.699166666667,0.187500000000,0.365866666667),
double3(0.812000000000,0.187500000000,0.440300000000),
double3(0.864066666667,0.187500000000,0.461833333333),
double3(0.880200000000,0.187500000000,0.498266666667),
double3(0.859500000000,0.187500000000,0.509666666667),
double3(0.928566666667,0.187500000000,0.519100000000),
double3(0.957866666667,0.187500000000,0.502333333333),
double3(0.989566666667,0.187500000000,0.515500000000),
double3(0.940133333333,0.187500000000,0.464000000000),
double3(0.895266666667,0.187500000000,0.444066666667),
double3(0.884533333333,0.187500000000,0.419133333333),
double3(0.976300000000,0.187500000000,0.447000000000),
double3(0.945366666667,0.187500000000,0.559133333333),
double3(0.666666666667,0.000000000000,0.333333333333),
double3(0.666666666667,0.125000000000,0.333333333333),
double3(0.711833333333,0.024100000000,0.753533333333),
double3(0.698800000000,0.039300000000,0.720600000000),
double3(0.954833333333,0.149100000000,0.913133333333),
double3(0.967866666667,0.164300000000,0.946066666667),
double3(0.954833333333,0.225900000000,0.913133333333),
double3(0.967866666667,0.210700000000,0.946066666667),
double3(0.711833333333,0.100900000000,0.753533333333),
double3(0.698800000000,0.085700000000,0.720600000000),
double3(0.952100000000,0.062500000000,0.908373333333),
double3(0.878333333333,0.062500000000,0.874200000000),
double3(0.868533333333,0.062500000000,0.925566666667),
double3(0.704766666667,0.062500000000,0.920900000000),
double3(0.981200000000,0.062500000000,0.867166666667),
double3(0.967500000000,0.062500000000,0.967466666667),
double3(0.854666666667,0.062500000000,0.893033333333),
double3(0.802600000000,0.062500000000,0.871500000000),
double3(0.786466666667,0.062500000000,0.835066666667),
double3(0.807166666667,0.062500000000,0.823666666667),
double3(0.738100000000,0.062500000000,0.814233333333),
double3(0.708800000000,0.062500000000,0.831000000000),
double3(0.677100000000,0.062500000000,0.817833333333),
double3(0.726533333333,0.062500000000,0.869333333333),
double3(0.771400000000,0.062500000000,0.889266666667),
double3(0.782133333333,0.062500000000,0.914200000000),
double3(0.690366666667,0.062500000000,0.886333333333),
double3(0.721300000000,0.062500000000,0.774200000000),
double3(0.714566666667,0.187500000000,0.758293333333),
double3(0.788333333333,0.187500000000,0.792466666667),
double3(0.798133333333,0.187500000000,0.741100000000),
double3(0.961900000000,0.187500000000,0.745766666667),
double3(0.685466666667,0.187500000000,0.799500000000),
double3(0.699166666667,0.187500000000,0.699200000000),
double3(0.812000000000,0.187500000000,0.773633333333),
double3(0.864066666667,0.187500000000,0.795166666667),
double3(0.880200000000,0.187500000000,0.831600000000),
double3(0.859500000000,0.187500000000,0.843000000000),
double3(0.928566666667,0.187500000000,0.852433333333),
double3(0.957866666667,0.187500000000,0.835666666667),
double3(0.989566666667,0.187500000000,0.848833333333),
double3(0.940133333333,0.187500000000,0.797333333333),
double3(0.895266666667,0.187500000000,0.777400000000),
double3(0.884533333333,0.187500000000,0.752466666667),
double3(0.976300000000,0.187500000000,0.780333333333),
double3(0.945366666667,0.187500000000,0.892466666667),
double3(0.666666666667,0.000000000000,0.666666666667),
double3(0.666666666667,0.125000000000,0.666666666667),
double3(0.711833333333,0.274100000000,0.086866666667),
double3(0.698800000000,0.289300000000,0.053933333333),
double3(0.954833333333,0.399100000000,0.246466666667),
double3(0.967866666667,0.414300000000,0.279400000000),
double3(0.954833333333,0.475900000000,0.246466666667),
double3(0.967866666667,0.460700000000,0.279400000000),
double3(0.711833333333,0.350900000000,0.086866666667),
double3(0.698800000000,0.335700000000,0.053933333333),
double3(0.952100000000,0.312500000000,0.241706666667),
double3(0.878333333333,0.312500000000,0.207533333333),
double3(0.868533333333,0.312500000000,0.258900000000),
double3(0.704766666667,0.312500000000,0.254233333333),
double3(0.981200000000,0.312500000000,0.200500000000),
double3(0.967500000000,0.312500000000,0.300800000000),
double3(0.854666666667,0.312500000000,0.226366666667),
double3(0.802600000000,0.312500000000,0.204833333333),
double3(0.786466666667,0.312500000000,0.168400000000),
double3(0.807166666667,0.312500000000,0.157000000000),
double3(0.738100000000,0.312500000000,0.147566666667),
double3(0.708800000000,0.312500000000,0.164333333333),
double3(0.677100000000,0.312500000000,0.151166666667),
double3(0.726533333333,0.312500000000,0.202666666667),
double3(0.771400000000,0.312500000000,0.222600000000),
double3(0.782133333333,0.312500000000,0.247533333333),
double3(0.690366666667,0.312500000000,0.219666666667),
double3(0.721300000000,0.312500000000,0.107533333333),
double3(0.714566666667,0.437500000000,0.091626666667),
double3(0.788333333333,0.437500000000,0.125800000000),
double3(0.798133333333,0.437500000000,0.074433333333),
double3(0.961900000000,0.437500000000,0.079100000000),
double3(0.685466666667,0.437500000000,0.132833333333),
double3(0.699166666667,0.437500000000,0.032533333333),
double3(0.812000000000,0.437500000000,0.106966666667),
double3(0.864066666667,0.437500000000,0.128500000000),
double3(0.880200000000,0.437500000000,0.164933333333),
double3(0.859500000000,0.437500000000,0.176333333333),
double3(0.928566666667,0.437500000000,0.185766666667),
double3(0.957866666667,0.437500000000,0.169000000000),
double3(0.989566666667,0.437500000000,0.182166666667),
double3(0.940133333333,0.437500000000,0.130666666667),
double3(0.895266666667,0.437500000000,0.110733333333),
double3(0.884533333333,0.437500000000,0.085800000000),
double3(0.976300000000,0.437500000000,0.113666666667),
double3(0.945366666667,0.437500000000,0.225800000000),
double3(0.666666666667,0.250000000000,0.000000000000),
double3(0.666666666667,0.375000000000,0.000000000000),
double3(0.711833333333,0.274100000000,0.420200000000),
double3(0.698800000000,0.289300000000,0.387266666667),
double3(0.954833333333,0.399100000000,0.579800000000),
double3(0.967866666667,0.414300000000,0.612733333333),
double3(0.954833333333,0.475900000000,0.579800000000),
double3(0.967866666667,0.460700000000,0.612733333333),
double3(0.711833333333,0.350900000000,0.420200000000),
double3(0.698800000000,0.335700000000,0.387266666667),
double3(0.952100000000,0.312500000000,0.575040000000),
double3(0.878333333333,0.312500000000,0.540866666667),
double3(0.868533333333,0.312500000000,0.592233333333),
double3(0.704766666667,0.312500000000,0.587566666667),
double3(0.981200000000,0.312500000000,0.533833333333),
double3(0.967500000000,0.312500000000,0.634133333333),
double3(0.854666666667,0.312500000000,0.559700000000),
double3(0.802600000000,0.312500000000,0.538166666667),
double3(0.786466666667,0.312500000000,0.501733333333),
double3(0.807166666667,0.312500000000,0.490333333333),
double3(0.738100000000,0.312500000000,0.480900000000),
double3(0.708800000000,0.312500000000,0.497666666667),
double3(0.677100000000,0.312500000000,0.484500000000),
double3(0.726533333333,0.312500000000,0.536000000000),
double3(0.771400000000,0.312500000000,0.555933333333),
double3(0.782133333333,0.312500000000,0.580866666667),
double3(0.690366666667,0.312500000000,0.553000000000),
double3(0.721300000000,0.312500000000,0.440866666667),
double3(0.714566666667,0.437500000000,0.424960000000),
double3(0.788333333333,0.437500000000,0.459133333333),
double3(0.798133333333,0.437500000000,0.407766666667),
double3(0.961900000000,0.437500000000,0.412433333333),
double3(0.685466666667,0.437500000000,0.466166666667),
double3(0.699166666667,0.437500000000,0.365866666667),
double3(0.812000000000,0.437500000000,0.440300000000),
double3(0.864066666667,0.437500000000,0.461833333333),
double3(0.880200000000,0.437500000000,0.498266666667),
double3(0.859500000000,0.437500000000,0.509666666667),
double3(0.928566666667,0.437500000000,0.519100000000),
double3(0.957866666667,0.437500000000,0.502333333333),
double3(0.989566666667,0.437500000000,0.515500000000),
double3(0.940133333333,0.437500000000,0.464000000000),
double3(0.895266666667,0.437500000000,0.444066666667),
double3(0.884533333333,0.437500000000,0.419133333333),
double3(0.976300000000,0.437500000000,0.447000000000),
double3(0.945366666667,0.437500000000,0.559133333333),
double3(0.666666666667,0.250000000000,0.333333333333),
double3(0.666666666667,0.375000000000,0.333333333333),
double3(0.711833333333,0.274100000000,0.753533333333),
double3(0.698800000000,0.289300000000,0.720600000000),
double3(0.954833333333,0.399100000000,0.913133333333),
double3(0.967866666667,0.414300000000,0.946066666667),
double3(0.954833333333,0.475900000000,0.913133333333),
double3(0.967866666667,0.460700000000,0.946066666667),
double3(0.711833333333,0.350900000000,0.753533333333),
double3(0.698800000000,0.335700000000,0.720600000000),
double3(0.952100000000,0.312500000000,0.908373333333),
double3(0.878333333333,0.312500000000,0.874200000000),
double3(0.868533333333,0.312500000000,0.925566666667),
double3(0.704766666667,0.312500000000,0.920900000000),
double3(0.981200000000,0.312500000000,0.867166666667),
double3(0.967500000000,0.312500000000,0.967466666667),
double3(0.854666666667,0.312500000000,0.893033333333),
double3(0.802600000000,0.312500000000,0.871500000000),
double3(0.786466666667,0.312500000000,0.835066666667),
double3(0.807166666667,0.312500000000,0.823666666667),
double3(0.738100000000,0.312500000000,0.814233333333),
double3(0.708800000000,0.312500000000,0.831000000000),
double3(0.677100000000,0.312500000000,0.817833333333),
double3(0.726533333333,0.312500000000,0.869333333333),
double3(0.771400000000,0.312500000000,0.889266666667),
double3(0.782133333333,0.312500000000,0.914200000000),
double3(0.690366666667,0.312500000000,0.886333333333),
double3(0.721300000000,0.312500000000,0.774200000000),
double3(0.714566666667,0.437500000000,0.758293333333),
double3(0.788333333333,0.437500000000,0.792466666667),
double3(0.798133333333,0.437500000000,0.741100000000),
double3(0.961900000000,0.437500000000,0.745766666667),
double3(0.685466666667,0.437500000000,0.799500000000),
double3(0.699166666667,0.437500000000,0.699200000000),
double3(0.812000000000,0.437500000000,0.773633333333),
double3(0.864066666667,0.437500000000,0.795166666667),
double3(0.880200000000,0.437500000000,0.831600000000),
double3(0.859500000000,0.437500000000,0.843000000000),
double3(0.928566666667,0.437500000000,0.852433333333),
double3(0.957866666667,0.437500000000,0.835666666667),
double3(0.989566666667,0.437500000000,0.848833333333),
double3(0.940133333333,0.437500000000,0.797333333333),
double3(0.895266666667,0.437500000000,0.777400000000),
double3(0.884533333333,0.437500000000,0.752466666667),
double3(0.976300000000,0.437500000000,0.780333333333),
double3(0.945366666667,0.437500000000,0.892466666667),
double3(0.666666666667,0.250000000000,0.666666666667),
double3(0.666666666667,0.375000000000,0.666666666667),
double3(0.711833333333,0.524100000000,0.086866666667),
double3(0.698800000000,0.539300000000,0.053933333333),
double3(0.954833333333,0.649100000000,0.246466666667),
double3(0.967866666667,0.664300000000,0.279400000000),
double3(0.954833333333,0.725900000000,0.246466666667),
double3(0.967866666667,0.710700000000,0.279400000000),
double3(0.711833333333,0.600900000000,0.086866666667),
double3(0.698800000000,0.585700000000,0.053933333333),
double3(0.952100000000,0.562500000000,0.241706666667),
double3(0.878333333333,0.562500000000,0.207533333333),
double3(0.868533333333,0.562500000000,0.258900000000),
double3(0.704766666667,0.562500000000,0.254233333333),
double3(0.981200000000,0.562500000000,0.200500000000),
double3(0.967500000000,0.562500000000,0.300800000000),
double3(0.854666666667,0.562500000000,0.226366666667),
double3(0.802600000000,0.562500000000,0.204833333333),
double3(0.786466666667,0.562500000000,0.168400000000),
double3(0.807166666667,0.562500000000,0.157000000000),
double3(0.738100000000,0.562500000000,0.147566666667),
double3(0.708800000000,0.562500000000,0.164333333333),
double3(0.677100000000,0.562500000000,0.151166666667),
double3(0.726533333333,0.562500000000,0.202666666667),
double3(0.771400000000,0.562500000000,0.222600000000),
double3(0.782133333333,0.562500000000,0.247533333333),
double3(0.690366666667,0.562500000000,0.219666666667),
double3(0.721300000000,0.562500000000,0.107533333333),
double3(0.714566666667,0.687500000000,0.091626666667),
double3(0.788333333333,0.687500000000,0.125800000000),
double3(0.798133333333,0.687500000000,0.074433333333),
double3(0.961900000000,0.687500000000,0.079100000000),
double3(0.685466666667,0.687500000000,0.132833333333),
double3(0.699166666667,0.687500000000,0.032533333333),
double3(0.812000000000,0.687500000000,0.106966666667),
double3(0.864066666667,0.687500000000,0.128500000000),
double3(0.880200000000,0.687500000000,0.164933333333),
double3(0.859500000000,0.687500000000,0.176333333333),
double3(0.928566666667,0.687500000000,0.185766666667),
double3(0.957866666667,0.687500000000,0.169000000000),
double3(0.989566666667,0.687500000000,0.182166666667),
double3(0.940133333333,0.687500000000,0.130666666667),
double3(0.895266666667,0.687500000000,0.110733333333),
double3(0.884533333333,0.687500000000,0.085800000000),
double3(0.976300000000,0.687500000000,0.113666666667),
double3(0.945366666667,0.687500000000,0.225800000000),
double3(0.666666666667,0.500000000000,0.000000000000),
double3(0.666666666667,0.625000000000,0.000000000000),
double3(0.711833333333,0.524100000000,0.420200000000),
double3(0.698800000000,0.539300000000,0.387266666667),
double3(0.954833333333,0.649100000000,0.579800000000),
double3(0.967866666667,0.664300000000,0.612733333333),
double3(0.954833333333,0.725900000000,0.579800000000),
double3(0.967866666667,0.710700000000,0.612733333333),
double3(0.711833333333,0.600900000000,0.420200000000),
double3(0.698800000000,0.585700000000,0.387266666667),
double3(0.952100000000,0.562500000000,0.575040000000),
double3(0.878333333333,0.562500000000,0.540866666667),
double3(0.868533333333,0.562500000000,0.592233333333),
double3(0.704766666667,0.562500000000,0.587566666667),
double3(0.981200000000,0.562500000000,0.533833333333),
double3(0.967500000000,0.562500000000,0.634133333333),
double3(0.854666666667,0.562500000000,0.559700000000),
double3(0.802600000000,0.562500000000,0.538166666667),
double3(0.786466666667,0.562500000000,0.501733333333),
double3(0.807166666667,0.562500000000,0.490333333333),
double3(0.738100000000,0.562500000000,0.480900000000),
double3(0.708800000000,0.562500000000,0.497666666667),
double3(0.677100000000,0.562500000000,0.484500000000),
double3(0.726533333333,0.562500000000,0.536000000000),
double3(0.771400000000,0.562500000000,0.555933333333),
double3(0.782133333333,0.562500000000,0.580866666667),
double3(0.690366666667,0.562500000000,0.553000000000),
double3(0.721300000000,0.562500000000,0.440866666667),
double3(0.714566666667,0.687500000000,0.424960000000),
double3(0.788333333333,0.687500000000,0.459133333333),
double3(0.798133333333,0.687500000000,0.407766666667),
double3(0.961900000000,0.687500000000,0.412433333333),
double3(0.685466666667,0.687500000000,0.466166666667),
double3(0.699166666667,0.687500000000,0.365866666667),
double3(0.812000000000,0.687500000000,0.440300000000),
double3(0.864066666667,0.687500000000,0.461833333333),
double3(0.880200000000,0.687500000000,0.498266666667),
double3(0.859500000000,0.687500000000,0.509666666667),
double3(0.928566666667,0.687500000000,0.519100000000),
double3(0.957866666667,0.687500000000,0.502333333333),
double3(0.989566666667,0.687500000000,0.515500000000),
double3(0.940133333333,0.687500000000,0.464000000000),
double3(0.895266666667,0.687500000000,0.444066666667),
double3(0.884533333333,0.687500000000,0.419133333333),
double3(0.976300000000,0.687500000000,0.447000000000),
double3(0.945366666667,0.687500000000,0.559133333333),
double3(0.666666666667,0.500000000000,0.333333333333),
double3(0.666666666667,0.625000000000,0.333333333333),
double3(0.711833333333,0.524100000000,0.753533333333),
double3(0.698800000000,0.539300000000,0.720600000000),
double3(0.954833333333,0.649100000000,0.913133333333),
double3(0.967866666667,0.664300000000,0.946066666667),
double3(0.954833333333,0.725900000000,0.913133333333),
double3(0.967866666667,0.710700000000,0.946066666667),
double3(0.711833333333,0.600900000000,0.753533333333),
double3(0.698800000000,0.585700000000,0.720600000000),
double3(0.952100000000,0.562500000000,0.908373333333),
double3(0.878333333333,0.562500000000,0.874200000000),
double3(0.868533333333,0.562500000000,0.925566666667),
double3(0.704766666667,0.562500000000,0.920900000000),
double3(0.981200000000,0.562500000000,0.867166666667),
double3(0.967500000000,0.562500000000,0.967466666667),
double3(0.854666666667,0.562500000000,0.893033333333),
double3(0.802600000000,0.562500000000,0.871500000000),
double3(0.786466666667,0.562500000000,0.835066666667),
double3(0.807166666667,0.562500000000,0.823666666667),
double3(0.738100000000,0.562500000000,0.814233333333),
double3(0.708800000000,0.562500000000,0.831000000000),
double3(0.677100000000,0.562500000000,0.817833333333),
double3(0.726533333333,0.562500000000,0.869333333333),
double3(0.771400000000,0.562500000000,0.889266666667),
double3(0.782133333333,0.562500000000,0.914200000000),
double3(0.690366666667,0.562500000000,0.886333333333),
double3(0.721300000000,0.562500000000,0.774200000000),
double3(0.714566666667,0.687500000000,0.758293333333),
double3(0.788333333333,0.687500000000,0.792466666667),
double3(0.798133333333,0.687500000000,0.741100000000),
double3(0.961900000000,0.687500000000,0.745766666667),
double3(0.685466666667,0.687500000000,0.799500000000),
double3(0.699166666667,0.687500000000,0.699200000000),
double3(0.812000000000,0.687500000000,0.773633333333),
double3(0.864066666667,0.687500000000,0.795166666667),
double3(0.880200000000,0.687500000000,0.831600000000),
double3(0.859500000000,0.687500000000,0.843000000000),
double3(0.928566666667,0.687500000000,0.852433333333),
double3(0.957866666667,0.687500000000,0.835666666667),
double3(0.989566666667,0.687500000000,0.848833333333),
double3(0.940133333333,0.687500000000,0.797333333333),
double3(0.895266666667,0.687500000000,0.777400000000),
double3(0.884533333333,0.687500000000,0.752466666667),
double3(0.976300000000,0.687500000000,0.780333333333),
double3(0.945366666667,0.687500000000,0.892466666667),
double3(0.666666666667,0.500000000000,0.666666666667),
double3(0.666666666667,0.625000000000,0.666666666667),
double3(0.711833333333,0.774100000000,0.086866666667),
double3(0.698800000000,0.789300000000,0.053933333333),
double3(0.954833333333,0.899100000000,0.246466666667),
double3(0.967866666667,0.914300000000,0.279400000000),
double3(0.954833333333,0.975900000000,0.246466666667),
double3(0.967866666667,0.960700000000,0.279400000000),
double3(0.711833333333,0.850900000000,0.086866666667),
double3(0.698800000000,0.835700000000,0.053933333333),
double3(0.952100000000,0.812500000000,0.241706666667),
double3(0.878333333333,0.812500000000,0.207533333333),
double3(0.868533333333,0.812500000000,0.258900000000),
double3(0.704766666667,0.812500000000,0.254233333333),
double3(0.981200000000,0.812500000000,0.200500000000),
double3(0.967500000000,0.812500000000,0.300800000000),
double3(0.854666666667,0.812500000000,0.226366666667),
double3(0.802600000000,0.812500000000,0.204833333333),
double3(0.786466666667,0.812500000000,0.168400000000),
double3(0.807166666667,0.812500000000,0.157000000000),
double3(0.738100000000,0.812500000000,0.147566666667),
double3(0.708800000000,0.812500000000,0.164333333333),
double3(0.677100000000,0.812500000000,0.151166666667),
double3(0.726533333333,0.812500000000,0.202666666667),
double3(0.771400000000,0.812500000000,0.222600000000),
double3(0.782133333333,0.812500000000,0.247533333333),
double3(0.690366666667,0.812500000000,0.219666666667),
double3(0.721300000000,0.812500000000,0.107533333333),
double3(0.714566666667,0.937500000000,0.091626666667),
double3(0.788333333333,0.937500000000,0.125800000000),
double3(0.798133333333,0.937500000000,0.074433333333),
double3(0.961900000000,0.937500000000,0.079100000000),
double3(0.685466666667,0.937500000000,0.132833333333),
double3(0.699166666667,0.937500000000,0.032533333333),
double3(0.812000000000,0.937500000000,0.106966666667),
double3(0.864066666667,0.937500000000,0.128500000000),
double3(0.880200000000,0.937500000000,0.164933333333),
double3(0.859500000000,0.937500000000,0.176333333333),
double3(0.928566666667,0.937500000000,0.185766666667),
double3(0.957866666667,0.937500000000,0.169000000000),
double3(0.989566666667,0.937500000000,0.182166666667),
double3(0.940133333333,0.937500000000,0.130666666667),
double3(0.895266666667,0.937500000000,0.110733333333),
double3(0.884533333333,0.937500000000,0.085800000000),
double3(0.976300000000,0.937500000000,0.113666666667),
double3(0.945366666667,0.937500000000,0.225800000000),
double3(0.666666666667,0.750000000000,0.000000000000),
double3(0.666666666667,0.875000000000,0.000000000000),
double3(0.711833333333,0.774100000000,0.420200000000),
double3(0.698800000000,0.789300000000,0.387266666667),
double3(0.954833333333,0.899100000000,0.579800000000),
double3(0.967866666667,0.914300000000,0.612733333333),
double3(0.954833333333,0.975900000000,0.579800000000),
double3(0.967866666667,0.960700000000,0.612733333333),
double3(0.711833333333,0.850900000000,0.420200000000),
double3(0.698800000000,0.835700000000,0.387266666667),
double3(0.952100000000,0.812500000000,0.575040000000),
double3(0.878333333333,0.812500000000,0.540866666667),
double3(0.868533333333,0.812500000000,0.592233333333),
double3(0.704766666667,0.812500000000,0.587566666667),
double3(0.981200000000,0.812500000000,0.533833333333),
double3(0.967500000000,0.812500000000,0.634133333333),
double3(0.854666666667,0.812500000000,0.559700000000),
double3(0.802600000000,0.812500000000,0.538166666667),
double3(0.786466666667,0.812500000000,0.501733333333),
double3(0.807166666667,0.812500000000,0.490333333333),
double3(0.738100000000,0.812500000000,0.480900000000),
double3(0.708800000000,0.812500000000,0.497666666667),
double3(0.677100000000,0.812500000000,0.484500000000),
double3(0.726533333333,0.812500000000,0.536000000000),
double3(0.771400000000,0.812500000000,0.555933333333),
double3(0.782133333333,0.812500000000,0.580866666667),
double3(0.690366666667,0.812500000000,0.553000000000),
double3(0.721300000000,0.812500000000,0.440866666667),
double3(0.714566666667,0.937500000000,0.424960000000),
double3(0.788333333333,0.937500000000,0.459133333333),
double3(0.798133333333,0.937500000000,0.407766666667),
double3(0.961900000000,0.937500000000,0.412433333333),
double3(0.685466666667,0.937500000000,0.466166666667),
double3(0.699166666667,0.937500000000,0.365866666667),
double3(0.812000000000,0.937500000000,0.440300000000),
double3(0.864066666667,0.937500000000,0.461833333333),
double3(0.880200000000,0.937500000000,0.498266666667),
double3(0.859500000000,0.937500000000,0.509666666667),
double3(0.928566666667,0.937500000000,0.519100000000),
double3(0.957866666667,0.937500000000,0.502333333333),
double3(0.989566666667,0.937500000000,0.515500000000),
double3(0.940133333333,0.937500000000,0.464000000000),
double3(0.895266666667,0.937500000000,0.444066666667),
double3(0.884533333333,0.937500000000,0.419133333333),
double3(0.976300000000,0.937500000000,0.447000000000),
double3(0.945366666667,0.937500000000,0.559133333333),
double3(0.666666666667,0.750000000000,0.333333333333),
double3(0.666666666667,0.875000000000,0.333333333333),
double3(0.711833333333,0.774100000000,0.753533333333),
double3(0.698800000000,0.789300000000,0.720600000000),
double3(0.954833333333,0.899100000000,0.913133333333),
double3(0.967866666667,0.914300000000,0.946066666667),
double3(0.954833333333,0.975900000000,0.913133333333),
double3(0.967866666667,0.960700000000,0.946066666667),
double3(0.711833333333,0.850900000000,0.753533333333),
double3(0.698800000000,0.835700000000,0.720600000000),
double3(0.952100000000,0.812500000000,0.908373333333),
double3(0.878333333333,0.812500000000,0.874200000000),
double3(0.868533333333,0.812500000000,0.925566666667),
double3(0.704766666667,0.812500000000,0.920900000000),
double3(0.981200000000,0.812500000000,0.867166666667),
double3(0.967500000000,0.812500000000,0.967466666667),
double3(0.854666666667,0.812500000000,0.893033333333),
double3(0.802600000000,0.812500000000,0.871500000000),
double3(0.786466666667,0.812500000000,0.835066666667),
double3(0.807166666667,0.812500000000,0.823666666667),
double3(0.738100000000,0.812500000000,0.814233333333),
double3(0.708800000000,0.812500000000,0.831000000000),
double3(0.677100000000,0.812500000000,0.817833333333),
double3(0.726533333333,0.812500000000,0.869333333333),
double3(0.771400000000,0.812500000000,0.889266666667),
double3(0.782133333333,0.812500000000,0.914200000000),
double3(0.690366666667,0.812500000000,0.886333333333),
double3(0.721300000000,0.812500000000,0.774200000000),
double3(0.714566666667,0.937500000000,0.758293333333),
double3(0.788333333333,0.937500000000,0.792466666667),
double3(0.798133333333,0.937500000000,0.741100000000),
double3(0.961900000000,0.937500000000,0.745766666667),
double3(0.685466666667,0.937500000000,0.799500000000),
double3(0.699166666667,0.937500000000,0.699200000000),
double3(0.812000000000,0.937500000000,0.773633333333),
double3(0.864066666667,0.937500000000,0.795166666667),
double3(0.880200000000,0.937500000000,0.831600000000),
double3(0.859500000000,0.937500000000,0.843000000000),
double3(0.928566666667,0.937500000000,0.852433333333),
double3(0.957866666667,0.937500000000,0.835666666667),
double3(0.989566666667,0.937500000000,0.848833333333),
double3(0.940133333333,0.937500000000,0.797333333333),
double3(0.895266666667,0.937500000000,0.777400000000),
double3(0.884533333333,0.937500000000,0.752466666667),
double3(0.976300000000,0.937500000000,0.780333333333),
double3(0.945366666667,0.937500000000,0.892466666667),
double3(0.666666666667,0.750000000000,0.666666666667),
double3(0.666666666667,0.875000000000,0.666666666667),
