Zn  -0.000016  1.509404  1.218287  0  0  0
Zn  -1.307185  3.773507  1.218287  0  0  0
Zn  -2.614365  6.037609  1.218287  0  0  0
Zn  -3.921556  8.301711  1.218287  0  0  0
Zn  2.614344  1.509404  1.218287  0  0  0
Zn  1.307175  3.773507  1.218287  0  0  0
Zn  -0.000005  6.037609  1.218287  0  0  0
Zn  -1.307196  8.301711  1.218287  0  0  0
Zn  5.228704  1.509404  1.218287  0  0  0
Zn  3.921535  3.773507  1.218287  0  0  0
Zn  2.614355  6.037609  1.218287  0  0  0
Zn  1.307164  8.301711  1.218287  0  0  0
Zn  7.843064  1.509404  1.218287  0  0  0
Zn  6.535895  3.773507  1.218287  0  0  0
Zn  5.228715  6.037609  1.218287  0  0  0
Zn  3.921524  8.301711  1.218287  0  0  0
Zn  -0.000016  1.509404  3.654862  1  1  1
Zn  -1.307185  3.773507  3.654862  1  1  1
Zn  -2.614365  6.037609  3.654862  0  0  0
Zn  -3.921556  8.301711  3.654862  0  0  0
Zn  2.614344  1.509404  3.654862  1  1  1
Zn  1.307175  3.773507  3.654862  1  1  1
Zn  -0.000005  6.037609  3.654862  1  1  1
Zn  -1.307196  8.301711  3.654862  0  0  0
Zn  5.228704  1.509404  3.654862  1  1  1
Zn  3.921535  3.773507  3.654862  1  1  1
Zn  2.614355  6.037609  3.654862  1  1  1
Zn  1.307164  8.301711  3.654862  1  1  1
Zn  7.843064  1.509404  3.654862  0  0  0
Zn  6.535895  3.773507  3.654862  1  1  1
Zn  5.228715  6.037609  3.654862  1  1  1
Zn  3.921524  8.301711  3.654862  1  1  1
Zn  1.307196  0.754698  1.218287  0  0  0
Zn  0.000005  3.018800  1.218287  0  0  0
Zn  -1.307175  5.282902  1.218287  0  0  0
Zn  -2.614350  7.546995  1.218287  0  0  0
Zn  3.921556  0.754698  1.218287  0  0  0
Zn  2.614365  3.018800  1.218287  0  0  0
Zn  1.307185  5.282902  1.218287  0  0  0
Zn  0.000010  7.546995  1.218287  0  0  0
Zn  6.535916  0.754698  1.218287  0  0  0
Zn  5.228725  3.018800  1.218287  0  0  0
Zn  3.921545  5.282902  1.218287  0  0  0
Zn  2.614370  7.546995  1.218287  0  0  0
Zn  9.150276  0.754698  1.218287  0  0  0
Zn  7.843085  3.018800  1.218287  0  0  0
Zn  6.535905  5.282902  1.218287  0  0  0
Zn  5.228730  7.546995  1.218287  0  0  0
Zn  1.307196  0.754698  3.654862  1  1  1
Zn  0.000005  3.018800  3.654862  1  1  1
Zn  -1.307175  5.282902  3.654862  1  1  1
Zn  -2.614350  7.546995  3.654862  0  0  0
Zn  3.921556  0.754698  3.654862  1  1  1
Zn  2.614365  3.018800  3.654862  1  1  1
Zn  1.307185  5.282902  3.654862  1  1  1
Zn  0.000010  7.546995  3.654862  1  1  1
Zn  6.535916  0.754698  3.654862  0  0  0
Zn  5.228725  3.018800  3.654862  1  1  1
Zn  3.921545  5.282902  3.654862  1  1  1
Zn  2.614370  7.546995  3.654862  1  1  1
Zn  9.150276  0.754698  3.654862  0  0  0
Zn  7.843085  3.018800  3.654862  1  1  1
Zn  6.535905  5.282902  3.654862  1  1  1
Zn  5.228730  7.546995  3.654862  1  1  1
C  3.332253  2.319600  11.271845  0  0  0
C  3.445225  2.581439  9.876685  0  0  0
C  2.393609  3.201377  9.173197  0  0  0
C  4.611051  2.226210  9.169740  0  0  0
C  2.502481  3.456713  7.815794  0  0  0
C  4.721979  2.480523  7.812312  0  0  0
C  3.669625  3.101757  7.105018  1  1  1
N  3.239663  2.104782  12.415861  0  0  0
N  3.778106  3.353190  5.763783  1  1  1
H  3.029468  3.798149  5.254605  1  1  1
H  4.610596  3.102753  5.252018  1  1  1
H  5.432844  1.746048  9.699911  0  0  0
H  1.485736  3.482053  9.706179  0  0  0
H  5.633015  2.198099  7.281518  1  1  1
H  1.677180  3.937826  7.287786  1  1  1
