# Time-averaged data for fix msdoutZ
# TimeStep c_msdO[4]
100 16.0317
200 16.3411
300 16.8673
400 17.6274
500 18.6481
600 19.9412
700 21.4608
800 23.0878
900 24.6616
1000 26.0332
1100 27.0939
1200 27.8005
1300 28.2096
1400 28.4277
1500 28.525
1600 28.5266
1700 28.4357
1800 28.2468
1900 27.9485
2000 27.5241
2100 26.9563
2200 26.2411
2300 25.4063
2400 24.5241
2500 23.7033
2600 23.0582
2700 22.6587
2800 22.5095
2900 22.5724
3000 22.8032
3100 23.1719
3200 23.664
3300 24.2761
3400 25.0082
3500 25.8519
3600 26.7773
3700 27.7312
3800 28.6478
3900 29.4654
4000 30.1449
4100 30.6793
4200 31.0887
4300 31.4089
4400 31.6825
4500 31.953
4600 32.2592
4700 32.6188
4800 33.0235
4900 33.4441
5000 33.8427
5100 34.1881
5200 34.4626
5300 34.6597
5400 34.7852
5500 34.8525
5600 34.8755
5700 34.8636
5800 34.8288
5900 34.7784
6000 34.7219
6100 34.6664
6200 34.6156
6300 34.5685
6400 34.5177
6500 34.4485
6600 34.3392
6700 34.1587
6800 33.9171
6900 33.6788
7000 33.4689
7100 33.2631
7200 33.028
7300 32.745
7400 32.4143
7500 32.0516
7600 31.6852
7700 31.3565
7800 31.1252
7900 31.0691
8000 31.28
8100 31.8352
8200 32.7177
8300 33.7525
8400 34.6862
8500 35.3644
8600 35.7718
8700 35.9302
8800 35.8483
8900 35.5439
9000 35.0696
9100 34.5157
9200 33.9893
9300 33.5902
9400 33.3819
9500 33.3851
9600 33.5857
9700 33.9523
9800 34.4487
9900 35.0422
10000 35.6975
10100 36.3802
10200 37.0352
10300 37.5503
10400 37.7905
10500 37.6756
10600 37.2221
10700 36.5296
10800 35.7281
10900 34.9295
11000 34.2372
11100 33.7385
11200 33.4741
11300 33.4459
11400 33.6256
11500 33.9585
11600 34.3786
11700 34.8082
11800 35.1541
11900 35.3384
12000 35.3351
12100 35.1662
12200 34.8836
12300 34.5421
12400 34.1931
12500 33.8813
12600 33.6446
12700 33.5125
12800 33.5091
12900 33.6777
13000 34.0919
13100 34.7804
13200 35.6702
13300 36.6569
13400 37.6415
13500 38.5234
13600 39.196
13700 39.5416
13800 39.4287
13900 38.7227
14000 37.3499
14100 35.4549
14200 33.4729
14300 31.7225
14400 31.1707
14500 32.0232
14600 33.0607
14700 34.1795
14800 35.2204
14900 36.0319
15000 36.5594
15100 36.798
15200 36.7493
15300 36.4158
15400 35.8025
15500 34.9306
15600 33.8641
15700 32.7205
15800 31.6179
15900 30.5522
16000 29.5496
16100 29.759
16200 31.2696
16300 32.9862
16400 34.4589
16500 35.4381
16600 35.9853
16700 36.1756
16800 36.0497
16900 35.6365
17000 34.9755
17100 34.1388
17200 33.2484
17300 32.4849
17400 32.0167
17500 31.8606
17600 31.8759
17700 31.9957
17800 32.3655
17900 32.9368
18000 33.4211
18100 33.7281
18200 33.9175
18300 34.0755
18400 34.2642
18500 34.498
18600 34.7334
18700 34.9195
18800 35.0288
18900 35.0579
19000 35.0145
19100 34.9049
19200 34.7292
19300 34.4846
19400 34.1814
19500 33.8565
19600 33.5665
19700 33.3843
19800 33.3722
19900 33.5812
20000 34.0342
20100 34.6608
20200 35.2878
20300 35.7657
20400 36.0612
20500 36.2129
20600 36.2705
20700 36.2604
20800 36.1823
20900 36.0137
21000 35.7101
21100 35.2134
21200 34.5326
21300 33.8095
21400 33.0912
21500 32.6581
21600 33.1241
21700 33.7174
21800 34.1611
21900 34.548
22000 34.8782
22100 35.1197
22200 35.2654
22300 35.3313
22400 35.3371
22500 35.2985
22600 35.2244
22700 35.112
22800 34.9593
22900 34.7777
23000 34.5916
23100 34.435
23200 34.3177
23300 34.2356
23400 34.2196
23500 34.3366
23600 34.6381
23700 35.1113
23800 35.6629
23900 36.1619
24000 36.4957
24100 36.6026
24200 36.4622
24300 36.0828
24400 35.4918
24500 34.7327
24600 33.8754
24700 33.0256
24800 32.3325
24900 31.9485
25000 31.9427
25100 32.2516
25200 32.7573
25300 33.3636
25400 34.005
25500 34.6238
25600 35.1628
25700 35.573
25800 35.82
25900 35.8792
26000 35.741
26100 35.4114
26200 34.9119
26300 34.2979
26400 33.6693
26500 33.1604
26600 32.8931
26700 32.8901
26800 33.0429
26900 33.2192
27000 33.3612
27100 33.4531
27200 33.4895
27300 33.4704
27400 33.4042
27500 33.307
27600 33.2102
27700 33.1615
27800 33.2165
27900 33.4175
28000 33.755
28100 34.1488
28200 34.4891
28300 34.7051
28400 34.7946
28500 34.7764
28600 34.6651
28700 34.4766
28800 34.2355
28900 33.977
29000 33.7412
29100 33.5689
29200 33.5001
29300 33.5663
29400 33.7834
29500 34.1421
29600 34.6037
29700 35.1007
29800 35.557
29900 35.9078
30000 36.1051
30100 36.1152
30200 35.9334
30300 35.5976
30400 35.1929
30500 34.8378
30600 34.6377
30700 34.6363
30800 34.8189
30900 35.1297
31000 35.4742
31100 35.7447
31200 35.8713
31300 35.8413
31400 35.6734
31500 35.3917
31600 35.0143
31700 34.5681
31800 34.0942
31900 33.6458
32000 33.2869
32100 33.0788
32200 33.0687
32300 33.2789
32400 33.6984
32500 34.2813
32600 34.9507
32700 35.6244
32800 36.2173
32900 36.658
33000 36.8998
33100 36.9186
33200 36.7228
33300 36.3477
33400 35.8478
33500 35.2895
33600 34.7419
33700 34.2577
33800 33.8631
33900 33.5859
34000 33.4621
34100 33.5143
34200 33.7373
34300 34.1122
34400 34.6182
34500 35.2188
34600 35.8537
34700 36.4595
34800 36.9814
34900 37.3822
35000 37.6432
35100 37.7524
35200 37.6936
35300 37.4446
35400 36.9917
35500 36.3701
35600 35.6955
35700 35.1226
35800 34.7595
35900 34.6504
36000 34.7673
36100 35.0242
36200 35.3492
36300 35.6918
36400 36.0079
36500 36.2552
36600 36.4002
36700 36.418
36800 36.2899
36900 36.0081
37000 35.587
37100 35.0724
37200 34.5452
37300 34.0937
37400 33.7808
37500 33.6295
37600 33.6253
37700 33.7376
37800 33.9367
37900 34.1874
38000 34.4519
38100 34.6889
38200 34.8682
38300 34.9745
38400 35.005
38500 34.9821
38600 34.9809
38700 35.0648
38800 35.2278
38900 35.4323
39000 35.6475
39100 35.8515
39200 36.0287
39300 36.163
39400 36.2349
39500 36.221
39600 36.1004
39700 35.8693
39800 35.5581
39900 35.2213
40000 34.9244
40100 34.7096
40200 34.5856
40300 34.5395
40400 34.5486
40500 34.5934
40600 34.6485
40700 34.6885
40800 34.6923
40900 34.6464
41000 34.544
41100 34.3868
41200 34.1913
41300 33.992
41400 33.8417
41500 33.7879
41600 33.8586
41700 34.0716
41800 34.4416
41900 34.9497
42000 35.5316
42100 36.1116
42200 36.63
42300 37.0417
42400 37.3044
42500 37.3776
42600 37.2381
42700 36.8923
42800 36.3856
42900 35.7984
43000 35.2092
43100 34.6491
43200 34.1197
43300 33.6484
43400 33.3289
43500 33.2511
43600 33.3979
43700 33.6832
43800 34.04
43900 34.4277
44000 34.8041
44100 35.1181
44200 35.3282
44300 35.4069
44400 35.3479
44500 35.1641
44600 34.8876
44700 34.5567
44800 34.2132
44900 33.91
45000 33.7109
45100 33.6731
45200 33.8115
45300 34.0927
45400 34.4581
45500 34.8453
45600 35.1822
45700 35.3912
45800 35.4118
45900 35.2295
46000 34.8901
46100 34.4957
46200 34.1533
46300 33.9254
46400 33.8325
46500 33.8748
46600 34.0416
46700 34.3124
46800 34.6544
46900 35.0372
47000 35.4365
47100 35.828
47200 36.1697
47300 36.3893
47400 36.4058
47500 36.1774
47600 35.7385
47700 35.1747
47800 34.5674
47900 33.9731
48000 33.4258
48100 32.9545
48200 32.5969
48300 32.4033
48400 32.4208
48500 32.6784
48600 33.1707
48700 33.8655
48800 34.684
48900 35.5061
49000 36.1927
49100 36.6256
49200 36.7413
49300 36.55
49400 36.1298
49500 35.5937
49600 35.0449
49700 34.5586
49800 34.1775
49900 33.9181
50000 33.7854
50100 33.7751
50200 33.8713
50300 34.0583
50400 34.3296
50500 34.7043
50600 35.2356
50700 35.8741
50800 36.3979
50900 36.6786
51000 36.7109
51100 36.5366
51200 36.2057
51300 35.7607
51400 35.2463
51500 34.7236
51600 34.262
51700 33.903
51800 33.6465
51900 33.4919
52000 33.4509
52100 33.5346
52200 33.7518
52300 34.1194
52400 34.6571
52500 35.3374
52600 36.0689
52700 36.7564
52800 37.3386
52900 37.7845
53000 38.0859
53100 38.2461
53200 38.2695
53300 38.1535
53400 37.8806
53500 37.4122
53600 36.7122
53700 35.843
53800 35.0043
53900 34.2845
54000 33.6366
54100 33.2576
54200 33.1875
54300 33.1766
54400 33.2056
54500 33.3903
54600 33.7707
54700 34.2688
54800 34.7635
54900 35.1666
55000 35.4341
55100 35.5504
55200 35.5177
55300 35.3536
55400 35.0923
55500 34.7805
55600 34.4639
55700 34.1803
55800 33.9569
55900 33.8118
56000 33.757
56100 33.797
56200 33.9252
56300 34.1261
56400 34.3806
56500 34.6761
56600 35.0091
56700 35.3704
56800 35.7297
56900 36.0469
57000 36.2935
57100 36.4528
57200 36.5255
57300 36.5241
57400 36.4548
57500 36.3203
57600 36.1234
57700 35.8666
57800 35.5582
57900 35.2149
58000 34.858
58100 34.5117
58200 34.2005
58300 33.9503
58400 33.7825
58500 33.7167
58600 33.7587
58700 33.8918
58800 34.0813
58900 34.2951
59000 34.5156
59100 34.7589
59200 35.0772
59300 35.5074
59400 36.0104
59500 36.5093
59600 36.9301
59700 37.2136
59800 37.3158
59900 37.2074
60000 36.8771
60100 36.3423
60200 35.65
60300 34.8805
60400 34.1485
60500 33.5635
60600 33.1798
60700 32.9944
60800 32.9998
60900 33.209
61000 33.6662
61100 34.447
61200 35.5958
61300 36.99
61400 38.343
61500 39.392
61600 40.0231
61700 40.243
61800 40.1033
61900 39.6621
62000 38.9776
62100 38.1199
62200 37.1585
62300 36.1447
62400 35.1026
62500 34.0418
62600 32.9904
62700 32.0575
62800 31.4604
62900 31.3365
63000 31.5547
63100 31.8908
63200 32.2374
63300 32.5995
63400 32.987
63500 33.36
63600 33.6814
63700 33.9884
63800 34.3359
63900 34.7275
64000 35.1107
64100 35.4271
64200 35.6357
64300 35.7417
64400 35.7656
64500 35.7113
64600 35.5729
64700 35.3536
64800 35.0668
64900 34.7372
65000 34.3893
65100 34.0394
65200 33.7069
65300 33.4382
65400 33.3046
65500 33.3527
65600 33.5763
65700 33.9495
65800 34.4464
65900 35.0257
66000 35.6308
66100 36.1868
66200 36.6204
66300 36.8687
66400 36.8845
66500 36.6408
66600 36.1324
66700 35.3835
66800 34.4868
66900 33.6535
67000 33.1326
67100 32.9839
67200 33.1035
67300 33.4173
67400 33.8882
67500 34.4751
67600 35.1179
67700 35.7433
67800 36.2829
67900 36.6691
68000 36.8425
68100 36.7513
68200 36.3659
68300 35.7284
68400 34.9765
68500 34.2747
68600 33.6964
68700 33.2858
68800 33.2063
68900 33.5297
69000 34.0895
69100 34.7059
69200 35.2835
69300 35.7709
69400 36.1203
69500 36.2778
69600 36.2023
69700 35.901
69800 35.4258
69900 34.853
70000 34.2678
70100 33.7521
70200 33.372
70300 33.1753
70400 33.1856
70500 33.4047
70600 33.8167
70700 34.3997
70800 35.1312
70900 35.9835
71000 36.8951
71100 37.7438
71200 38.3774
71300 38.6743
71400 38.5737
71500 38.0755
71600 37.245
71700 36.2216
71800 35.2015
71900 34.3736
72000 33.8407
72100 33.6177
72200 33.6827
72300 33.9769
72400 34.4227
72500 34.9298
72600 35.4374
72700 35.9033
72800 36.3029
72900 36.5922
73000 36.7171
73100 36.6463
73200 36.378
73300 35.9406
73400 35.381
73500 34.7566
73600 34.1222
73700 33.5318
73800 33.049
73900 32.7432
74000 32.6869
74100 32.957
74200 33.611
74300 34.6167
74400 35.7909
74500 36.8492
74600 37.5707
74700 37.8935
74800 37.8571
74900 37.5098
75000 36.8838
75100 36.0199
75200 34.9996
75300 33.9509
75400 33.0235
75500 32.3489
75600 32.0196
75700 32.0814
75800 32.5078
75900 33.1984
76000 34.0231
76100 34.8611
76200 35.6123
76300 36.1968
76400 36.5677
76500 36.7066
76600 36.6217
76700 36.3334
76800 35.8555
76900 35.2017
77000 34.4284
77100 33.6971
77200 33.2088
77300 33.0222
77400 33.0318
77500 33.1576
77600 33.4245
77700 33.8241
77800 34.3235
77900 34.9217
78000 35.5821
78100 36.1825
78200 36.5773
78300 36.679
78400 36.4832
78500 36.0537
78600 35.496
78700 34.919
78800 34.3963
78900 33.9689
79000 33.6598
79100 33.4881
79200 33.4667
79300 33.5999
79400 33.8773
79500 34.2792
79600 34.7823
79700 35.3732
79800 36.0437
79900 36.7103
80000 37.2049
80100 37.4062
80200 37.3026
80300 36.9442
80400 36.3885
80500 35.6766
80600 34.8414
80700 33.9127
80800 32.9297
80900 31.9692
81000 31.174
81100 30.6897
81200 30.5249
81300 30.5873
81400 30.8499
81500 31.355
81600 32.0381
81700 32.7508
81800 33.4469
81900 34.1202
82000 34.7324
82100 35.2445
82200 35.6424
82300 35.9198
82400 36.0721
82500 36.0927
82600 35.9756
82700 35.719
82800 35.3315
82900 34.8338
83000 34.2648
83100 33.6737
83200 33.1257
83300 32.7175
83400 32.5517
83500 32.6633
83600 32.9806
83700 33.3922
83800 33.8122
83900 34.1881
84000 34.485
84100 34.675
84200 34.7371
84300 34.6663
84400 34.4792
84500 34.2215
84600 33.9621
84700 33.7648
84800 33.673
84900 33.7133
85000 33.8881
85100 34.1703
85200 34.5039
85300 34.8197
85400 35.0589
85500 35.1835
85600 35.1764
85700 35.037
85800 34.7773
85900 34.4213
86000 34.0016
86100 33.5495
86200 33.093
86300 32.6928
86400 32.4483
86500 32.4372
86600 32.699
86700 33.2387
86800 34.0038
86900 34.8834
87000 35.7451
87100 36.472
87200 36.9861
87300 37.2374
87400 37.1985
87500 36.8612
87600 36.2418
87700 35.3978
87800 34.4374
87900 33.5098
88000 32.7699
88100 32.3359
88200 32.269
88300 32.5616
88400 33.1342
88500 33.8625
88600 34.6068
88700 35.2525
88800 35.722
88900 35.9661
89000 35.9535
89100 35.6549
89200 35.0409
89300 34.1129
89400 32.9759
89500 31.8517
89600 30.9508
89700 30.4003
89800 30.3518
89900 30.9614
90000 32.0935
90100 33.3508
90200 34.4364
90300 35.2685
90400 35.8909
90500 36.3546
90600 36.6732
90700 36.8061
90800 36.7122
90900 36.4133
91000 35.9971
91100 35.5562
91200 35.1454
91300 34.7865
91400 34.4937
91500 34.288
91600 34.1977
91700 34.2468
91800 34.4346
91900 34.7446
92000 35.14
92100 35.5613
92200 35.9242
92300 36.1176
92400 36.0611
92500 35.7547
92600 35.2702
92700 34.6869
92800 34.049
92900 33.3908
93000 32.7684
93100 32.2541
93200 31.933
93300 31.8645
93400 32.1062
93500 32.7018
93600 33.6267
93700 34.7188
93800 35.7358
93900 36.4808
94000 36.8621
94100 36.8909
94200 36.6367
94300 36.1909
94400 35.649
94500 35.1013
94600 34.6242
94700 34.2722
94800 34.0836
94900 34.0829
95000 34.28
95100 34.6672
95200 35.2235
95300 35.9139
95400 36.6546
95500 37.322
95600 37.7901
95700 37.9777
95800 37.8596
95900 37.4564
96000 36.8181
96100 36.0111
96200 35.1153
96300 34.2132
96400 33.3759
96500 32.6535
96600 32.0884
96700 31.7311
96800 31.6423
96900 31.8553
97000 32.3011
97100 32.8261
97200 33.3233
97300 33.7683
97400 34.1654
97500 34.5107
97600 34.7874
97700 34.9778
97800 35.0788
97900 35.0938
98000 35.0395
98100 34.9377
98200 34.8098
98300 34.6751
98400 34.5487
98500 34.4406
98600 34.3441
98700 34.2473
98800 34.1382
98900 34.0083
99000 33.855
99100 33.6756
99200 33.4746
99300 33.2711
99400 33.1022
99500 33.0156
99600 33.0621
99700 33.2894
99800 33.7389
99900 34.4368
100000 35.3336
100100 36.2401
100200 36.9128
100300 37.2396
100400 37.2666
100500 37.0633
100600 36.6752
100700 36.1486
100800 35.5506
100900 34.9589
101000 34.4612
101100 34.1343
101200 34.0371
101300 34.2178
101400 34.6933
101500 35.4198
101600 36.2649
101700 37.0416
101800 37.574
101900 37.7415
102000 37.486
102100 36.8123
102200 35.8058
102300 34.6411
102400 33.5429
102500 32.7065
102600 32.229
102700 32.1059
102800 32.278
102900 32.6724
103000 33.2089
103100 33.8032
103200 34.3768
103300 34.8546
103400 35.18
103500 35.3255
103600 35.292
103700 35.1029
103800 34.7988
103900 34.4291
104000 34.0524
104100 33.7246
104200 33.4918
104300 33.4002
104400 33.5034
104500 33.8564
104600 34.4693
104700 35.2607
104800 36.076
104900 36.7578
105000 37.1992
105100 37.3634
105200 37.2571
105300 36.9107
105400 36.3669
105500 35.6832
105600 34.9347
105700 34.2061
105800 33.5845
105900 33.1352
106000 32.8983
106100 32.8905
106200 33.1094
106300 33.5279
106400 34.0792
106500 34.6671
106600 35.1899
106700 35.5732
106800 35.776
106900 35.7848
107000 35.6078
107100 35.2713
107200 34.8138
107300 34.2889
107400 33.7622
107500 33.3109
107600 33.0288
107700 33.0162
107800 33.3325
107900 33.9317
108000 34.6677
108100 35.381
108200 35.9551
108300 36.3224
108400 36.4637
108500 36.4077
108600 36.2075
108700 35.9219
108800 35.6062
108900 35.3013
109000 35.0409
109100 34.8559
109200 34.7662
109300 34.7767
109400 34.8747
109500 35.0312
109600 35.1967
109700 35.3171
109800 35.3629
109900 35.3368
110000 35.249
110100 35.107
110200 34.9182
110300 34.6918
110400 34.4392
110500 34.1745
110600 33.9145
110700 33.678
110800 33.5001
110900 33.4309
111000 33.5218
111100 33.7988
111200 34.239
111300 34.7642
111400 35.2722
111500 35.672
111600 35.9053
111700 35.9462
111800 35.795
111900 35.478
112000 35.0457
112100 34.5694
112200 34.135
112300 33.8217
112400 33.685
112500 33.7545
112600 34.0342
112700 34.4981
112800 35.0892
112900 35.7307
113000 36.3491
113100 36.8851
113200 37.297
113300 37.5539
113400 37.636
113500 37.5357
113600 37.2541
113700 36.8089
113800 36.2431
113900 35.6174
114000 34.995
114100 34.4299
114200 33.963
114300 33.6195
114400 33.4187
114500 33.3756
114600 33.4803
114700 33.6999
114800 34.0015
114900 34.3574
115000 34.7334
115100 35.0855
115200 35.3786
115300 35.5951
115400 35.7355
115500 35.8137
115600 35.8432
115700 35.8347
115800 35.8062
115900 35.7716
116000 35.7139
116100 35.6056
116200 35.4434
116300 35.2433
116400 35.0205
116500 34.7963
116600 34.593
116700 34.4285
116800 34.3214
116900 34.2861
117000 34.3212
117100 34.4149
117200 34.5499
117300 34.7073
117400 34.868
117500 35.0109
117600 35.1201
117700 35.1904
117800 35.2242
117900 35.2257
118000 35.1946
118100 35.1291
118200 35.0221
118300 34.871
118400 34.6823
118500 34.4706
118600 34.2668
118700 34.1096
118800 34.0319
118900 34.0529
119000 34.1733
119100 34.3783
119200 34.6428
119300 34.936
119400 35.2188
119500 35.4551
119600 35.6119
119700 35.6672
119800 35.6098
119900 35.4437
120000 35.1943
120100 34.9029
120200 34.6223
120300 34.4033
120400 34.2773
120500 34.2466
120600 34.3058
120700 34.4518
120800 34.678
120900 34.9679
121000 35.2928
121100 35.622
121200 35.9243
121300 36.1691
121400 36.3256
121500 36.3638
121600 36.263
121700 36.0129
121800 35.6233
121900 35.1269
122000 34.5676
122100 33.9911
122200 33.4392
122300 32.9479
122400 32.5452
122500 32.2455
122600 32.0532
122700 31.97
122800 31.9989
122900 32.1459
123000 32.427
123100 32.8975
123200 33.6745
123300 34.7909
123400 35.9554
123500 36.7561
123600 37.0966
123700 37.0761
123800 36.7785
123900 36.2662
124000 35.61
124100 34.9012
124200 34.2454
124300 33.7387
124400 33.4423
124500 33.3703
124600 33.5044
124700 33.8094
124800 34.2361
124900 34.7071
125000 35.13
125100 35.4337
125200 35.5858
125300 35.5834
125400 35.4317
125500 35.1232
125600 34.6318
125700 33.951
125800 33.169
125900 32.4924
126000 32.1437
126100 32.2156
126200 32.6632
126300 33.3764
126400 34.2077
126500 34.9839
126600 35.5487
126700 35.8267
126800 35.8137
126900 35.5421
127000 35.065
127100 34.4543
127200 33.7943
127300 33.1733
127400 32.665
127500 32.3368
127600 32.271
127700 32.5435
127800 33.041
127900 33.5639
128000 34.0595
128100 34.534
128200 34.9922
128300 35.459
128400 35.9373
128500 36.3568
128600 36.5716
128700 36.4604
128800 36.0135
128900 35.3596
129000 34.6962
129100 34.127
129200 33.6368
129300 33.1785
129400 32.7392
129500 32.3213
129600 31.9588
129700 31.7508
129800 31.8143
129900 32.189
130000 32.837
130100 33.6566
130200 34.5137
130300 35.2769
130400 35.8466
130500 36.1626
130600 36.1924
130700 35.9174
130800 35.3147
130900 34.3447
131000 32.9991
131100 31.4658
131200 30.1207
131300 29.2776
131400 29.0848
131500 29.6299
131600 30.9387
131700 32.8226
131800 34.8504
131900 36.6294
132000 37.9479
132100 38.7509
132200 39.0604
132300 38.9161
132400 38.3661
132500 37.4968
132600 36.4462
132700 35.3462
132800 34.2384
132900 33.1434
133000 32.279
133100 31.9424
133200 32.1245
133300 32.717
133400 33.6919
133500 35.0233
133600 36.5374
133700 37.9538
133800 39.0473
133900 39.7114
134000 39.908
134100 39.6071
134200 38.7403
134300 37.1944
134400 34.9705
134500 32.4313
134600 30.2247
134700 29.3521
134800 29.8201
134900 30.8398
135000 32.2282
135100 33.8363
135200 35.389
135300 36.6665
135400 37.5584
135500 38.0199
135600 38.0239
135700 37.5335
135800 36.5068
135900 34.9677
136000 33.1543
136100 31.5079
136200 30.3241
136300 29.8117
136400 30.3548
136500 31.6479
136600 33.0293
136700 34.1961
136800 35.0752
136900 35.6922
137000 36.0794
137100 36.2386
137200 36.1605
137300 35.8484
137400 35.3355
137500 34.687
137600 33.983
137700 33.2905
137800 32.6686
137900 32.202
138000 32.0347
138100 32.3438
138200 33.143
138300 34.1994
138400 35.5025
138500 36.93
138600 38.1028
138700 38.9607
138800 39.544
138900 39.8299
139000 39.7509
139100 39.2583
139200 38.372
139300 37.2232
139400 36.044
139500 35.0559
139600 34.3315
139700 33.8195
139800 33.4545
139900 33.2128
140000 33.1247
140100 33.2411
140200 33.5743
140300 34.0751
140400 34.6677
140500 35.2866
140600 35.8892
140700 36.4406
140800 36.8949
140900 37.1908
141000 37.2247
141100 36.8985
141200 36.3384
141300 35.7759
141400 35.3256
141500 35.0152
141600 34.8399
141700 34.7942
141800 34.8767
141900 35.0984
142000 35.4363
142100 35.7958
142200 35.994
142300 35.933
142400 35.7002
142500 35.4357
142600 35.227
142700 35.1048
142800 35.0674
142900 35.0879
143000 35.1127
143100 35.0821
143200 34.9772
143300 34.8305
143400 34.6616
143500 34.4502
143600 34.1757
143700 33.8463
143800 33.5072
143900 33.2245
144000 33.0558
144100 33.0418
144200 33.214
144300 33.5757
144400 34.0811
144500 34.6523
144600 35.2109
144700 35.6946
144800 36.054
144900 36.2378
145000 36.1824
145100 35.8093
145200 35.0855
145300 34.1081
145400 33.0997
145500 32.2329
145600 31.6179
145700 31.5879
145800 32.2793
145900 33.3704
146000 34.6944
146100 36.0601
146200 37.1717
146300 37.8574
146400 38.104
146500 37.9985
146600 37.6571
146700 37.1647
146800 36.5609
146900 35.8574
147000 35.066
147100 34.227
147200 33.436
147300 32.8217
147400 32.429
147500 32.1672
147600 32.0764
147700 32.5155
147800 33.3251
147900 34.2096
148000 35.2051
148100 36.2274
148200 37.0882
148300 37.7044
148400 38.0945
148500 38.3057
148600 38.3784
148700 38.3412
148800 38.2046
148900 37.9603
149000 37.5817
149100 37.0346
149200 36.3035
149300 35.4609
149400 34.6441
149500 33.8286
149600 33.3786
149700 33.9848
149800 34.73
149900 35.4142
150000 36.0677
150100 36.5866
150200 36.9142
150300 37.0656
150400 37.0708
150500 36.9465
150600 36.6902
150700 36.2818
150800 35.6918
150900 34.9124
151000 33.9998
151100 33.0281
151200 31.9907
151300 31.2081
151400 31.0969
151500 31.3268
151600 31.9285
151700 32.8429
151800 33.9251
151900 34.9587
152000 35.7994
152100 36.4317
152200 36.8774
152300 37.1404
152400 37.2035
152500 37.0385
152600 36.6171
152700 35.9307
152800 35.0213
152900 34.0016
153000 33.0436
153100 32.339
153200 31.9761
153300 31.8987
153400 32.08
153500 32.5516
153600 33.1962
153700 33.7975
153800 34.2727
153900 34.6635
154000 35.0317
154100 35.4089
154200 35.7684
154300 36.0549
154400 36.231
154500 36.2881
154600 36.2239
154700 36.0368
154800 35.7418
154900 35.3797
155000 34.992
155100 34.6086
155200 34.266
155300 33.9992
155400 33.829
155500 33.7676
155600 33.8197
155700 33.983
155800 34.2359
155900 34.5402
156000 34.8467
156100 35.1152
156200 35.3306
156300 35.4941
156400 35.617
156500 35.709
156600 35.7771
156700 35.8291
156800 35.8723
156900 35.9146
157000 35.9718
157100 36.0718
157200 36.2474
157300 36.5212
157400 36.8831
157500 37.269
157600 37.5632
157700 37.6563
157800 37.4989
157900 37.1048
158000 36.526
158100 35.8378
158200 35.1316
158300 34.5025
158400 34.0396
158500 33.8085
158600 33.8446
158700 34.1389
158800 34.6388
158900 35.2479
159000 35.8481
159100 36.3375
159200 36.6623
159300 36.8136
159400 36.8032
159500 36.6477
159600 36.3676
159700 35.9874
159800 35.5412
159900 35.0733
160000 34.634
160100 34.2706
160200 34.0118
160300 33.87
160400 33.8481
160500 33.946
160600 34.1396
160700 34.3603
160800 34.5234
160900 34.5744
161000 34.5014
161100 34.3173
161200 34.0462
161300 33.7228
161400 33.3959
161500 33.1225
161600 32.9697
161700 33.0034
161800 33.2752
161900 33.809
162000 34.5704
162100 35.4034
162200 36.0499
162300 36.3514
162400 36.3305
162500 36.058
162600 35.5843
162700 34.9593
162800 34.2525
162900 33.554
163000 32.9672
163100 32.5913
163200 32.5061
163300 32.7832
163400 33.497
163500 34.6645
163600 36.1414
163700 37.6444
163800 38.9143
163900 39.8019
164000 40.2531
164100 40.265
164200 39.8629
164300 39.0937
164400 38.0385
164500 36.8113
164600 35.55
164700 34.4194
164800 33.5925
164900 33.1733
165000 33.1333
165100 33.3739
165200 33.8053
165300 34.3457
165400 34.9034
165500 35.3879
165600 35.7139
165700 35.8195
165800 35.6686
165900 35.2539
166000 34.6121
166100 33.8394
166200 33.0866
166300 32.5211
166400 32.2599
166500 32.3391
166600 32.7318
166700 33.3816
166800 34.2129
166900 35.1186
167000 35.9479
167100 36.5494
167200 36.8206
167300 36.7349
167400 36.3297
167500 35.6816
167600 34.898
167700 34.1055
167800 33.4254
167900 32.9488
168000 32.7343
168100 32.8124
168200 33.1739
168300 33.7687
168400 34.5129
168500 35.297
168600 35.9914
168700 36.4844
168800 36.7094
168900 36.6548
169000 36.352
169100 35.8617
169200 35.2585
169300 34.6183
169400 33.9974
169500 33.4373
169600 32.996
169700 32.7814
169800 32.9176
169900 33.4557
170000 34.32
170100 35.3432
170200 36.3399
170300 37.1547
170400 37.6806
170500 37.8538
170600 37.6402
170700 37.0292
170800 36.0476
170900 34.8096
171000 33.562
171100 32.5809
171200 32.0086
171300 31.8616
171400 32.0908
171500 32.6321
171600 33.4197
171700 34.3405
171800 35.2345
171900 35.9596
172000 36.4294
172100 36.6069
172200 36.4805
172300 36.0447
172400 35.278
172500 34.1407
172600 32.6746
172700 31.1474
172800 29.991
172900 29.9161
173000 30.7665
173100 32.0089
173200 33.4309
173300 34.7795
173400 35.8974
173500 36.7297
173600 37.256
173700 37.4646
173800 37.3527
173900 36.9448
174000 36.3212
174100 35.6102
174200 34.9231
174300 34.2991
174400 33.7432
174500 33.2769
174600 32.9814
174700 32.9644
174800 33.2531
174900 33.7326
175000 34.2623
175100 34.7676
175200 35.2393
175300 35.7269
175400 36.2902
175500 36.9351
175600 37.5311
175700 37.9232
175800 38.0719
175900 38.0288
176000 37.8598
176100 37.6149
176200 37.3283
176300 37.0261
176400 36.7389
176500 36.4595
176600 36.1163
176700 35.6149
176800 34.9361
176900 34.2447
177000 33.7731
177100 33.4639
177200 33.2858
177300 33.2916
177400 33.397
177500 33.4895
177600 33.5968
177700 33.8117
177800 34.1591
177900 34.5838
178000 35.0015
178100 35.3414
178200 35.5669
178300 35.6647
178400 35.6238
178500 35.4209
178600 35.051
178700 34.5774
178800 34.1148
178900 33.7726
179000 33.5508
179100 33.4364
179200 33.4652
179300 33.6515
179400 33.9773
179500 34.447
179600 35.0603
179700 35.7285
179800 36.3121
179900 36.7486
180000 37.0567
180100 37.2728
180200 37.4151
180300 37.4791
180400 37.4522
180500 37.3149
180600 37.047
180700 36.6362
180800 36.0974
180900 35.4959
181000 34.9222
181100 34.4312
181200 34.0101
181300 33.6154
181400 33.1989
181500 32.7219
181600 32.1811
181700 31.6491
181800 31.2864
181900 31.1919
182000 31.3915
182100 31.9364
182200 32.7705
182300 33.7197
182400 34.639
182500 35.4272
182600 36.02
182700 36.3871
182800 36.5206
182900 36.4216
183000 36.0905
183100 35.52
183200 34.6971
183300 33.7236
183400 32.9455
183500 32.6618
183600 32.7855
183700 33.1267
183800 33.5803
183900 34.0858
184000 34.6099
184100 35.1428
184200 35.6827
184300 36.195
184400 36.5956
184500 36.787
184600 36.7106
184700 36.3737
184800 35.8461
184900 35.22
185000 34.586
185100 34.0361
185200 33.6494
185300 33.4677
185400 33.4813
185500 33.6285
185600 33.8332
185700 34.0341
185800 34.1913
185900 34.2887
186000 34.3237
186100 34.3003
186200 34.2287
186300 34.1343
186400 34.0583
186500 34.0504
186600 34.1544
186700 34.3817
186800 34.7176
186900 35.1391
187000 35.6221
187100 36.1284
187200 36.6063
187300 37.0008
187400 37.2657
187500 37.3597
187600 37.2536
187700 36.9344
187800 36.4203
187900 35.7893
188000 35.1829
188100 34.7322
188200 34.4818
188300 34.399
188400 34.4256
188500 34.5067
188600 34.5903
188700 34.6278
188800 34.5927
188900 34.4855
189000 34.3295
189100 34.1569
189200 34.0027
189300 33.9022
189400 33.8824
189500 33.9616
189600 34.1336
189700 34.3664
189800 34.6238
189900 34.8736
190000 35.084
190100 35.2166
190200 35.2363
190300 35.1309
190400 34.9179
190500 34.6382
190600 34.3247
190700 33.9836
190800 33.6109
190900 33.2317
191000 32.9276
191100 32.8059
191200 32.9145
191300 33.1988
191400 33.5217
191500 33.7749
191600 33.9271
191700 33.9704
191800 33.9422
191900 33.9281
192000 33.9846
192100 34.095
192200 34.2354
192300 34.403
192400 34.6023
192500 34.8308
192600 35.0736
192700 35.2972
192800 35.4484
192900 35.4761
193000 35.3569
193100 35.1123
193200 34.7949
193300 34.4613
193400 34.1483
193500 33.8748
193600 33.6552
193700 33.5084
193800 33.4639
193900 33.5401
194000 33.7322
194100 34.0475
194200 34.5454
194300 35.3018
194400 36.2615
194500 37.159
194600 37.7386
194700 37.9282
194800 37.7894
194900 37.4245
195000 36.9273
195100 36.3693
195200 35.7976
195300 35.2466
195400 34.7613
195500 34.4027
195600 34.2172
195700 34.2021
195800 34.3115
195900 34.4921
196000 34.7074
196100 34.9309
196200 35.121
196300 35.2236
196400 35.2053
196500 35.0678
196600 34.8373
196700 34.5474
196800 34.2231
196900 33.8747
197000 33.4996
197100 33.0995
197200 32.7243
197300 32.4905
197400 32.4531
197500 32.5924
197600 32.8736
197700 33.2726
197800 33.7573
197900 34.2912
198000 34.7993
198100 35.1723
198200 35.3338
198300 35.2752
198400 35.0487
198500 34.7352
198600 34.4125
198700 34.1366
198800 33.9532
198900 33.9076
199000 34.0111
199100 34.2175
199200 34.4629
199300 34.708
199400 34.9358
199500 35.1296
199600 35.2643
199700 35.3123
199800 35.2556
199900 35.0866
200000 34.8168
