# Time-averaged data for fix msdout
# TimeStep c_msdO[1]
100 0.558581
200 0.57251
300 0.596471
400 0.631873
500 0.680991
600 0.745486
700 0.824514
800 0.914454
900 1.00932
1000 1.10043
1100 1.1781
1200 1.23604
1300 1.27551
1400 1.30287
1500 1.32356
1600 1.34076
1700 1.35623
1800 1.37071
1900 1.38464
2000 1.399
2100 1.41506
2200 1.43363
2300 1.45517
2400 1.47961
2500 1.50568
2600 1.53153
2700 1.55628
2800 1.57966
2900 1.60193
3000 1.62449
3100 1.65011
3200 1.68259
3300 1.72646
3400 1.78572
3500 1.8617
3600 1.95147
3700 2.04759
3800 2.13969
3900 2.21768
4000 2.27452
4100 2.30725
4200 2.31581
4300 2.30132
4400 2.265
4500 2.20845
4600 2.13416
4700 2.04514
4800 1.94455
4900 1.836
5000 1.72359
5100 1.61139
5200 1.50273
5300 1.40015
5400 1.30574
5500 1.22097
5600 1.14632
5700 1.08108
5800 1.02453
5900 0.975741
6000 0.933522
6100 0.896762
6200 0.864652
6300 0.836725
6400 0.812867
6500 0.79349
6600 0.780592
6700 0.783255
6800 0.822612
6900 0.908511
7000 1.02128
7100 1.13786
7200 1.24792
7300 1.34911
7400 1.44146
7500 1.52559
7600 1.60255
7700 1.67384
7800 1.7412
7900 1.80586
8000 1.86646
8100 1.91713
8200 1.94671
8300 1.94476
8400 1.90885
8500 1.84378
8600 1.75356
8700 1.63936
8800 1.50544
8900 1.36157
9000 1.22136
9100 1.09905
9200 1.00475
9300 0.941935
9400 0.907754
9500 0.896442
9600 0.902242
9700 0.920614
9800 0.948765
9900 0.986315
10000 1.03547
10100 1.10231
10200 1.19636
10300 1.32457
10400 1.48315
10500 1.65881
10600 1.8372
10700 2.00867
10800 2.16607
10900 2.29681
11000 2.38272
11100 2.40987
11200 2.37748
11300 2.29447
11400 2.1711
11500 2.01991
11600 1.85495
11700 1.6887
11800 1.53086
11900 1.38811
12000 1.26368
12100 1.15755
12200 1.0682
12300 0.993535
12400 0.932095
12500 0.882957
12600 0.845376
12700 0.818431
12800 0.800522
12900 0.789523
13000 0.783635
13100 0.780719
13200 0.776895
13300 0.768425
13400 0.752704
13500 0.728105
13600 0.693476
13700 0.647739
13800 0.59006
13900 0.521386
14000 0.447532
14100 0.381086
14200 0.33472
14300 0.308724
14400 0.312622
14500 0.351913
14600 0.407714
14700 0.478586
14800 0.558137
14900 0.637928
15000 0.713845
15100 0.785476
15200 0.853866
15300 0.920386
15400 0.986466
15500 1.05421
15600 1.12845
15700 1.21904
15800 1.33882
15900 1.49439
16000 1.68173
16100 1.76325
16200 1.70023
16300 1.6262
16400 1.55856
16500 1.48891
16600 1.40681
16700 1.3071
16800 1.18849
16900 1.05249
17000 0.902924
17100 0.747248
17200 0.598518
17300 0.474155
17400 0.386385
17500 0.334538
17600 0.311058
17700 0.310733
17800 0.33036
17900 0.36412
18000 0.405165
18100 0.450892
18200 0.502968
18300 0.565153
18400 0.641756
18500 0.734713
18600 0.840025
18700 0.949293
18800 1.05402
18900 1.14881
19000 1.23151
19100 1.30187
19200 1.36016
19300 1.40662
19400 1.44195
19500 1.46757
19600 1.48523
19700 1.49602
19800 1.49845
19900 1.48843
20000 1.46152
20100 1.41497
20200 1.34795
20300 1.26277
20400 1.16496
20500 1.05964
20600 0.949082
20700 0.832854
20800 0.709335
20900 0.577878
21000 0.441901
21100 0.312928
21200 0.20958
21300 0.142837
21400 0.108426
21500 0.0895369
21600 0.0610452
21700 0.0422824
21800 0.0357858
21900 0.0368336
22000 0.0437412
22100 0.0564022
22200 0.0749843
22300 0.0993474
22400 0.129611
22500 0.16704
22600 0.214197
22700 0.274755
22800 0.3524
22900 0.449759
23000 0.568817
23100 0.713902
23200 0.894232
23300 1.12193
23400 1.40089
23500 1.71326
23600 2.02407
23700 2.30095
23800 2.52079
23900 2.66994
24000 2.74626
24100 2.75537
24200 2.70423
24300 2.59723
24400 2.43692
24500 2.22667
24600 1.97427
24700 1.69737
24800 1.4266
24900 1.1967
25000 1.02884
25100 0.921084
25200 0.85847
25300 0.826197
25400 0.814144
25500 0.815884
25600 0.82726
25700 0.845719
25800 0.870063
25900 0.89992
26000 0.936175
26100 0.980958
26200 1.03784
26300 1.11143
26400 1.2046
26500 1.31339
26600 1.42599
26700 1.5268
26800 1.60265
26900 1.65193
27000 1.68236
27100 1.70038
27200 1.70809
27300 1.70485
27400 1.68879
27500 1.65746
27600 1.60774
27700 1.5371
27800 1.44686
27900 1.34512
28000 1.24553
28100 1.16096
28200 1.09683
28300 1.04979
28400 1.01312
28500 0.981061
28600 0.950518
28700 0.92056
28800 0.891709
28900 0.865332
29000 0.843061
29100 0.826653
29200 0.8182
29300 0.820217
29400 0.83557
29500 0.86714
29600 0.917377
29700 0.987898
29800 1.07957
29900 1.19315
30000 1.32885
30100 1.48389
30200 1.65096
30300 1.81694
30400 1.96152
30500 2.06053
30600 2.09654
30700 2.06456
30800 1.9689
30900 1.82448
31000 1.65864
31100 1.5008
31200 1.36818
31300 1.26273
31400 1.17865
31500 1.10927
31600 1.04932
31700 0.996279
31800 0.949944
31900 0.911784
32000 0.884213
32100 0.869933
32200 0.871118
32300 0.888895
32400 0.923097
32500 0.971868
32600 1.03114
32700 1.09604
32800 1.16194
32900 1.22537
33000 1.28339
33100 1.33303
33200 1.372
33300 1.3987
33400 1.41279
33500 1.41703
33600 1.41969
33700 1.4331
33800 1.46499
33900 1.51252
34000 1.56514
34100 1.61204
34200 1.64638
34300 1.66489
34400 1.66494
34500 1.64443
34600 1.60591
34700 1.5579
34800 1.51054
34900 1.47187
35000 1.44939
35100 1.44956
35200 1.47479
35300 1.52003
35400 1.56853
35500 1.58748
35600 1.5407
35700 1.42272
35800 1.26554
35900 1.11169
36000 0.989788
36100 0.900833
36200 0.832597
36300 0.777344
36400 0.733636
36500 0.704162
36600 0.6943
36700 0.711005
36800 0.76182
36900 0.853456
37000 0.98844
37100 1.15962
37200 1.34706
37300 1.52219
37400 1.66075
37500 1.75265
37600 1.79913
37700 1.80488
37800 1.77385
37900 1.70852
38000 1.61045
38100 1.48097
38200 1.31866
38300 1.11554
38400 0.860284
38500 0.574479
38600 0.338217
38700 0.210104
38800 0.173122
38900 0.182088
39000 0.20482
39100 0.224656
39200 0.233402
39300 0.226964
39400 0.203543
39500 0.163659
39600 0.111563
39700 0.0571902
39800 0.0169485
39900 0.010161
40000 0.0496294
40100 0.133185
40200 0.246153
40300 0.372659
40400 0.503676
40500 0.635872
40600 0.767044
40700 0.894417
40800 1.01549
40900 1.12934
41000 1.23791
41100 1.34707
41200 1.46554
41300 1.59922
41400 1.74752
41500 1.90317
41600 2.05189
41700 2.17036
41800 2.23881
41900 2.25444
42000 2.22836
42100 2.17724
42200 2.11605
42300 2.05176
42400 1.98184
42500 1.89933
42600 1.79864
42700 1.67799
42800 1.54093
42900 1.39584
43000 1.24972
43100 1.0991
43200 0.932599
43300 0.745776
43400 0.554679
43500 0.394763
43600 0.296422
43700 0.25816
43800 0.255505
43900 0.268394
44000 0.288139
44100 0.311456
44200 0.336607
44300 0.362572
44400 0.389252
44500 0.417048
44600 0.446656
44700 0.478755
44800 0.513791
44900 0.551967
45000 0.59374
45100 0.640369
45200 0.693908
45300 0.755335
45400 0.822997
45500 0.895025
45600 0.971118
45700 1.05088
45800 1.13166
45900 1.20818
46000 1.27451
46100 1.32807
46200 1.37178
46300 1.40993
46400 1.44539
46500 1.47804
46600 1.50541
46700 1.52406
46800 1.53042
46900 1.52188
47000 1.49596
47100 1.44866
47200 1.37482
47300 1.27358
47400 1.15515
47500 1.03805
47600 0.937927
47700 0.860763
47800 0.804546
47900 0.764985
48000 0.738624
48100 0.723575
48200 0.719275
48300 0.725947
48400 0.743993
48500 0.773002
48600 0.811132
48700 0.856479
48800 0.906876
48900 0.960238
49000 1.01449
49100 1.06724
49200 1.11591
49300 1.15835
49400 1.19409
49500 1.22467
49600 1.25192
49700 1.27736
49800 1.30111
49900 1.32215
50000 1.33904
50100 1.35075
50200 1.35639
50300 1.35531
50400 1.34616
50500 1.32517
50600 1.28347
50700 1.21791
50800 1.1466
50900 1.08638
51000 1.04249
51100 1.0136
51200 0.996236
51300 0.986131
51400 0.978453
51500 0.967845
51600 0.949347
51700 0.920557
51800 0.88267
51900 0.838092
52000 0.786958
52100 0.727591
52200 0.65786
52300 0.574864
52400 0.476859
52500 0.3674
52600 0.258137
52700 0.165062
52800 0.0994562
52900 0.0618569
53000 0.0447473
53100 0.0388938
53200 0.0372601
53300 0.0359353
53400 0.0340825
53500 0.0335099
53600 0.0359483
53700 0.0406609
53800 0.0485615
53900 0.0610568
54000 0.0751157
54100 0.0757757
54200 0.0645039
54300 0.0624878
54400 0.0760176
54500 0.107305
54600 0.160592
54700 0.236177
54800 0.328089
54900 0.428271
55000 0.529758
55100 0.627049
55200 0.715523
55300 0.790963
55400 0.849899
55500 0.890555
55600 0.913468
55700 0.920849
55800 0.915802
55900 0.901825
56000 0.882576
56100 0.861955
56200 0.844569
56300 0.836469
56400 0.846677
56500 0.890222
56600 0.990509
56700 1.16624
56800 1.39125
56900 1.58383
57000 1.68025
57100 1.68645
57200 1.64137
57300 1.57432
57400 1.49761
57500 1.41429
57600 1.32452
57700 1.22874
57800 1.12961
57900 1.03303
58000 0.948852
58100 0.890214
58200 0.870196
58300 0.896829
58400 0.96862
58500 1.07324
58600 1.19217
58700 1.30795
58800 1.40846
58900 1.48693
59000 1.54033
59100 1.56784
59200 1.56492
59300 1.5235
59400 1.44456
59500 1.34174
59600 1.23703
59700 1.15213
59800 1.09931
59900 1.07951
60000 1.08597
60100 1.10945
60200 1.14158
60300 1.17573
60400 1.20711
60500 1.23345
60600 1.25535
60700 1.2743
60800 1.2916
60900 1.30764
61000 1.32149
61100 1.32991
61200 1.3275
61300 1.30991
61400 1.27972
61500 1.24377
61600 1.20692
61700 1.17069
61800 1.13513
61900 1.10062
62000 1.06799
62100 1.03851
62200 1.01241
62300 0.988324
62400 0.963327
62500 0.935417
62600 0.90738
62700 0.890775
62800 0.901787
62900 0.941212
63000 0.991233
63100 1.03517
63200 1.06603
63300 1.08312
63400 1.08906
63500 1.0891
63600 1.08852
63700 1.08901
63800 1.08876
63900 1.08725
64000 1.08853
64100 1.09801
64200 1.11651
64300 1.14139
64400 1.1714
64500 1.20579
64600 1.24235
64700 1.2779
64800 1.30956
64900 1.33573
65000 1.35692
65100 1.37482
65200 1.39142
65300 1.40971
65400 1.43585
65500 1.47988
65600 1.54699
65700 1.63014
65800 1.71412
65900 1.78541
66000 1.83491
66100 1.85663
66200 1.84522
66300 1.79511
66400 1.70094
66500 1.55857
66600 1.36723
66700 1.13624
66800 0.898596
66900 0.717622
67000 0.639714
67100 0.638189
67200 0.669369
67300 0.716314
67400 0.775351
67500 0.846134
67600 0.929215
67700 1.02568
67800 1.13785
67900 1.26976
68000 1.42806
68100 1.6215
68200 1.85571
68300 2.12338
68400 2.40181
68500 2.66518
68600 2.89579
68700 3.08469
68800 3.23173
68900 3.32971
69000 3.35922
69100 3.31
69200 3.18042
69300 2.97546
69400 2.70773
69500 2.40035
69600 2.08542
69700 1.79012
69800 1.52773
69900 1.30055
70000 1.10676
70100 0.943882
70200 0.809265
70300 0.699943
70400 0.612477
70500 0.543414
70600 0.489468
70700 0.447554
70800 0.415073
70900 0.390766
71000 0.376341
71100 0.377159
71200 0.40018
71300 0.450468
71400 0.529837
71500 0.636878
71600 0.766492
71700 0.9095
71800 1.05375
71900 1.18719
72000 1.301
72100 1.38911
72200 1.44497
72300 1.46054
72400 1.4344
72500 1.37999
72600 1.3244
72700 1.28952
72800 1.28168
72900 1.29303
73000 1.31175
73100 1.32968
73200 1.34256
73300 1.34904
73400 1.34925
73500 1.34375
73600 1.33342
73700 1.3201
73800 1.30823
73900 1.30707
74000 1.33424
74100 1.41383
74200 1.56205
74300 1.7663
74400 1.98247
74500 2.16047
74600 2.27281
74700 2.31914
74800 2.31033
74900 2.25439
75000 2.15398
75100 2.01061
75200 1.82997
75300 1.62466
75400 1.41382
75500 1.22057
75600 1.06715
75700 0.967218
75800 0.919945
75900 0.913224
76000 0.931513
76100 0.961995
76200 0.997144
76300 1.03343
76400 1.07003
76500 1.1081
76600 1.15025
76700 1.20081
76800 1.26716
76900 1.36177
77000 1.49855
77100 1.68085
77200 1.89498
77300 2.11663
77400 2.31145
77500 2.44644
77600 2.51887
77700 2.54323
77800 2.53183
77900 2.49332
78000 2.42638
78100 2.32331
78200 2.18218
78300 2.01149
78400 1.82607
78500 1.64252
78600 1.47522
78700 1.33264
78800 1.21567
78900 1.12137
79000 1.04589
79100 0.985937
79200 0.938495
79300 0.900408
79400 0.86825
79500 0.838752
79600 0.808214
79700 0.771604
79800 0.723209
79900 0.662948
80000 0.600955
80100 0.547438
80200 0.505335
80300 0.473058
80400 0.448177
80500 0.428885
80600 0.414672
80700 0.406659
80800 0.408078
80900 0.424412
81000 0.461524
81100 0.520274
81200 0.59597
81300 0.684838
81400 0.785213
81500 0.895405
81600 1.01403
81700 1.13478
81800 1.24375
81900 1.32899
82000 1.38952
82100 1.43235
82200 1.46489
82300 1.4917
82400 1.51445
82500 1.53263
82600 1.54404
82700 1.54488
82800 1.52987
82900 1.49259
83000 1.42625
83100 1.32635
83200 1.19521
83300 1.04608
83400 0.901869
83500 0.788159
83600 0.719102
83700 0.690535
83800 0.689901
83900 0.70642
84000 0.733324
84100 0.766553
84200 0.803137
84300 0.8399
84400 0.87238
84500 0.895547
84600 0.905177
84700 0.89936
84800 0.878847
84900 0.846344
85000 0.805065
85100 0.758205
85200 0.709036
85300 0.660591
85400 0.615052
85500 0.573763
85600 0.537637
85700 0.507717
85800 0.485695
85900 0.474285
86000 0.477804
86100 0.504537
86200 0.573776
86300 0.722788
86400 0.985678
86500 1.33111
86600 1.64624
86700 1.84336
86800 1.92593
86900 1.93719
87000 1.91169
87100 1.86593
87200 1.8058
87300 1.73247
87400 1.64529
87500 1.54317
87600 1.42585
87700 1.29547
87800 1.15875
87900 1.02722
88000 0.914911
88100 0.833112
88200 0.786198
88300 0.771354
88400 0.780147
88500 0.801962
88600 0.826613
88700 0.846528
88800 0.857445
88900 0.856758
89000 0.842533
89100 0.812425
89200 0.763334
89300 0.69305
89400 0.605123
89500 0.510535
89600 0.421996
89700 0.34927
89800 0.302241
89900 0.290517
90000 0.314892
90100 0.36722
90200 0.437827
90300 0.521001
90400 0.616748
90500 0.728098
90600 0.856326
90700 0.994382
90800 1.12681
90900 1.23806
91000 1.32154
91100 1.38112
91200 1.42424
91300 1.45654
91400 1.48067
91500 1.49727
91600 1.50628
91700 1.5083
91800 1.50499
91900 1.49862
92000 1.49065
92100 1.4812
92200 1.47084
92300 1.46249
92400 1.45874
92500 1.45474
92600 1.43862
92700 1.40032
92800 1.33707
92900 1.2527
93000 1.15465
93100 1.0506
93200 0.945693
93300 0.842475
93400 0.740109
93500 0.639038
93600 0.546305
93700 0.47756
93800 0.447511
93900 0.458978
94000 0.502348
94100 0.563985
94200 0.633406
94300 0.704866
94400 0.7761
94500 0.847124
94600 0.919305
94700 0.994935
94800 1.07701
94900 1.16877
95000 1.27394
95100 1.39832
95200 1.55257
95300 1.75189
95400 2.00714
95500 2.31186
95600 2.63833
95700 2.94841
95800 3.2089
95900 3.39876
96000 3.50797
96100 3.53365
96200 3.4765
96300 3.33897
96400 3.12372
96500 2.83256
96600 2.46725
96700 2.03857
96800 1.5856
96900 1.17814
97000 0.872385
97100 0.673236
97200 0.551779
97300 0.478162
97400 0.433643
97500 0.408237
97600 0.396476
97700 0.39499
97800 0.40159
97900 0.414734
98000 0.433941
98100 0.46027
98200 0.496898
98300 0.549283
98400 0.623719
98500 0.722702
98600 0.838466
98700 0.95456
98800 1.05645
98900 1.13907
99000 1.20471
99100 1.25714
99200 1.2997
99300 1.33529
99400 1.36658
99500 1.39584
99600 1.42492
99700 1.45532
99800 1.48803
99900 1.52226
100000 1.55387
100100 1.57745
100200 1.59103
100300 1.59696
100400 1.59871
100500 1.59861
100600 1.59802
100700 1.59784
100800 1.59861
100900 1.60012
101000 1.60155
101100 1.60174
101200 1.59941
101300 1.59261
101400 1.57875
101500 1.55515
101600 1.51943
101700 1.47093
101800 1.41146
101900 1.34503
102000 1.27741
102100 1.21559
102200 1.1666
102300 1.13447
102400 1.11704
102500 1.10664
102600 1.09577
102700 1.08216
102800 1.06722
102900 1.05135
103000 1.03214
103100 1.00577
103200 0.97003
103300 0.925573
103400 0.875522
103500 0.823636
103600 0.773277
103700 0.727483
103800 0.689083
103900 0.660901
104000 0.646197
104100 0.648588
104200 0.672856
104300 0.727452
104400 0.827828
104500 0.994742
104600 1.2352
104700 1.51673
104800 1.77609
104900 1.96272
105000 2.06326
105100 2.0909
105200 2.06538
105300 2.00227
105400 1.91131
105500 1.79843
105600 1.66796
105700 1.52447
105800 1.37358
105900 1.22264
106000 1.08178
106100 0.962067
106200 0.873156
106300 0.81904
106400 0.794724
106500 0.788787
106600 0.788218
106700 0.783334
106800 0.76888
106900 0.742802
107000 0.704849
107100 0.655646
107200 0.59603
107300 0.526993
107400 0.449848
107500 0.366839
107600 0.282852
107700 0.207153
107800 0.154304
107900 0.140766
108000 0.17531
108100 0.25079
108200 0.348637
108300 0.449819
108400 0.541757
108500 0.619764
108600 0.685356
108700 0.743359
108800 0.799611
108900 0.859738
109000 0.928698
109100 1.01049
109200 1.10762
109300 1.22019
109400 1.34471
109500 1.47317
109600 1.59093
109700 1.6798
109800 1.73084
109900 1.74891
110000 1.74079
110100 1.70957
110200 1.65598
110300 1.57979
110400 1.48043
110500 1.35722
110600 1.20958
110700 1.03835
110800 0.850961
110900 0.664952
111000 0.503006
111100 0.379175
111200 0.292222
111300 0.232532
111400 0.191196
111500 0.163315
111600 0.147457
111700 0.144568
111800 0.157275
111900 0.189444
112000 0.24576
112100 0.331304
112200 0.451043
112300 0.608936
112400 0.806148
112500 1.03886
112600 1.29682
112700 1.56436
112800 1.82583
112900 2.06959
113000 2.28939
113100 2.48295
113200 2.64988
113300 2.79008
113400 2.90243
113500 2.98392
113600 3.02825
113700 3.02432
113800 2.95601
113900 2.80482
114000 2.55919
114100 2.2292
114200 1.85435
114300 1.49229
114400 1.19073
114500 0.963674
114600 0.797546
114700 0.672779
114800 0.574961
114900 0.495087
115000 0.427414
115100 0.368167
115200 0.315089
115300 0.266621
115400 0.220969
115500 0.17576
115600 0.128862
115700 0.0832495
115800 0.0517488
115900 0.0483834
116000 0.0748591
116100 0.120564
116200 0.174221
116300 0.231239
116400 0.292307
116500 0.361142
116600 0.443778
116700 0.548135
116800 0.682859
116900 0.855342
117000 1.06846
117100 1.31702
117200 1.58485
117300 1.84563
117400 2.07006
117500 2.23732
117600 2.34204
117700 2.39088
117800 2.3933
117900 2.35538
118000 2.27886
118100 2.16273
118200 2.00546
118300 1.80773
118400 1.5757
118500 1.32433
118600 1.07546
118700 0.849557
118800 0.658676
118900 0.505908
119000 0.38827
119100 0.300094
119200 0.235356
119300 0.188963
119400 0.15704
119500 0.137001
119600 0.12744
119700 0.12822
119800 0.14099
119900 0.171973
120000 0.237575
120100 0.360062
120200 0.538705
120300 0.735514
120400 0.913407
120500 1.06672
120600 1.20664
120700 1.3421
120800 1.47594
120900 1.60719
121000 1.73329
121100 1.85228
121200 1.96304
121300 2.0646
121400 2.15519
121500 2.23119
121600 2.28636
121700 2.31227
121800 2.29957
121900 2.24108
122000 2.13421
122100 1.98207
122200 1.79351
122300 1.5825
122400 1.36567
122500 1.15791
122600 0.97082
122700 0.809903
122800 0.675182
122900 0.562831
123000 0.466078
123100 0.375822
123200 0.28781
123300 0.213439
123400 0.164102
123500 0.140825
123600 0.136905
123700 0.144707
123800 0.161303
123900 0.186644
124000 0.222323
124100 0.271177
124200 0.336359
124300 0.41999
124400 0.522794
124500 0.644867
124600 0.786028
124700 0.945171
124800 1.11966
124900 1.30398
125000 1.48965
125100 1.66727
125200 1.82916
125300 1.97158
125400 2.09439
125500 2.19925
125600 2.28572
125700 2.34632
125800 2.3666
125900 2.33231
126000 2.23687
126100 2.08344
126200 1.88651
126300 1.67184
126400 1.46668
126500 1.2875
126600 1.13849
126700 1.01639
126800 0.915607
126900 0.831677
127000 0.762527
127100 0.708204
127200 0.669648
127300 0.64809
127400 0.644921
127500 0.664271
127600 0.717799
127700 0.818644
127800 0.949271
127900 1.0659
128000 1.15077
128100 1.21199
128200 1.25879
128300 1.2966
128400 1.32659
128500 1.34453
128600 1.34314
128700 1.31797
128800 1.27165
128900 1.21563
129000 1.16311
129100 1.11516
129200 1.06239
129300 0.996387
129400 0.915845
129500 0.823561
129600 0.728222
129700 0.644662
129800 0.584824
129900 0.551185
130000 0.540354
130100 0.546526
130200 0.563559
130300 0.586414
130400 0.611655
130500 0.637447
130600 0.663247
130700 0.689881
130800 0.720321
130900 0.761715
131000 0.827502
131100 0.933752
131200 1.08334
131300 1.26051
131400 1.45175
131500 1.66079
131600 1.90523
131700 2.18505
131800 2.44792
131900 2.64036
132000 2.75115
132100 2.79246
132200 2.77841
132300 2.71837
132400 2.61863
132500 2.48783
132600 2.34068
132700 2.19274
132800 2.04997
132900 1.91278
133000 1.78857
133100 1.67972
133200 1.58194
133300 1.49688
133400 1.42114
133500 1.34886
133600 1.27819
133700 1.21095
133800 1.14895
133900 1.09189
134000 1.038
134100 0.984893
134200 0.930448
134300 0.8757
134400 0.831709
134500 0.811486
134600 0.807757
134700 0.860653
134800 0.975176
134900 1.0888
135000 1.20031
135100 1.30958
135200 1.40046
135300 1.45915
135400 1.48052
135500 1.46357
135600 1.40742
135700 1.30988
135800 1.16913
135900 0.991431
136000 0.802206
136100 0.638103
136200 0.516213
136300 0.439728
136400 0.415226
136500 0.424128
136600 0.445313
136700 0.473426
136800 0.507452
136900 0.547285
137000 0.593498
137100 0.646544
137200 0.706631
137300 0.773678
137400 0.847521
137500 0.928664
137600 1.01917
137700 1.12366
137800 1.25022
137900 1.41197
138000 1.6282
138100 1.92155
138200 2.3017
138300 2.73532
138400 3.13053
138500 3.4383
138600 3.65254
138700 3.77108
138800 3.79557
138900 3.72598
139000 3.56299
139100 3.31306
139200 2.99307
139300 2.6346
139400 2.28046
139500 1.96549
139600 1.7
139700 1.47849
139800 1.29458
139900 1.14426
140000 1.0236
140100 0.927749
140200 0.853147
140300 0.798111
140400 0.761824
140500 0.743843
140600 0.744322
140700 0.76388
140800 0.804332
140900 0.873031
141000 0.987644
141100 1.15553
141200 1.347
141300 1.52954
141400 1.69077
141500 1.83086
141600 1.95468
141700 2.06821
141800 2.17606
141900 2.27908
142000 2.36352
142100 2.39239
142200 2.32626
142300 2.18037
142400 2.01275
142500 1.86692
142600 1.75676
142700 1.67958
142800 1.62767
142900 1.5906
143000 1.55367
143100 1.50128
143200 1.42581
143300 1.3335
143400 1.23587
143500 1.14062
143600 1.05135
143700 0.971093
143800 0.904138
143900 0.853728
144000 0.819615
144100 0.79954
144200 0.792027
144300 0.797178
144400 0.816295
144500 0.850489
144600 0.900037
144700 0.965124
144800 1.04725
144900 1.15052
145000 1.28215
145100 1.44818
145200 1.64601
145300 1.85818
145400 2.05774
145500 2.22484
145600 2.34973
145700 2.41298
145800 2.40209
145900 2.32272
146000 2.17225
146100 1.96274
146200 1.7283
146300 1.50348
146400 1.31077
146500 1.15894
146600 1.04481
146700 0.95876
146800 0.892022
146900 0.839788
147000 0.801458
147100 0.779596
147200 0.777283
147300 0.793955
147400 0.825568
147500 0.870178
147600 0.925701
147700 0.984861
147800 1.04878
147900 1.11988
148000 1.19132
148100 1.25066
148200 1.2927
148300 1.32267
148400 1.34947
148500 1.38072
148600 1.4209
148700 1.47229
148800 1.53643
148900 1.61404
149000 1.70286
149100 1.79291
149200 1.85971
149300 1.87277
149400 1.82852
149500 1.7477
149600 1.67769
149700 1.68443
149800 1.6777
149900 1.63289
150000 1.54491
150100 1.43172
150200 1.32461
150300 1.24214
150400 1.18817
150500 1.15974
150600 1.15197
150700 1.15929
150800 1.17487
150900 1.1902
151000 1.19724
151100 1.19422
151200 1.18363
151300 1.16435
151400 1.15333
151500 1.17311
151600 1.24177
151700 1.36201
151800 1.4872
151900 1.57905
152000 1.62888
152100 1.64343
152200 1.63
152300 1.59216
152400 1.53047
152500 1.4436
152600 1.32935
152700 1.18618
152800 1.01627
152900 0.830244
153000 0.650217
153100 0.498312
153200 0.378492
153300 0.286613
153400 0.223342
153500 0.184186
153600 0.160059
153700 0.146767
153800 0.140303
153900 0.136167
154000 0.132284
154100 0.130409
154200 0.135711
154300 0.154396
154400 0.192937
154500 0.259811
154600 0.368078
154700 0.535859
154800 0.780188
154900 1.10034
155000 1.45757
155100 1.782
155200 2.02026
155300 2.16592
155400 2.23656
155500 2.24737
155600 2.20585
155700 2.11517
155800 1.97783
155900 1.79937
156000 1.59291
156100 1.3792
156200 1.18248
156300 1.02203
156400 0.907421
156500 0.838079
156600 0.806589
156700 0.802358
156800 0.814682
156900 0.835298
157000 0.860469
157100 0.891712
157200 0.932762
157300 0.985614
157400 1.05061
157500 1.12596
157600 1.20534
157700 1.27986
157800 1.34265
157900 1.39097
158000 1.42673
158100 1.45635
158200 1.48932
158300 1.53543
158400 1.60229
158500 1.69209
158600 1.79962
158700 1.9137
158800 2.02138
158900 2.11214
159000 2.17977
159100 2.22188
159200 2.23969
159300 2.236
159400 2.21236
159500 2.16834
159600 2.10239
159700 2.01294
159800 1.89881
159900 1.76009
160000 1.59916
160100 1.41965
160200 1.22354
160300 1.0112
160400 0.78703
160500 0.571949
160600 0.400927
160700 0.29206
160800 0.233172
160900 0.203028
161000 0.187455
161100 0.179776
161200 0.17735
161300 0.179463
161400 0.186482
161500 0.199596
161600 0.220914
161700 0.253789
161800 0.303064
161900 0.375546
162000 0.477355
162100 0.604039
162200 0.731609
162300 0.833008
162400 0.903185
162500 0.950823
162600 0.983884
162700 1.00797
162800 1.02822
162900 1.05041
163000 1.08041
163100 1.12358
163200 1.18454
163300 1.26991
163400 1.38886
163500 1.54548
163600 1.72669
163700 1.90665
163800 2.06291
163900 2.18369
164000 2.26544
164100 2.30853
164200 2.31497
164300 2.28725
164400 2.22784
164500 2.13635
164600 2.00953
164700 1.85129
164800 1.68367
164900 1.53636
165000 1.42273
165100 1.33727
165200 1.26992
165300 1.21347
165400 1.16338
165500 1.11611
165600 1.06834
165700 1.01758
165800 0.962358
165900 0.902514
166000 0.839793
166100 0.777965
166200 0.72221
166300 0.677197
166400 0.644532
166500 0.621664
166600 0.603654
166700 0.586224
166800 0.567627
166900 0.547597
167000 0.526051
167100 0.503221
167200 0.480285
167300 0.459074
167400 0.441346
167500 0.42878
167600 0.423158
167700 0.426102
167800 0.439509
167900 0.466547
168000 0.511845
168100 0.580577
168200 0.676771
168300 0.80239
168400 0.956526
168500 1.13367
168600 1.32175
168700 1.50495
168800 1.66912
168900 1.806
169000 1.91247
169100 1.98885
169200 2.03742
169300 2.06099
169400 2.06046
169500 2.03219
169600 1.96745
169700 1.8556
169800 1.69097
169900 1.48309
170000 1.25736
170100 1.04168
170200 0.853836
170300 0.698096
170400 0.570914
170500 0.466684
170600 0.380354
170700 0.308409
170800 0.249118
170900 0.202499
171000 0.169518
171100 0.150811
171200 0.145403
171300 0.149952
171400 0.16105
171500 0.177337
171600 0.199387
171700 0.227732
171800 0.261053
171900 0.297163
172000 0.334342
172100 0.372022
172200 0.410745
172300 0.452404
172400 0.501267
172500 0.565994
172600 0.660034
172700 0.797574
172800 0.986047
172900 1.19603
173000 1.43594
173100 1.6973
173200 1.93477
173300 2.11813
173400 2.24037
173500 2.3077
173600 2.32871
173700 2.31049
173800 2.25836
173900 2.17739
174000 2.07479
174100 1.96258
174200 1.85486
174300 1.76173
174400 1.68784
174500 1.63351
174600 1.59563
174700 1.57077
174800 1.55764
174900 1.55463
175000 1.56067
175100 1.57783
175200 1.61158
175300 1.67007
175400 1.75866
175500 1.86787
175600 1.96882
175700 2.04165
175800 2.09287
175900 2.13548
176000 2.1736
176100 2.20538
176200 2.22764
176300 2.23766
176400 2.23141
176500 2.20343
176600 2.14345
176700 2.02727
176800 1.83043
176900 1.59157
177000 1.38637
177100 1.2259
177200 1.08866
177300 0.958751
177400 0.830647
177500 0.709354
177600 0.603096
177700 0.518591
177800 0.460151
177900 0.427087
178000 0.414177
178100 0.416408
178200 0.431739
178300 0.462008
178400 0.515573
178500 0.61356
178600 0.790635
178700 1.0616
178800 1.37364
178900 1.65358
179000 1.8752
179100 2.04283
179200 2.16992
179300 2.26502
179400 2.32656
179500 2.3463
179600 2.30725
179700 2.19002
179800 2.00292
179900 1.78401
180000 1.57422
180100 1.3998
180200 1.27089
180300 1.18582
180400 1.13749
180500 1.11767
180600 1.11777
180700 1.12868
180800 1.14147
180900 1.14979
181000 1.15215
181100 1.15147
181200 1.15177
181300 1.15602
181400 1.16686
181500 1.18784
181600 1.22489
181700 1.28797
181800 1.38935
181900 1.53349
182000 1.70885
182100 1.90035
182200 2.09015
182300 2.24826
182400 2.34901
182500 2.38439
182600 2.35694
182700 2.27164
182800 2.13246
182900 1.94148
183000 1.69802
183100 1.39567
183200 1.02804
183300 0.639202
183400 0.347315
183500 0.204907
183600 0.151488
183700 0.132782
183800 0.12837
183900 0.130406
184000 0.134651
184100 0.138837
184200 0.143432
184300 0.153034
184400 0.176313
184500 0.224341
184600 0.309137
184700 0.441712
184800 0.627817
184900 0.861624
185000 1.12122
185100 1.37257
185200 1.58406
185300 1.73956
185400 1.83843
185500 1.88663
185600 1.88947
185700 1.85093
185800 1.77384
185900 1.66174
186000 1.52033
186100 1.35897
186200 1.19124
186300 1.03368
186400 0.901951
186500 0.807154
186600 0.753994
186700 0.739909
186800 0.758086
186900 0.801527
187000 0.864795
187100 0.943895
187200 1.03546
187300 1.13734
187400 1.24941
187500 1.37333
187600 1.51016
187700 1.65489
187800 1.7892
187900 1.88296
188000 1.91771
188100 1.9061
188200 1.87343
188300 1.83453
188400 1.79021
188500 1.73524
188600 1.66562
188700 1.58043
188800 1.48158
188900 1.3717
189000 1.25282
189100 1.12703
189200 0.997541
189300 0.86906
189400 0.74666
189500 0.634646
189600 0.535117
189700 0.448226
189800 0.372969
189900 0.308025
190000 0.252267
190100 0.205019
190200 0.166133
190300 0.135794
190400 0.113735
190500 0.0984466
190600 0.0870861
190700 0.0767719
190800 0.0660294
190900 0.0559329
191000 0.0513223
191100 0.0589506
191200 0.08352
191300 0.130161
191400 0.206054
191500 0.317234
191600 0.465544
191700 0.645202
191800 0.841821
191900 1.03928
192000 1.22392
192100 1.38167
192200 1.50574
192300 1.59864
192400 1.66604
192500 1.71147
192600 1.73446
192700 1.73092
192800 1.69546
192900 1.62528
193000 1.5232
193100 1.39803
193200 1.26094
193300 1.12148
193400 0.985729
193500 0.857641
193600 0.740724
193700 0.637394
193800 0.547654
193900 0.467862
194000 0.391828
194100 0.312226
194200 0.223926
194300 0.13434
194400 0.0663444
194500 0.0317097
194600 0.0232348
194700 0.0338325
194800 0.05834
194900 0.0921382
195000 0.132448
195100 0.179183
195200 0.234901
195300 0.303548
195400 0.387945
195500 0.487305
195600 0.597598
195700 0.715531
195800 0.840884
195900 0.974183
196000 1.11404
196100 1.25651
196200 1.39529
196300 1.52298
196400 1.63307
196500 1.72109
196600 1.78508
196700 1.82407
196800 1.83682
196900 1.81997
197000 1.76592
197100 1.66093
197200 1.49139
197300 1.26649
197400 1.02261
197500 0.794294
197600 0.597071
197700 0.4334
197800 0.302044
197900 0.20186
198000 0.13165
198100 0.0875216
198200 0.0625032
198300 0.0495819
198400 0.0432516
198500 0.0394324
198600 0.0358737
198700 0.0329313
198800 0.0332784
198900 0.0403415
199000 0.0560538
199100 0.0788681
199200 0.105218
199300 0.133431
199400 0.164328
199500 0.199898
199600 0.242395
199700 0.293942
199800 0.35663
199900 0.432815
200000 0.526165
