# Time-averaged data for fix msdoutX
# TimeStep c_msdO[2]
100 20.5131
200 20.3216
300 19.9649
400 19.3894
500 18.5148
600 17.2809
700 15.7482
800 14.1297
900 12.6708
1000 11.517
1100 10.6976
1200 10.1818
1300 9.92288
1400 9.87026
1500 9.97282
1600 10.1824
1700 10.4521
1800 10.734
1900 10.9847
2000 11.1731
2100 11.2827
2200 11.3058
2300 11.2393
2400 11.0796
2500 10.8146
2600 10.4155
2700 9.83419
2800 9.0333
2900 8.05236
3000 7.03627
3100 6.14741
3200 5.45811
3300 4.94716
3400 4.55668
3500 4.23507
3600 3.95037
3700 3.68514
3800 3.42781
3900 3.1717
4000 2.91742
4100 2.66889
4200 2.42647
4300 2.18652
4400 1.94263
4500 1.684
4600 1.39233
4700 1.05255
4800 0.695821
4900 0.412094
5000 0.254166
5100 0.189058
5200 0.167538
5300 0.166282
5400 0.176876
5500 0.194499
5600 0.218145
5700 0.249857
5800 0.289378
5900 0.333006
6000 0.378212
6100 0.424008
6200 0.466283
6300 0.500331
6400 0.527818
6500 0.554869
6600 0.588396
6700 0.634854
6800 0.697388
6900 0.77574
7000 0.863395
7100 0.957166
7200 1.05885
7300 1.17877
7400 1.33481
7500 1.54117
7600 1.7909
7700 2.05737
7800 2.30722
7900 2.51626
8000 2.68291
8100 2.81843
8200 2.92878
8300 3.0144
8400 3.07965
8500 3.13131
8600 3.17057
8700 3.19567
8800 3.21044
8900 3.22323
9000 3.2437
9100 3.2849
9200 3.35313
9300 3.43734
9400 3.51712
9500 3.5723
9600 3.59299
9700 3.58018
9800 3.5326
9900 3.44716
10000 3.33268
10100 3.20448
10200 3.07043
10300 2.93419
10400 2.80212
10500 2.67981
10600 2.56723
10700 2.46476
10800 2.37404
10900 2.28959
11000 2.19569
11100 2.07068
11200 1.8998
11300 1.6833
11400 1.44266
11500 1.21243
11600 1.01942
11700 0.86957
11800 0.753648
11900 0.658917
12000 0.575634
12100 0.498428
12200 0.42542
12300 0.356678
12400 0.292706
12500 0.234418
12600 0.183376
12700 0.142521
12800 0.116507
12900 0.110153
13000 0.122533
13100 0.141499
13200 0.154629
13300 0.16073
13400 0.163262
13500 0.164642
13600 0.167088
13700 0.171732
13800 0.177119
13900 0.180809
14000 0.182138
14100 0.181742
14200 0.179287
14300 0.173812
14400 0.165747
14500 0.157383
14600 0.152413
14700 0.156239
14800 0.171677
14900 0.196669
15000 0.226081
15100 0.254033
15200 0.2789
15300 0.301274
15400 0.322133
15500 0.34234
15600 0.362828
15700 0.38473
15800 0.409454
15900 0.438872
16000 0.476105
16100 0.526012
16200 0.591416
16300 0.666475
16400 0.739102
16500 0.810347
16600 0.892852
16700 0.990259
16800 1.08957
16900 1.18661
17000 1.28464
17100 1.38524
17200 1.49067
17300 1.60329
17400 1.72441
17500 1.85662
17600 2.00591
17700 2.1803
17800 2.3886
17900 2.63849
18000 2.93218
18100 3.25814
18200 3.58754
18300 3.88226
18400 4.11306
18500 4.27405
18600 4.37841
18700 4.44469
18800 4.48955
18900 4.52757
19000 4.57244
19100 4.63764
19200 4.73579
19300 4.87693
19400 5.06453
19500 5.29658
19600 5.57307
19700 5.89534
19800 6.25708
19900 6.6403
20000 7.02236
20100 7.37913
20200 7.6859
20300 7.92714
20400 8.10122
20500 8.21051
20600 8.25635
20700 8.24234
20800 8.17369
20900 8.05404
21000 7.8877
21100 7.68365
21200 7.45754
21300 7.22961
21400 7.01188
21500 6.80487
21600 6.61152
21700 6.4403
21800 6.30177
21900 6.20824
22000 6.16983
22100 6.19077
22200 6.26884
22300 6.39796
22400 6.57128
22500 6.7824
22600 7.02472
22700 7.28722
22800 7.54856
22900 7.77543
23000 7.93501
23100 8.02307
23200 8.06226
23300 8.0709
23400 8.05571
23500 8.01822
23600 7.95566
23700 7.86297
23800 7.73443
23900 7.56348
24000 7.34612
24100 7.08295
24200 6.77606
24300 6.43395
24400 6.07962
24500 5.73834
24600 5.4189
24700 5.11821
24800 4.83573
24900 4.57475
25000 4.34002
25100 4.13441
25200 3.95035
25300 3.76033
25400 3.55155
25500 3.38807
25600 3.31066
25700 3.27457
25800 3.23951
25900 3.19058
26000 3.1272
26100 3.04937
26200 2.95171
26300 2.83082
26400 2.68818
26500 2.52141
26600 2.32267
26700 2.09075
26800 1.83726
26900 1.58051
27000 1.34288
27100 1.14513
27200 0.99429
27300 0.884042
27400 0.803725
27500 0.743482
27600 0.696218
27700 0.657589
27800 0.624749
27900 0.595959
28000 0.570488
28100 0.547687
28200 0.526435
28300 0.505965
28400 0.486059
28500 0.465613
28600 0.441906
28700 0.412331
28800 0.377139
28900 0.33884
29000 0.299429
29100 0.264462
29200 0.244201
29300 0.242223
29400 0.25292
29500 0.272096
29600 0.298152
29700 0.327935
29800 0.358814
29900 0.391948
30000 0.430133
30100 0.474805
30200 0.527426
30300 0.591924
30400 0.675541
30500 0.791584
30600 0.9691
30700 1.26373
30800 1.7262
30900 2.29366
31000 2.80018
31100 3.1669
31200 3.42819
31300 3.627
31400 3.77681
31500 3.88516
31600 3.96058
31700 4.0058
31800 4.02168
31900 4.01318
32000 3.98636
32100 3.94537
32200 3.89535
32300 3.84792
32400 3.82324
32500 3.82301
32600 3.82707
32700 3.81965
32800 3.81907
32900 3.83301
33000 3.85844
33100 3.8849
33200 3.90019
33300 3.89991
33400 3.87653
33500 3.82527
33600 3.74411
33700 3.63404
33800 3.49485
33900 3.3309
34000 3.14545
34100 2.93319
34200 2.68687
34300 2.40857
34400 2.11016
34500 1.80336
34600 1.50338
34700 1.22877
34800 0.99402
34900 0.807471
35000 0.672624
35100 0.580754
35200 0.517073
35300 0.469113
35400 0.429122
35500 0.392388
35600 0.356572
35700 0.320464
35800 0.284711
35900 0.25044
36000 0.219048
36100 0.192251
36200 0.172643
36300 0.166412
36400 0.181001
36500 0.216079
36600 0.264143
36700 0.321572
36800 0.386726
36900 0.454561
37000 0.521002
37100 0.587602
37200 0.655794
37300 0.722858
37400 0.786865
37500 0.849455
37600 0.911421
37700 0.970721
37800 1.02602
37900 1.07861
38000 1.1301
38100 1.18168
38200 1.23643
38300 1.30102
38400 1.38491
38500 1.49961
38600 1.6576
38700 1.8676
38800 2.12694
38900 2.42099
39000 2.72855
39100 3.02889
39200 3.30757
39300 3.55686
39400 3.77378
39500 3.95921
39600 4.11561
39700 4.2445
39800 4.3476
39900 4.42896
40000 4.49279
40100 4.54021
40200 4.57043
40300 4.5843
40400 4.58317
40500 4.56428
40600 4.52507
40700 4.47377
40800 4.42946
40900 4.41639
41000 4.459
41100 4.57449
41200 4.76689
41300 5.02595
41400 5.33033
41500 5.65527
41600 5.98106
41700 6.29522
41800 6.5936
41900 6.88187
42000 7.17669
42100 7.50878
42200 7.91745
42300 8.4059
42400 8.90549
42500 9.33746
42600 9.6742
42700 9.92281
42800 10.0945
42900 10.1979
43000 10.2388
43100 10.22
43200 10.1415
43300 10.0011
43400 9.79392
43500 9.51408
43600 9.15629
43700 8.7197
43800 8.21852
43900 7.69598
44000 7.21708
44100 6.82812
44200 6.53097
44300 6.30471
44400 6.1279
44500 5.98175
44600 5.84943
44700 5.71791
44800 5.57966
44900 5.43324
45000 5.27982
45100 5.11737
45200 4.93671
45300 4.72175
45400 4.45527
45500 4.13463
45600 3.78551
45700 3.45451
45800 3.18372
45900 2.98772
46000 2.84597
46100 2.72758
46200 2.61305
46300 2.49348
46400 2.36409
46500 2.22052
46600 2.05926
46700 1.87972
46800 1.68561
46900 1.50722
47000 1.38553
47100 1.32256
47200 1.26008
47300 1.15296
47400 1.03065
47500 0.932529
47600 0.86573
47700 0.826592
47800 0.81391
47900 0.826238
48000 0.861375
48100 0.909037
48200 0.961818
48300 1.01565
48400 1.06351
48500 1.09552
48600 1.10874
48700 1.11822
48800 1.14275
48900 1.1893
49000 1.25307
49100 1.32701
49200 1.40863
49300 1.49341
49400 1.57365
49500 1.63951
49600 1.68655
49700 1.71729
49800 1.7358
49900 1.74492
50000 1.74628
50100 1.74078
50200 1.72905
50300 1.71191
50400 1.69009
50500 1.66395
50600 1.63338
50700 1.59824
50800 1.55954
50900 1.51522
51000 1.50739
51100 1.67006
51200 1.89522
51300 2.11141
51400 2.2636
51500 2.35476
51600 2.4127
51700 2.45044
51800 2.47242
51900 2.48172
52000 2.47901
52100 2.46142
52200 2.42563
52300 2.37047
52400 2.2949
52500 2.19638
52600 2.07479
52700 1.9374
52800 1.79394
52900 1.65137
53000 1.51766
53100 1.40399
53200 1.31893
53300 1.26065
53400 1.21899
53500 1.18739
53600 1.16288
53700 1.14194
53800 1.12148
53900 1.09957
54000 1.0745
54100 1.04447
54200 1.00837
54300 0.965794
54400 0.916296
54500 0.859696
54600 0.797041
54700 0.730324
54800 0.668544
54900 0.623854
55000 0.606679
55100 0.623716
55200 0.663219
55300 0.711068
55400 0.756041
55500 0.79138
55600 0.814541
55700 0.827401
55800 0.833952
55900 0.837213
56000 0.837973
56100 0.835294
56200 0.828945
56300 0.820383
56400 0.810837
56500 0.800509
56600 0.791612
56700 0.796194
56800 0.82472
56900 0.877881
57000 0.957458
57100 1.0672
57200 1.19797
57300 1.33335
57400 1.45648
57500 1.55817
57600 1.63691
57700 1.69552
57800 1.73869
57900 1.77075
58000 1.79366
58100 1.80762
58200 1.81315
58300 1.81165
58400 1.80428
58500 1.79361
58600 1.78866
58700 1.81347
58800 1.90511
58900 2.08562
59000 2.3594
59100 2.70526
59200 3.06372
59300 3.34842
59400 3.53366
59500 3.6498
59600 3.72217
59700 3.76173
59800 3.7727
59900 3.75589
60000 3.7091
60100 3.62737
60200 3.50481
60300 3.34027
60400 3.14755
60500 2.96072
60600 2.8256
60700 2.78192
60800 2.83816
60900 2.98064
61000 3.18872
61100 3.43947
61200 3.6863
61300 3.87702
61400 3.99347
61500 4.05508
61600 4.08147
61700 4.08003
61800 4.05179
61900 3.9952
62000 3.907
62100 3.78277
62200 3.61918
62300 3.41902
62400 3.19778
62500 2.98434
62600 2.81118
62700 2.72844
62800 2.78538
62900 2.96767
63000 3.2038
63100 3.43497
63200 3.62314
63300 3.74992
63400 3.82384
63500 3.86097
63600 3.8707
63700 3.85651
63800 3.81939
63900 3.75932
64000 3.67515
64100 3.56569
64200 3.43348
64300 3.28969
64400 3.15334
64500 3.05118
64600 3.01792
64700 3.08047
64800 3.22722
64900 3.40525
65000 3.57023
65100 3.70689
65200 3.81099
65300 3.883
65400 3.92549
65500 3.94076
65600 3.92954
65700 3.89152
65800 3.82602
65900 3.73216
66000 3.61072
66100 3.46828
66200 3.31767
66300 3.16945
66400 3.02213
66500 2.86777
66600 2.70793
66700 2.55214
66800 2.40721
66900 2.28034
67000 2.18269
67100 2.12139
67200 2.09244
67300 2.08085
67400 2.06902
67500 2.04541
67600 2.00553
67700 1.95193
67800 1.89207
67900 1.83336
68000 1.78124
68100 1.73967
68200 1.71058
68300 1.69362
68400 1.68532
68500 1.67709
68600 1.65575
68700 1.60683
68800 1.51857
68900 1.39236
69000 1.24906
69100 1.11339
69200 0.999416
69300 0.911214
69400 0.845286
69500 0.795798
69600 0.757513
69700 0.726825
69800 0.714343
69900 0.729813
70000 0.773598
70100 0.837812
70200 0.927123
70300 1.05832
70400 1.23947
70500 1.45619
70600 1.68088
70700 1.89126
70800 2.0779
70900 2.24044
71000 2.38205
71100 2.50612
71200 2.61495
71300 2.70977
71400 2.79114
71500 2.85899
71600 2.91263
71700 2.95174
71800 2.97832
71900 2.99774
72000 3.01743
72100 3.04308
72200 3.0774
72300 3.12179
72400 3.17712
72500 3.24343
72600 3.32015
72700 3.40689
72800 3.5034
72900 3.61094
73000 3.73401
73100 3.87933
73200 4.05181
73300 4.24962
73400 4.46415
73500 4.68447
73600 4.90136
73700 5.10974
73800 5.30954
73900 5.50318
74000 5.69245
74100 5.87886
74200 6.06482
74300 6.25028
74400 6.42861
74500 6.59
74600 6.72792
74700 6.83988
74800 6.92705
74900 6.9928
75000 7.0384
75100 7.06446
75200 7.0742
75300 7.07217
75400 7.06221
75500 7.04612
75600 7.021
75700 6.98093
75800 6.9208
75900 6.84014
76000 6.74898
76100 6.6735
76200 6.64816
76300 6.69796
76400 6.83562
76500 7.0771
76600 7.4471
76700 7.96045
76800 8.59066
76900 9.27558
77000 9.95082
77100 10.5687
77200 11.1004
77300 11.5356
77400 11.8795
77500 12.1423
77600 12.332
77700 12.4573
77800 12.5277
77900 12.5496
78000 12.5229
78100 12.4439
78200 12.3032
78300 12.0849
78400 11.7706
78500 11.3567
78600 10.8725
78700 10.3807
78800 9.96212
78900 9.6702
79000 9.5011
79100 9.44315
79200 9.46297
79300 9.5318
79400 9.64258
79500 9.77496
79600 9.90328
79700 10.0133
79800 10.0976
79900 10.1523
80000 10.1796
80100 10.1836
80200 10.1658
80300 10.1244
80400 10.0547
80500 9.94945
80600 9.7991
80700 9.59044
80800 9.3063
80900 8.9303
81000 8.46326
81100 7.93408
81200 7.37071
81300 6.85455
81400 6.49704
81500 6.19196
81600 5.90232
81700 5.63503
81800 5.38946
81900 5.16743
82000 4.96793
82100 4.78692
82200 4.61858
82300 4.45587
82400 4.29098
82500 4.1151
82600 3.9174
82700 3.68277
82800 3.39165
82900 3.02801
83000 2.59795
83100 2.14064
83200 1.71018
83300 1.34557
83400 1.05821
83500 0.839017
83600 0.671682
83700 0.542311
83800 0.442358
83900 0.366643
84000 0.31141
84100 0.274732
84200 0.256587
84300 0.256673
84400 0.272844
84500 0.302202
84600 0.341923
84700 0.387045
84800 0.430008
84900 0.464746
85000 0.491927
85100 0.515506
85200 0.539457
85300 0.56297
85400 0.584856
85500 0.603674
85600 0.617161
85700 0.625586
85800 0.629874
85900 0.630092
86000 0.625798
86100 0.615791
86200 0.598826
86300 0.573009
86400 0.535774
86500 0.485375
86600 0.421048
86700 0.342751
86800 0.254179
86900 0.167088
87000 0.0939956
87100 0.0419909
87200 0.0138674
87300 0.0103273
87400 0.028395
87500 0.0622204
87600 0.103829
87700 0.145657
87800 0.183185
87900 0.214901
88000 0.241484
88100 0.264901
88200 0.287183
88300 0.30961
88400 0.332932
88500 0.358022
88600 0.385914
88700 0.41877
88800 0.458572
88900 0.497747
89000 0.514316
89100 0.493209
89200 0.484221
89300 0.503819
89400 0.526546
89500 0.54496
89600 0.563093
89700 0.582254
89800 0.601836
89900 0.621558
90000 0.641768
90100 0.663283
90200 0.687357
90300 0.715939
90400 0.752155
90500 0.801065
90600 0.869666
90700 0.9623
90800 1.06995
90900 1.16798
91000 1.23435
91100 1.26585
91200 1.27191
91300 1.26075
91400 1.23437
91500 1.1911
91600 1.13161
91700 1.06396
91800 1.00056
91900 0.950198
92000 0.914562
92100 0.891824
92200 0.882019
92300 0.877489
92400 0.876431
92500 0.87822
92600 0.882945
92700 0.891319
92800 0.903796
92900 0.917871
93000 0.924122
93100 0.909937
93200 0.874231
93300 0.82997
93400 0.789372
93500 0.757749
93600 0.741046
93700 0.736457
93800 0.741468
93900 0.754311
94000 0.764749
94100 0.772002
94200 0.776228
94300 0.781606
94400 0.797293
94500 0.838073
94600 0.931513
94700 1.13388
94800 1.48546
94900 1.92384
95000 2.34012
95100 2.69001
95200 2.97841
95300 3.21889
95400 3.42095
95500 3.58991
95600 3.72978
95700 3.84346
95800 3.93128
95900 3.99245
96000 4.02747
96100 4.0384
96200 4.03002
96300 4.01282
96400 4.00217
96500 4.01071
96600 4.04267
96700 4.09709
96800 4.17135
96900 4.2624
97000 4.36594
97100 4.47622
97200 4.58692
97300 4.69329
97400 4.79163
97500 4.88108
97600 4.96375
97700 5.04068
97800 5.1041
97900 5.13859
98000 5.13512
98100 5.09642
98200 5.02985
98300 4.9407
98400 4.83081
98500 4.69978
98600 4.54625
98700 4.36865
98800 4.16603
98900 3.93903
99000 3.69126
99100 3.43106
99200 3.17321
99300 2.93864
99400 2.75056
99500 2.62578
99600 2.56541
99700 2.55689
99800 2.58348
99900 2.63015
100000 2.68437
100100 2.73633
100200 2.77844
100300 2.80942
100400 2.83979
100500 2.87775
100600 2.92914
100700 2.99456
100800 3.06382
100900 3.1266
101000 3.1774
101100 3.20786
101200 3.20956
101300 3.1745
101400 3.09756
101500 2.98184
101600 2.84174
101700 2.6995
101800 2.57676
101900 2.48521
102000 2.42622
102100 2.40454
102200 2.41338
102300 2.43672
102400 2.45384
102500 2.46142
102600 2.46444
102700 2.46814
102800 2.47603
102900 2.49
103000 2.51086
103100 2.53885
103200 2.57389
103300 2.61549
103400 2.66217
103500 2.71154
103600 2.75968
103700 2.80075
103800 2.8285
103900 2.84175
104000 2.85301
104100 2.85355
104200 2.82909
104300 2.76948
104400 2.67095
104500 2.54395
104600 2.41276
104700 2.30283
104800 2.22592
104900 2.17908
105000 2.15965
105100 2.164
105200 2.18294
105300 2.2064
105400 2.22067
105500 2.22314
105600 2.21576
105700 2.20044
105800 2.179
105900 2.15396
106000 2.12858
106100 2.1065
106200 2.09191
106300 2.0905
106400 2.11067
106500 2.16243
106600 2.25144
106700 2.36398
106800 2.47642
106900 2.57251
107000 2.64834
107100 2.7111
107200 2.7739
107300 2.83986
107400 2.90606
107500 2.96868
107600 3.02504
107700 3.07352
107800 3.11329
107900 3.14438
108000 3.16726
108100 3.18198
108200 3.20948
108300 3.26997
108400 3.3292
108500 3.34551
108600 3.35918
108700 3.42638
108800 3.54081
108900 3.67706
109000 3.81893
109100 3.95861
109200 4.09257
109300 4.21769
109400 4.33162
109500 4.43298
109600 4.52079
109700 4.5936
109800 4.64892
109900 4.68241
110000 4.68484
110100 4.63816
110200 4.51972
110300 4.32418
110400 4.08955
110500 3.88603
110600 3.75923
110700 3.69895
110800 3.67865
110900 3.68421
111000 3.70809
111100 3.74358
111200 3.78456
111300 3.82642
111400 3.86564
111500 3.89958
111600 3.92517
111700 3.93605
111800 3.92056
111900 3.86054
112000 3.73499
112100 3.53517
112200 3.2808
112300 3.01141
112400 2.76093
112500 2.54611
112600 2.36933
112700 2.22471
112800 2.10391
112900 2.00205
113000 1.9263
113100 1.88671
113200 1.86948
113300 1.85967
113400 1.85241
113500 1.85334
113600 1.8673
113700 1.89589
113800 1.93566
113900 1.9774
114000 2.0074
114100 2.01218
114200 1.98584
114300 1.93287
114400 1.86548
114500 1.79942
114600 1.74671
114700 1.71042
114800 1.68778
114900 1.67531
115000 1.67117
115100 1.67498
115200 1.6867
115300 1.70558
115400 1.72995
115500 1.75712
115600 1.78257
115700 1.80666
115800 1.83846
115900 1.88817
116000 1.94483
116100 1.95984
116200 1.91339
116300 1.85745
116400 1.83621
116500 1.84919
116600 1.88141
116700 1.92288
116800 1.96826
116900 2.01362
117000 2.05541
117100 2.08926
117200 2.10814
117300 2.10345
117400 2.06985
117500 2.00949
117600 1.93484
117700 1.8654
117800 1.81615
117900 1.78968
118000 1.78053
118100 1.7852
118200 1.80527
118300 1.84279
118400 1.89609
118500 1.95962
118600 2.02677
118700 2.09206
118800 2.15122
118900 2.20118
119000 2.24023
119100 2.26667
119200 2.27717
119300 2.26694
119400 2.2298
119500 2.15688
119600 2.04078
119700 1.89455
119800 1.75119
119900 1.64157
120000 1.59263
120100 1.62682
120200 1.7266
120300 1.85197
120400 1.96147
120500 2.04927
120600 2.12035
120700 2.17868
120800 2.22715
120900 2.26759
121000 2.30143
121100 2.33015
121200 2.35545
121300 2.37983
121400 2.40783
121500 2.44881
121600 2.51942
121700 2.64044
121800 2.83118
121900 3.10327
122000 3.43981
122100 3.8095
122200 4.17388
122300 4.50756
122400 4.79505
122500 5.02922
122600 5.21047
122700 5.34175
122800 5.42602
122900 5.46656
123000 5.46561
123100 5.42168
123200 5.3275
123300 5.17124
123400 4.95076
123500 4.70423
123600 4.50883
123700 4.4254
123800 4.47049
123900 4.60693
124000 4.78432
124100 4.98067
124200 5.18147
124300 5.37536
124400 5.55406
124500 5.71214
124600 5.84494
124700 5.94704
124800 6.01191
124900 6.03308
125000 6.0041
125100 5.91634
125200 5.75937
125300 5.52685
125400 5.22427
125500 4.8727
125600 4.50441
125700 4.15191
125800 3.84192
125900 3.59739
126000 3.43163
126100 3.33422
126200 3.28083
126300 3.26087
126400 3.26035
126500 3.26012
126600 3.2521
126700 3.23508
126800 3.2064
126900 3.16355
127000 3.10448
127100 3.02717
127200 2.93023
127300 2.81521
127400 2.6876
127500 2.55684
127600 2.43426
127700 2.32831
127800 2.2396
127900 2.15433
128000 2.05073
128100 1.91892
128200 1.76859
128300 1.61726
128400 1.48006
128500 1.36759
128600 1.27699
128700 1.20132
128800 1.13947
128900 1.09065
129000 1.05363
129100 1.0262
129200 1.00392
129300 0.978251
129400 0.936108
129500 0.849607
129600 0.700407
129700 0.536174
129800 0.407275
129900 0.316961
130000 0.253419
130100 0.208305
130200 0.177956
130300 0.162335
130400 0.15882
130500 0.164969
130600 0.178776
130700 0.199271
130800 0.226046
130900 0.262314
131000 0.311263
131100 0.368171
131200 0.414333
131300 0.428675
131400 0.416599
131500 0.397233
131600 0.380405
131700 0.367123
131800 0.356234
131900 0.346588
132000 0.337718
132100 0.329707
132200 0.322354
132300 0.315425
132400 0.308756
132500 0.305255
132600 0.308914
132700 0.324495
132800 0.355124
132900 0.399093
133000 0.448628
133100 0.499223
133200 0.548909
133300 0.596949
133400 0.64355
133500 0.689439
133600 0.735619
133700 0.783281
133800 0.833729
133900 0.888357
134000 0.948548
134100 1.01531
134200 1.08867
134300 1.16711
134400 1.24765
134500 1.32687
134600 1.40236
134700 1.47361
134800 1.54197
134900 1.60988
135000 1.67978
135100 1.75363
135200 1.83297
135300 1.91892
135400 2.0122
135500 2.11309
135600 2.22069
135700 2.33253
135800 2.44498
135900 2.55411
136000 2.65678
136100 2.75105
136200 2.83592
136300 2.91066
136400 2.97444
136500 3.02638
136600 3.06506
136700 3.08859
136800 3.09828
136900 3.1027
137000 3.11358
137100 3.13796
137200 3.17855
137300 3.23701
137400 3.31357
137500 3.40699
137600 3.51727
137700 3.6466
137800 3.80014
137900 3.98895
138000 4.24755
138100 4.62929
138200 5.17316
138300 5.88311
138400 6.67874
138500 7.43029
138600 8.04814
138700 8.52143
138800 8.88278
138900 9.16728
139000 9.39874
139100 9.59163
139200 9.75576
139300 9.89917
139400 10.0287
139500 10.1499
139600 10.2669
139700 10.3817
139800 10.4916
139900 10.5881
140000 10.6587
140100 10.69
140200 10.6732
140300 10.6109
140400 10.519
140500 10.4086
140600 10.2767
140700 10.1179
140800 9.93205
140900 9.72283
141000 9.49584
141100 9.25714
141200 9.01278
141300 8.76945
141400 8.53618
141500 8.32441
141600 8.14344
141700 7.99504
141800 7.86875
141900 7.74706
142000 7.61269
142100 7.4553
142200 7.26976
142300 7.05269
142400 6.80062
142500 6.50987
142600 6.17739
142700 5.80233
142800 5.38838
142900 4.94543
143000 4.48875
143100 4.03595
143200 3.60282
143300 3.19999
143400 2.84227
143500 2.5546
143600 2.33802
143700 2.1721
143800 2.02832
143900 1.90019
144000 1.78422
144100 1.67668
144200 1.57409
144300 1.47322
144400 1.37037
144500 1.26122
144600 1.14098
144700 1.0057
144800 0.85589
144900 0.701286
145000 0.560087
145100 0.449153
145200 0.375239
145300 0.336189
145400 0.326945
145500 0.335599
145600 0.349694
145700 0.360256
145800 0.363875
145900 0.364351
146000 0.365403
146100 0.369456
146200 0.376107
146300 0.385864
146400 0.40242
146500 0.438017
146600 0.520739
146700 0.684552
146800 0.92708
146900 1.20758
147000 1.49069
147100 1.75768
147200 1.99977
147300 2.2146
147400 2.40294
147500 2.56875
147600 2.71964
147700 2.85807
147800 2.98246
147900 3.09461
148000 3.19682
148100 3.30438
148200 3.43698
148300 3.61022
148400 3.83904
148500 4.1299
148600 4.4664
148700 4.83135
148800 5.19412
148900 5.51334
149000 5.76428
149100 5.95233
149200 6.09613
149300 6.21104
149400 6.30557
149500 6.38323
149600 6.44367
149700 6.48466
149800 6.50999
149900 6.5271
150000 6.53621
150100 6.53339
150200 6.50544
150300 6.43039
150400 6.29399
150500 6.10927
150600 5.89911
150700 5.688
150800 5.49119
150900 5.31192
151000 5.15173
151100 5.01939
151200 4.90874
151300 4.8106
151400 4.71049
151500 4.6048
151600 4.50242
151700 4.41168
151800 4.33428
151900 4.26711
152000 4.20602
152100 4.14787
152200 4.08955
152300 4.02726
152400 3.9581
152500 3.88531
152600 3.80813
152700 3.71451
152800 3.58335
152900 3.41021
153000 3.22379
153100 3.0496
153200 2.89964
153300 2.77279
153400 2.66935
153500 2.58401
153600 2.51019
153700 2.44248
153800 2.37718
153900 2.31116
154000 2.24178
154100 2.17136
154200 2.11252
154300 2.06755
154400 2.02886
154500 1.97351
154600 1.85822
154700 1.65368
154800 1.47193
154900 1.42296
155000 1.44373
155100 1.47535
155200 1.50276
155300 1.5226
155400 1.53267
155500 1.53059
155600 1.51491
155700 1.48415
155800 1.43472
155900 1.36234
156000 1.2646
156100 1.14916
156200 1.03863
156300 0.962143
156400 0.926394
156500 0.91691
156600 0.919456
156700 0.928901
156800 0.940469
156900 0.950169
157000 0.956099
157100 0.957684
157200 0.954914
157300 0.94782
157400 0.936128
157500 0.921787
157600 0.910057
157700 0.904401
157800 0.907832
157900 0.918117
158000 0.91735
158100 0.898792
158200 0.87166
158300 0.82861
158400 0.772115
158500 0.713483
158600 0.653736
158700 0.591117
158800 0.525706
158900 0.461548
159000 0.400794
159100 0.343397
159200 0.288768
159300 0.235429
159400 0.180854
159500 0.127462
159600 0.0818869
159700 0.051208
159800 0.0394457
159900 0.0451571
160000 0.0616612
160100 0.0811079
160200 0.0987218
160300 0.113226
160400 0.125006
160500 0.134799
160600 0.143255
160700 0.150977
160800 0.158629
160900 0.167001
161000 0.177053
161100 0.190045
161200 0.207513
161300 0.230458
161400 0.258366
161500 0.28995
161600 0.324392
161700 0.360627
161800 0.395894
161900 0.426642
162000 0.450268
162100 0.46437
162200 0.466596
162300 0.457417
162400 0.439982
162500 0.416262
162600 0.386792
162700 0.354043
162800 0.322693
162900 0.296691
163000 0.278178
163100 0.268187
163200 0.267141
163300 0.274789
163400 0.29044
163500 0.313847
163600 0.346923
163700 0.394724
163800 0.463482
163900 0.552358
164000 0.650335
164100 0.746019
164200 0.835503
164300 0.921182
164400 1.00512
164500 1.08631
164600 1.16326
164700 1.2358
164800 1.30442
164900 1.36953
165000 1.43154
165100 1.49081
165200 1.54757
165300 1.60217
165400 1.65542
165500 1.70896
165600 1.76591
165700 1.83107
165800 1.9116
165900 2.01811
166000 2.164
166100 2.36226
166200 2.61622
166300 2.91351
166400 3.22741
166500 3.52354
166600 3.77575
166700 3.97797
166800 4.13739
166900 4.2619
167000 4.35706
167100 4.42722
167200 4.47539
167300 4.50268
167400 4.50939
167500 4.4965
167600 4.46574
167700 4.42005
167800 4.36464
167900 4.30677
168000 4.25342
168100 4.20849
168200 4.17106
168300 4.13726
168400 4.10438
168500 4.07281
168600 4.04585
168700 4.029
168800 4.02646
168900 4.03719
169000 4.05499
169100 4.07195
169200 4.08048
169300 4.073
169400 4.04285
169500 3.98603
169600 3.89962
169700 3.77819
169800 3.61449
169900 3.40676
170000 3.1678
170100 2.92719
170200 2.72002
170300 2.58575
170400 2.53882
170500 2.56047
170600 2.62059
170700 2.68983
170800 2.74687
170900 2.79203
171000 2.82659
171100 2.85132
171200 2.86668
171300 2.87233
171400 2.86612
171500 2.84435
171600 2.80513
171700 2.74887
171800 2.67356
171900 2.59071
172000 2.53865
172100 2.53419
172200 2.58037
172300 2.65475
172400 2.73633
172500 2.82063
172600 2.90393
172700 2.98091
172800 3.0462
172900 3.096
173000 3.1278
173100 3.1407
173200 3.13532
173300 3.1127
173400 3.0854
173500 3.06489
173600 3.05298
173700 3.04126
173800 3.0305
173900 3.0281
174000 3.03962
174100 3.06343
174200 3.08927
174300 3.10592
174400 3.11263
174500 3.11769
174600 3.12948
174700 3.15031
174800 3.17852
174900 3.21129
175000 3.24522
175100 3.27698
175200 3.30402
175300 3.32466
175400 3.3379
175500 3.34303
175600 3.33995
175700 3.32849
175800 3.30697
175900 3.27106
176000 3.21184
176100 3.1183
176200 2.98828
176300 2.83089
176400 2.65895
176500 2.48605
176600 2.32612
176700 2.1893
176800 2.07816
176900 1.98948
177000 1.91775
177100 1.85647
177200 1.79883
177300 1.7386
177400 1.67125
177500 1.59554
177600 1.51436
177700 1.43387
177800 1.36079
177900 1.30075
178000 1.25786
178100 1.23309
178200 1.22431
178300 1.22732
178400 1.23625
178500 1.24497
178600 1.24987
178700 1.24995
178800 1.24434
178900 1.23115
179000 1.20893
179100 1.17702
179200 1.13362
179300 1.07443
179400 0.991895
179500 0.875889
179600 0.723475
179700 0.537563
179800 0.357038
179900 0.219899
180000 0.131615
180100 0.0790296
180200 0.0494419
180300 0.0365028
180400 0.036922
180500 0.0475945
180600 0.065942
180700 0.0905
180800 0.120702
180900 0.156499
181000 0.198927
181100 0.250784
181200 0.315153
181300 0.391187
181400 0.471963
181500 0.551852
181600 0.632304
181700 0.720453
181800 0.819575
181900 0.914705
182000 0.980185
182100 1.00871
182200 1.01244
182300 1.00245
182400 0.983755
182500 0.962831
182600 0.943456
182700 0.925743
182800 0.906953
182900 0.881407
183000 0.844911
183100 0.797509
183200 0.742146
183300 0.684944
183400 0.631006
183500 0.582172
183600 0.544784
183700 0.526566
183800 0.5277
183900 0.538753
184000 0.546973
184100 0.545277
184200 0.534064
184300 0.514991
184400 0.488885
184500 0.45578
184600 0.41635
184700 0.370656
184800 0.314635
184900 0.238838
185000 0.13835
185100 0.039786
185200 0.00188269
185300 0.0488712
185400 0.142795
185500 0.237229
185600 0.310794
185700 0.360825
185800 0.391708
185900 0.407717
186000 0.409529
186100 0.396733
186200 0.371811
186300 0.33894
186400 0.30091
186500 0.259197
186600 0.214584
186700 0.166058
186800 0.113065
186900 0.0719299
187000 0.090354
187100 0.188494
187200 0.303269
187300 0.373663
187400 0.397829
187500 0.394248
187600 0.375065
187700 0.347055
187800 0.315376
187900 0.283194
188000 0.251269
188100 0.21927
188200 0.186716
188300 0.153002
188400 0.118155
188500 0.0838471
188600 0.0533668
188700 0.0327684
188800 0.0322914
188900 0.0718286
189000 0.163625
189100 0.278954
189200 0.372528
189300 0.430597
189400 0.463846
189500 0.482618
189600 0.491041
189700 0.490538
189800 0.482285
189900 0.466507
190000 0.441961
190100 0.407775
190200 0.364972
190300 0.31605
190400 0.265557
190500 0.21841
190600 0.180899
190700 0.16012
190800 0.15662
190900 0.164885
191000 0.178929
191100 0.194345
191200 0.208719
191300 0.220871
191400 0.230248
191500 0.236519
191600 0.239374
191700 0.238394
191800 0.232894
191900 0.221779
192000 0.204158
192100 0.180962
192200 0.155786
192300 0.132455
192400 0.112442
192500 0.0955877
192600 0.0828087
192700 0.0759629
192800 0.0767229
192900 0.0859372
193000 0.103963
193100 0.131051
193200 0.16789
193300 0.216185
193400 0.278538
193500 0.355533
193600 0.438497
193700 0.505523
193800 0.533146
193900 0.519295
194000 0.489373
194100 0.47024
194200 0.467493
194300 0.474763
194400 0.486842
194500 0.501667
194600 0.5188
194700 0.538572
194800 0.561838
194900 0.589646
195000 0.622767
195100 0.660965
195200 0.702514
195300 0.745909
195400 0.79224
195500 0.843951
195600 0.914909
195700 1.04011
195800 1.22651
195900 1.43256
196000 1.57681
196100 1.64025
196200 1.67366
196300 1.70147
196400 1.72669
196500 1.74818
196600 1.76595
196700 1.7797
196800 1.78866
196900 1.79183
197000 1.78854
197100 1.77882
197200 1.76344
197300 1.74372
197400 1.7214
197500 1.6986
197600 1.67773
197700 1.6608
197800 1.64823
197900 1.63669
198000 1.61765
198100 1.58225
198200 1.53237
198300 1.48108
198400 1.43903
198500 1.4085
198600 1.38922
198700 1.38203
198800 1.38897
198900 1.41281
199000 1.45803
199100 1.53157
199200 1.64285
199300 1.80115
199400 2.00899
199500 2.25207
199600 2.50078
199700 2.73028
199800 2.93356
199900 3.11313
200000 3.27351
