# Fix print output for fix totenergy
-13597.1355217214
-13597.1180906356
-13597.0397419228
-13596.8382946143
-13596.4619365666
-13595.9398679215
-13595.4421531681
-13595.1645505792
-13595.1404097971
-13595.2535070436
-13595.3840722656
-13595.4785269905
-13595.531045632
-13595.5510416261
-13595.5471111729
-13595.5237259798
-13595.4818711814
-13595.4201303336
-13595.3350979654
-13595.2218478779
-13595.0747235764
-13594.8888998787
-13594.6633122284
-13594.4049551166
-13594.1388372113
-13593.9357484114
-13593.9485279557
-13594.2960011963
-13594.8186051273
-13595.2426722188
-13595.4909026094
-13595.619359496
-13595.6843361631
-13595.7155574621
-13595.7255177491
-13595.7173005781
-13595.686281072
-13595.6168221185
-13595.4731602983
-13595.1937393257
-13594.7357530027
-13594.1995917879
-13593.8412810455
-13593.8320806205
-13594.0998852867
-13594.4543074056
-13594.761052897
-13594.9801665287
-13595.1216353378
-13595.2062877515
-13595.2507476093
-13595.2655606249
-13595.2564987795
-13595.2263737077
-13595.1761405988
-13595.1061011735
-13595.0162495785
-13594.906144866
-13594.7722870595
-13594.5997338723
-13594.3445703242
-13593.9485504113
-13593.5016800825
-13593.3639061432
-13593.7728285166
-13594.4504831408
-13595.0026555513
-13595.3302224139
-13595.5041378428
-13595.5951002617
-13595.6412538497
-13595.659675437
-13595.6558324214
-13595.6269327956
-13595.5598455725
-13595.4237994484
-13595.1619714517
-13594.7143831384
-13594.1278054865
-13593.6575462022
-13593.5870012163
-13593.9150921497
-13594.3893509058
-13594.7895030674
-13595.0497174035
-13595.1941735239
-13595.2632104057
-13595.2867615703
-13595.2821824359
-13595.2577277153
-13595.2166017166
-13595.1598386814
-13595.088091923
-13595.0031119066
-13594.9087620994
-13594.8119478787
-13594.7228191046
-13594.6549046567
-13594.6266312308
-13594.6651157744
-13594.7973531325
-13595.0111228414
-13595.2414687571
-13595.4282896533
-13595.5551915857
-13595.6333351521
-13595.6779566633
-13595.6992544053
-13595.7015275375
-13595.6827635118
-13595.6317355785
-13595.5193830878
-13595.2862687771
-13594.8591585513
-13594.2684939606
-13593.7632239657
-13593.6276369229
-13593.8835719568
-13594.3133708751
-13594.7074124795
-13594.9866873693
-13595.1598024082
-13595.2576826491
-13595.3056104971
-13595.3190922349
-13595.3067705299
-13595.2730112408
-13595.2205201168
-13595.1518586889
-13595.0712606017
-13594.9854715962
-13594.9043634965
-13594.8392405768
-13594.8001766737
-13594.7926923068
-13594.8162381816
-13594.8652816724
-13594.9331633822
-13595.0183859611
-13595.1373028414
-13595.3360659825
-13595.5822424462
-13595.7396285181
-13595.8074323346
-13595.8355073546
-13595.8476911435
-13595.8521863317
-13595.8512851616
-13595.8444477349
-13595.8281387535
-13595.7939496057
-13595.7262546439
-13595.605393131
-13595.4226520818
-13595.1901960914
-13594.934346163
-13594.6891771212
-13594.4976066853
-13594.4033663075
-13594.4309490832
-13594.5690718709
-13594.7755442082
-13595.0002115133
-13595.2056874693
-13595.3745287155
-13595.5046352299
-13595.6017368122
-13595.6736194058
-13595.7272207901
-13595.7675184599
-13595.7976746373
-13595.8195914697
-13595.8346347584
-13595.8439059751
-13595.848142206
-13595.8470627705
-13595.83837175
-13595.8152034648
-13595.7605106146
-13595.6443947423
-13595.4443691916
-13595.1778951868
-13594.8886200126
-13594.6221845789
-13594.4271485503
-13594.3494716019
-13594.408694092
-13594.581276512
-13594.8120755813
-13595.0445126674
-13595.2431161775
-13595.3962647663
-13595.507515938
-13595.5859606643
-13595.6406375809
-13595.6783511663
-13595.7029970092
-13595.7150553913
-13595.7107363744
-13595.6796833922
-13595.5979395923
-13595.4156532657
-13595.0613009119
-13594.517588591
-13593.9346826744
-13593.5957640135
-13593.6873992238
-13594.1168027972
-13594.6234302956
-13595.0232550498
-13595.2801177326
-13595.4291126321
-13595.5100053469
-13595.5481524196
-13595.5559854948
-13595.5367659756
-13595.485199369
-13595.3826210211
-13595.17830327
-13594.7332517256
-13593.7272416709
-13592.0081714092
-13591.0176968767
-13592.3754021018
-13594.3467001313
-13595.2264864473
-13595.4661032737
-13595.5324403246
-13595.5479215772
-13595.5341427474
-13595.4909997102
-13595.4108443194
-13595.2817236409
-13595.0921893499
-13594.8438394343
-13594.5730688174
-13594.3662578659
-13594.3327671087
-13594.5273753631
-13594.8912779438
-13595.2913295226
-13595.6199060846
-13595.8454925944
-13595.9868651652
-13596.0723836559
-13596.1222579291
-13596.1468968323
-13596.1484959285
-13596.1192934999
-13596.0275772573
-13595.76080923
-13594.9728055229
-13593.2810577396
-13592.0086685581
-13593.125596807
-13595.0958067857
-13596.2221688832
-13596.7167783513
-13596.9748690602
-13597.1526959631
-13597.3049879649
-13597.4566838006
-13597.6238238676
-13597.8188407734
-13598.0501112022
-13598.3198610561
-13598.6224475907
-13598.9451926139
-13599.2720996954
-13599.5884100887
-13599.8835306139
-13600.1509059042
-13600.3863695237
-13600.586230805
-13600.7459310885
-13600.8628725439
-13600.9390804337
-13601.0122752496
-13601.024383344
-13601.0126882458
-13600.9845864597
-13600.9598477443
-13600.9604762537
-13601.0908491014
-13601.3192450284
-13601.555595493
-13601.7218821597
-13601.837729995
-13601.873551119
-13601.8765641992
-13601.82048359
-13601.7466753795
-13601.5994486843
-13601.344530514
-13600.9525820482
-13600.4241910011
-13599.8503768399
-13599.4715390099
-13599.5881631484
-13600.2366808315
-13600.9938019449
-13601.4676948793
-13601.6827352305
-13601.7766881857
-13601.8209616853
-13601.8385292298
-13601.830402139
-13601.786959741
-13601.6990029636
-13601.5767753589
-13601.4673768762
-13601.4418516027
-13601.546245052
-13601.772417571
-13602.0730683457
-13602.3792056072
-13602.6334906412
-13602.8165791735
-13602.935485204
-13603.0057628556
-13603.0411766676
-13603.051610449
-13603.0422382997
-13603.0119469357
-13602.948917622
-13602.8183194291
-13602.5425007596
-13602.0333993269
-13601.4070855672
-13601.0644718391
-13601.1790498407
-13601.5099680155
-13601.8162126498
-13602.0284831687
-13602.1619482891
-13602.2433262216
-13602.2901725548
-13602.3103230682
-13602.3054719518
-13602.2737392002
-13602.2097175743
-13602.1016391712
-13601.9256296285
-13601.6381962826
-13601.185496874
-13600.584584857
-13600.0090668823
-13599.6540937613
-13599.5650907875
-13599.6715111446
-13599.8687532553
-13600.0685692994
-13600.225363261
-13600.3308914358
-13600.3928917708
-13600.4203626579
-13600.4186713554
-13600.3876074437
-13600.3132680955
-13600.131054983
-13599.597683453
-13598.2293153797
-13596.6797519961
-13597.354932959
-13599.500584462
-13600.8529864626
-13601.4206009523
-13601.6885756837
-13601.850273597
-13601.964498347
-13602.05135167
-13602.1193610085
-13602.1730549621
-13602.2157557296
-13602.2507657936
-13602.2825272393
-13602.3169729689
-13602.3614003781
-13602.4224181973
-13602.5028405513
-13602.5998030476
-13602.7064907821
-13602.8152209103
-13602.9192855778
-13603.0131065971
-13603.0919356811
-13603.1522403264
-13603.1916000075
-13603.2080335313
-13603.1983294423
-13603.1550036791
-13603.0616352055
-13602.8847950632
-13602.5705319521
-13602.0787196084
-13601.4840064707
-13601.0167234188
-13600.8975006608
-13601.1279367176
-13601.5102127209
-13601.8524333177
-13602.0838789858
-13602.2177285069
-13602.2870131245
-13602.3163739774
-13602.3177324767
-13602.2912357886
-13602.2213933809
-13602.048027632
-13601.5271930287
-13599.9328401573
-13597.5530890168
-13597.3811921878
-13598.7805671755
-13599.748284076
-13600.2239955846
-13600.4805440879
-13600.7235053144
-13600.968157789
-13601.1665054953
-13601.2972234613
-13601.3648026505
-13601.3884868875
-13601.3864397019
-13601.3687428097
-13601.3331741702
-13601.253722658
-13601.0549404039
-13600.6307610253
-13600.0492944704
-13599.672507393
-13599.7901094715
-13600.2835100778
-13600.8031934147
-13601.1733147815
-13601.3511286982
-13601.4523408976
-13601.5025343345
-13601.5645790813
-13601.6189630605
-13601.6673430136
-13601.707210848
-13601.73431633
-13601.7441694301
-13601.7284525271
-13601.666882972
-13601.5167348914
-13601.2100034372
-13600.7008575534
-13600.1316020987
-13599.9435487835
-13600.4619546644
-13601.3556225934
-13602.0750844085
-13602.4807040573
-13602.6843113003
-13602.7866599361
-13602.8365824413
-13602.8533515006
-13602.8422580941
-13602.8003737787
-13602.7163822098
-13602.5667154982
-13602.3103369228
-13601.8980380424
-13601.3332062613
-13600.7903732889
-13600.6335440262
-13601.1195824986
-13601.9527271038
-13602.526910934
-13602.7656572257
-13602.8628627915
-13602.9116093062
-13602.9352267755
-13602.9345606925
-13602.904739506
-13602.84302502
-13602.7543447213
-13602.6516204817
-13602.5635860376
-13602.315479722
-13601.8602607515
-13601.3161275764
-13601.1043439728
-13601.297125645
-13601.6080477598
-13601.8394984714
-13601.9661573481
-13602.0214781347
-13602.0345818136
-13602.0193361547
-13601.9770979736
-13601.9012383148
-13601.7834325855
-13601.6236611863
-13601.4391735906
-13601.2534992951
-13601.0642776219
-13600.8610710223
-13600.4271785632
-13599.7870324409
-13597.8998662591
-13596.6238856283
-13598.0506803731
-13599.7741248164
-13600.4755726676
-13600.6851440803
-13600.7460299268
-13600.759048378
-13600.7486858275
-13600.7120371769
-13600.6274039721
-13600.4572501422
-13600.1700839198
-13599.7963167308
-13599.4760679134
-13599.41385909
-13599.7250128258
-13600.2481124289
-13600.6740673246
-13600.9057094801
-13601.0318046719
-13601.1261003634
-13601.2058703817
-13601.2656752076
-13601.3009401628
-13601.3129645272
-13601.3080503318
-13601.2939037679
-13601.2746243034
-13601.2507829398
-13601.2217277702
-13601.1853182053
-13601.1376844119
-13601.0748594451
-13600.997938601
-13600.9224530833
-13600.8862618046
-13600.9389749351
-13601.1092510292
-13601.3805304245
-13601.7019478117
-13602.0187551152
-13602.2966611848
-13602.5267922786
-13602.7124799534
-13602.8576058282
-13602.9648160527
-13603.0376818006
-13603.0798520925
-13603.0934860165
-13603.0792703179
-13603.0365713802
-13602.9605755417
-13602.8285024467
-13602.5222838484
-13601.4766299001
-13599.2923268909
-13598.4828706065
-13599.523968693
-13600.7081840739
-13601.3646750824
-13601.6694238654
-13601.8521530417
-13601.9552440564
-13602.0088128039
-13602.0283783416
-13602.0222531792
-13601.989647322
-13601.9132685446
-13601.7468612074
-13601.4131037829
-13600.8802128892
-13600.3554718818
-13600.2476798267
-13600.6625903794
-13601.2338772931
-13601.7990331035
-13602.2966114561
-13602.612460795
-13602.7785804304
-13602.8534664822
-13602.8760082887
-13602.8674217701
-13602.8372787107
-13602.7873965939
-13602.7140716262
-13602.6096985153
-13602.4662687209
-13602.2856239709
-13602.0939042284
-13601.9422742745
-13601.869894533
-13601.8623314022
-13601.8735742846
-13601.8707972729
-13601.8365879115
-13601.7479768833
-13601.5444638592
-13601.115845418
-13600.4516699661
-13599.8761821329
-13599.7547267891
-13600.0163365531
-13600.3509687507
-13600.5825141061
-13600.7027413705
-13600.7568116628
-13600.7803357567
-13600.7887569846
-13600.7790932914
-13600.7227795176
-13600.533704652
-13600.0175361912
-13599.0083802578
-13597.9659338364
-13597.9812387996
-13599.0341492091
-13599.9954797749
-13600.4924239217
-13600.6563764379
-13600.8596309728
-13600.8949580338
-13600.9895704943
-13601.0810302339
-13601.1636139473
-13601.2347078571
-13601.2981771178
-13601.3593405554
-13601.4202502899
-13601.4790822649
-13601.5330951662
-13601.582292921
-13601.6294304941
-13601.6785770417
-13601.735826558
-13601.8123605665
-13601.9263397039
-13602.0953536296
-13602.3159742243
-13602.5481211608
-13602.7342040931
-13602.8449508055
-13602.8951818692
-13602.9152373759
-13602.9187329528
-13602.894962241
-13602.8157532773
-13602.6394557675
-13602.3136525315
-13601.8008750295
-13601.149438169
-13600.5423239466
-13600.1822775557
-13600.1193533342
-13600.2520675852
-13600.4539379451
-13600.6525004283
-13600.8278167712
-13600.9821886731
-13601.1149402126
-13601.2181959838
-13601.2918206867
-13601.3440578666
-13601.3810241194
-13601.4036947418
-13601.4089835
-13601.3903191868
-13601.336255093
-13601.2284578132
-13601.0477589424
-13600.8167919544
-13600.6854996893
-13600.9041914648
-13601.525476783
-13602.1799918148
-13602.4309582476
-13602.5399892826
-13602.6039853208
-13602.6626745534
-13602.6876936805
-13602.684512065
-13602.6561945131
-13602.6023488697
-13602.5191630785
-13602.398793782
-13602.2275864197
-13601.9835404091
-13601.6415871731
-13601.2030546047
-13600.7473472435
-13600.4382118687
-13600.4157509638
-13600.6697003528
-13601.0565337538
-13601.4271616581
-13601.7108304307
-13601.907030135
-13602.0443669251
-13602.1515978995
-13602.2472982211
-13602.3400253939
-13602.4323817842
-13602.5255513086
-13602.6240923999
-13602.7400670582
-13602.8786054649
-13602.9858804665
-13603.0308533817
-13603.0471527856
-13603.0532050813
-13603.0522099199
-13603.0403553421
-13603.0071448987
-13602.9319085792
-13602.78059747
-13602.5156491274
-13602.1374124628
-13601.7377003918
-13601.4829786024
-13601.4894156589
-13601.7199756926
-13602.0351817511
-13602.3158828327
-13602.515719823
-13602.6395286646
-13602.7088759588
-13602.7443494818
-13602.7607760209
-13602.7673870593
-13602.769449392
-13602.7693445467
-13602.7649289651
-13602.7459072453
-13602.6878659359
-13602.5465252573
-13602.2715550831
-13601.8531028909
-13601.3753876623
-13601.0378182434
-13601.0615545734
-13601.4687326415
-13602.0189775461
-13602.460921498
-13602.7282409402
-13602.8712751902
-13602.9464578873
-13602.9842192816
-13602.9950406415
-13602.9798699747
-13602.9367975141
-13602.86206148
-13602.7426535808
-13602.5326113545
-13602.1541415205
-13601.6716312455
-13601.3205519965
-13601.1756490268
-13601.1763427143
-13601.2428921204
-13601.3143134913
-13601.3617744672
-13601.3796372759
-13601.3693374717
-13601.3270893109
-13601.2354163995
-13601.0572496791
-13600.7443542165
-13600.294439431
-13599.8453949154
-13599.6307784648
-13599.7607029672
-13600.380859464
-13600.9263671505
-13601.3755976077
-13601.5979261576
-13601.6617267259
-13601.6714363701
-13601.6739134153
-13601.4604015885
-13601.4140270126
-13601.2985405779
-13601.1466718542
-13601.070357993
-13601.131946181
-13601.2860189471
-13601.4689164152
-13601.6564347816
-13601.845676736
-13602.0098553985
-13602.122842065
-13602.1974860371
-13602.2505292607
-13602.2869501227
-13602.3044404137
-13602.2970620179
-13602.2566984925
-13602.1726275457
-13602.0318496686
-13601.8313286881
-13601.6136730895
-13601.4800532531
-13601.4806745794
-13601.6046979297
-13601.6764801597
-13601.8349226392
-13602.1174124222
-13602.4493686247
-13602.7448163375
-13602.9467664361
-13603.0586645008
-13603.1117568787
-13603.1326809129
-13603.1358553224
-13603.1256071863
-13603.0980716386
-13603.0378431342
-13602.9069423924
-13602.6409366855
-13602.2240692825
-13601.8064979353
-13601.5985871699
-13601.6491926801
-13601.8342036142
-13602.0245052847
-13602.1752516964
-13602.2969910571
-13602.4072750784
-13602.5098486909
-13602.5968662409
-13602.6608165336
-13602.7007502768
-13602.7184500995
-13602.7104671657
-13602.6588007424
-13602.5233805871
-13602.248765276
-13601.813462024
-13601.2851401114
-13600.8052449764
-13600.3674029828
-13600.0823201437
-13600.0631418422
-13600.3566577584
-13600.8956901047
-13601.4970063174
-13601.9120290934
-13602.1241956732
-13602.214653012
-13602.2479689036
-13602.2522564545
-13602.2313898714
-13602.1783836319
-13602.092279989
-13601.9980501954
-13601.9427218076
-13601.974345545
-13601.9961824799
-13602.007676554
-13602.0228245395
-13602.0535601741
-13602.1636080639
-13602.2732268462
-13602.347376039
-13602.3822590166
-13602.3858356625
-13602.3659277023
-13602.3288088663
-13602.2799645926
-13602.2237677796
-13602.1620074413
-13602.0929567743
-13602.0114127567
-13601.9111121468
-13601.7913270274
-13601.6697564686
-13601.5944627861
-13601.6300989767
-13601.8011542744
-13602.0468368416
-13602.2744959138
-13602.4456966186
-13602.578202943
-13602.7021559884
-13602.8384354613
-13602.9911506289
-13603.1334942744
-13603.228598839
-13603.2767141806
-13603.2987879562
-13603.3085906593
-13603.3116028643
-13603.3090623123
-13603.2995261782
-13603.2784361174
-13603.2374674806
-13603.1665675687
-13603.0647637119
-13602.9510737317
-13602.8466157619
-13602.7516367211
-13602.652075129
-13602.535004012
-13602.3967397458
-13602.2493153518
-13602.1181044916
-13602.0276515021
-13601.9882881342
-13601.9952313562
-13602.0352771931
-13602.0935819711
-13602.1574107389
-13602.217737172
-13602.2689174505
-13602.3072694112
-13602.3293189305
-13602.3303085576
-13602.3041115022
-13602.2476100655
-13602.1702255923
-13602.1023629594
-13602.082853898
-13602.1176688144
-13602.1909493895
-13602.2039012705
-13602.184533481
-13602.0684318384
-13601.8883034442
-13601.6629079826
-13601.4461693852
-13601.2545113677
-13601.0748196479
-13600.884023813
-13600.6550969211
-13600.3536331703
-13599.9426695673
-13599.4282233449
-13598.9522349122
-13598.7946981971
-13599.1195707577
-13599.7431238913
-13600.3233547495
-13600.6992743192
-13600.9150180562
-13601.0470931101
-13601.1348030145
-13601.194645424
-13601.2444441079
-13601.3219875033
-13601.4832306928
-13601.7541761067
-13602.0653257521
-13602.288255725
-13602.4070780271
-13602.4555018537
-13602.3884796932
-13602.3442694857
-13602.2938550784
-13602.2893800203
-13602.3322936954
-13602.3866829854
-13602.4261837361
-13602.4441045307
-13602.436340034
-13602.3836098718
-13602.2378595078
-13601.9073838302
-13601.324362154
-13600.6706064395
-13600.4130953513
-13600.7237478507
-13601.2448387414
-13601.6503546704
-13601.8857649946
-13602.0174293247
-13602.1037041959
-13602.1716348372
-13602.2288156403
-13602.2765338133
-13602.3138210696
-13602.3365687842
-13602.3383186921
-13602.3106178985
-13602.2369796706
-13602.0765526995
-13601.7388539517
-13601.1089143957
-13600.2806558994
-13599.7874997731
-13600.033325487
-13600.6539778562
-13601.1546767795
-13601.4384118112
-13601.5896166524
-13601.6763062198
-13601.7244545764
-13601.7408339619
-13601.7296273549
-13601.6943552944
-13601.632566811
-13601.5340027935
-13601.3884918137
-13601.2053538688
-13601.0264481531
-13600.9054344526
-13600.8594188689
-13600.8615646047
-13600.8846777422
-13600.9177960031
-13600.9580995253
-13601.0054400854
-13601.0602459897
-13601.1224779934
-13601.191324058
-13601.2659446702
-13601.3471472771
-13601.4394117693
-13601.5522188253
-13601.6984129311
-13601.8842917318
-13602.0903327402
-13602.267657389
-13602.3791098606
-13602.4312212294
-13602.4525043997
-13602.4633501725
-13602.4685791294
-13602.4567957979
-13602.3942765204
-13602.2121770108
-13601.7969186264
-13601.0574891393
-13600.183621173
-13599.7459938785
-13600.0985937777
-13600.901114716
-13601.6054735042
-13602.0172493497
-13602.2131734369
-13602.2948953132
-13602.3197620451
-13602.3136486623
-13602.2858209129
-13602.2350923614
-13602.1519873348
-13602.0244618028
-13601.854606128
-13601.6793348327
-13601.5634171018
-13601.542894435
-13601.5751082673
-13601.6248046031
-13601.6157692881
-13601.5493771853
-13601.2091972134
-13600.3909228468
-13599.3094337901
-13598.8677927534
-13599.3783118689
-13600.182593307
-13600.7375144398
-13601.019294523
-13601.1559737262
-13601.2270248823
-13601.2634317534
-13601.2730525411
-13601.2537122416
-13601.1994095499
-13601.1042648305
-13600.966964368
-13600.8028255338
-13600.6870313502
-13600.8354652343
-13601.4745845926
-13602.3086804117
-13602.8352281232
-13603.051065519
-13603.1255048701
-13603.1508673178
-13603.1584234368
-13603.1481084765
-13603.1037842132
-13603.0029018027
-13602.8215783085
-13602.5404184702
-13602.1613846484
-13601.7314349744
-13601.3474285142
-13601.1181579635
-13601.1080426501
-13601.3115986881
-13601.6681048893
-13602.0635400241
-13602.3497663354
-13602.4882805315
-13602.5471341174
-13602.576043947
-13602.5900258273
-13602.5878150343
-13602.5598515071
-13602.4923540552
-13602.3747125337
-13602.2129301857
-13602.0332844292
-13601.8556207263
-13601.7268954309
-13601.5448862567
-13601.3300382916
-13600.9908755118
-13600.3695551998
-13599.8573924639
-13600.3676701566
-13601.648798044
-13602.4415461714
-13602.7245900927
-13602.814972522
-13602.8441559253
-13602.8518362347
-13602.8493217672
-13602.8367838704
-13602.8054409322
-13602.7340396525
-13602.5881881901
-13602.3437482469
-13602.0318925024
-13601.7268854547
-13601.4778277536
-13601.2993837248
-13601.2209678146
-13601.319714583
-13601.6378446695
-13602.0570462425
-13602.4102495815
-13602.637085991
-13602.762111926
-13602.8250869296
-13602.8518667055
-13602.8522548607
-13602.8220374062
-13602.7388518748
-13602.5342202291
-13601.9722380293
-13600.4048173008
-13597.9071498124
-13597.4250391775
-13599.1443766595
-13600.4865709945
-13601.090345795
-13601.434204006
-13601.68866441
-13601.8996248439
-13602.0727712864
-13602.189211233
-13602.2465575673
-13602.2612781578
-13602.2531506623
-13602.2344328158
-13602.2023811918
-13602.1239465798
-13601.9158114869
-13601.5020480047
-13601.0075406129
-13600.7489184752
-13600.7253272611
-13600.8233462916
-13601.0117231757
-13601.3476391599
-13601.8615162739
-13602.3320059334
-13602.6488912196
-13602.8268920289
-13602.9158897845
-13602.9521651607
-13602.9545167187
-13602.9313284116
-13602.8853447326
-13602.8154849999
-13602.7187587298
-13602.5968196129
-13602.4672062059
-13602.3615985627
-13602.2985327942
-13602.2666372775
-13602.2440784887
-13602.2175714271
-13602.1820975055
-13602.1366592151
-13602.0824095752
-13602.0210917132
-13601.9525849842
-13601.874600275
-13601.7830735537
-13601.670053196
-13601.5202530292
-13601.3094512692
-13601.0160953056
-13600.6618815715
-13600.3632457611
-13600.2941498031
-13600.5284169919
-13600.9765609367
-13601.4713933882
-13601.7791916067
-13601.8971225402
-13601.9551586596
-13601.9886572455
-13601.9996722693
-13601.9831327848
-13601.9326734286
-13601.8425805867
-13601.7095767335
-13601.5378685665
-13601.3485439486
-13601.1869480958
-13601.1141367855
-13601.1737184213
-13601.3564768492
-13601.6029054336
-13601.8429377367
-13602.0341474176
-13602.1693106817
-13602.2599614944
-13602.319214521
-13602.3560265092
-13602.3758068086
-13602.3819230798
-13602.376302739
-13602.3572109217
-13602.3106167605
-13602.1862723586
-13601.9037649413
-13601.4890755713
-13601.0895871663
-13600.8430912135
-13600.8403158664
-13601.0748685465
-13601.4363917697
-13601.7944733319
-13602.0763214214
-13602.2710508639
-13602.3963145802
-13602.4730851448
-13602.5164928566
-13602.5342653547
-13602.5254891904
-13602.474708273
-13602.3344232596
-13601.9872361619
-13601.2452191837
-13600.1575227003
-13599.4960349476
-13599.9865222708
-13601.0717420063
-13601.8910844086
-13602.2401197988
-13602.4118766021
-13602.4869589394
-13602.5127568438
-13602.5079878605
-13602.4779001502
-13602.4176526374
-13602.3125640123
-13602.1450702224
-13601.9188103412
-13601.6842811891
-13601.532434405
-13601.401905732
-13601.1740952977
-13600.4063338718
-13599.2373736574
-13599.2049969843
-13600.5970772784
-13601.7500873107
-13602.1402244513
-13602.2437036723
-13602.2747671228
-13602.2815850405
-13602.2711430385
-13602.2357540697
-13602.1546233447
-13601.9902570293
-13601.6981820783
-13601.2868546143
-13600.922012246
-13600.8688700459
-13601.1512136252
-13601.5232794138
-13601.8833920094
-13602.0768258476
-13602.1734932577
-13602.2426340803
-13602.3107996135
-13602.3701237691
-13602.3645160724
-13602.431218114
-13602.5225792947
-13602.6361538515
-13602.7461148892
-13602.83002196
-13602.884504049
-13602.9152108281
-13602.927374389
-13602.9226473651
-13602.8964760085
-13602.8324815669
-13602.6882743127
-13602.3710238089
-13601.7604438473
-13600.9584869879
-13600.5118716835
-13600.7563555523
-13601.3072711202
-13601.7337532226
-13601.9675809024
-13602.0834129387
-13602.1339434343
-13602.1446439074
-13602.1271266199
-13602.0810471663
-13601.9991639062
-13601.8739501434
-13601.6987944701
-13601.4666121636
-13601.1716478517
-13600.8193520606
-13600.4423805097
-13600.1071182476
-13599.8931378486
-13599.8505971284
-13599.9667171909
-13600.1752576702
-13600.4007650246
-13600.5949974259
-13600.7423181923
-13600.8459880749
-13600.9152046519
-13600.9600637712
-13600.992153117
-13601.0242785578
-13601.0641719608
-13601.1033760647
-13601.1480244792
-13601.1391710973
-13601.1018259495
-13600.96802849
-13600.8280323659
-13600.8038730699
-13600.9605602578
-13601.2274541779
-13601.5065302776
-13601.7394197535
-13601.9102173795
-13602.0294272967
-13602.1164222394
-13602.1865836802
-13602.2477074894
-13602.3021806541
-13602.3497322506
-13602.3901418162
-13602.4263758498
-13602.4686939639
-13602.5323095527
-13602.6127712934
-13602.6758770644
-13602.7031104415
-13602.7034092139
-13602.6756862645
-13602.5896154678
-13602.4030287317
-13602.1061571029
-13601.7598254178
-13601.4652751191
-13601.2912589775
-13601.2463854309
-13601.3010415519
-13601.4166673563
-13601.5610368013
-13601.7104866759
-13601.8478435412
-13601.9615089497
-13602.045525992
-13602.1005610267
-13602.1319458374
-13602.1459614522
-13602.1466596427
-13602.1318615644
-13602.0846401754
-13601.9508298109
-13601.6127274539
-13600.9847580624
-13600.3057384595
-13600.083254814
-13600.4922034007
-13601.1686277098
-13601.7004412806
-13601.9862151473
-13602.1070099494
-13602.1465518238
-13602.1511156138
-13602.1399534316
-13602.1125092678
-13602.0503045036
-13601.9261121747
-13601.7312237094
-13601.5034729848
-13601.3067675778
-13601.1749420604
-13601.0977170338
-13601.0490837282
-13601.0094082991
-13600.9681753644
-13600.9206320636
-13600.8656674898
-13600.8034211386
-13600.7290734312
-13600.6215399625
-13600.4300970094
-13600.1033895825
-13599.7551562176
-13599.7669570994
-13600.2779914658
-13600.9244940749
-13601.3912558674
-13601.6435132377
-13601.7611502055
-13601.810376086
-13601.8234233632
-13601.811857004
-13601.7798749393
-13601.7364447999
-13601.704339954
-13601.7148042992
-13601.7873048475
-13601.9159055476
-13602.0741544737
-13602.2295017061
-13602.3557142796
-13602.442235665
-13602.4944417363
-13602.525047247
-13602.5445505245
-13602.5575530942
-13602.5630402176
-13602.5551510587
-13602.5214941028
-13602.4364090309
-13602.248601949
-13601.8889368357
-13601.3636442062
-13600.8486692724
-13600.5844424779
-13600.6927932923
-13601.0869405778
-13601.5527114369
-13601.9301188136
-13602.1824580761
-13602.337837782
-13602.4311743184
-13602.4852568558
-13602.5112746329
-13602.5138210371
-13602.496050939
-13602.4641610639
-13602.4279851271
-13602.3914696071
-13602.368341276
-13602.3044910675
-13602.229698956
-13601.8495447134
-13600.895527988
-13600.1205291078
-13600.0903733988
-13600.5081204245
-13600.9118952012
-13601.1556818933
-13601.2799255704
-13601.3432079551
-13601.3771582075
-13601.3904708647
-13601.3763352322
-13601.3155897432
-13601.1780525341
-13600.9320464977
-13600.5840022081
-13600.2665396211
-13600.2955968379
-13600.9517003203
-13601.9595546001
-13602.6976428535
-13603.0260639922
-13603.13214276
-13603.1888756276
-13603.1674921594
-13603.1549711249
-13603.1073427834
-13603.0133073995
-13602.8631603005
-13602.6426231497
-13602.3327378064
-13601.9278695616
-13601.4756878712
-13601.0966746619
-13600.9206720542
-13600.999100886
-13601.3097160805
-13601.7945529322
-13602.2956194079
-13602.6049181772
-13602.736853147
-13602.7925643454
-13602.816767279
-13602.8193258517
-13602.7964980796
-13602.7392212889
-13602.6399621267
-13602.4976028412
-13602.3134022195
-13602.0796194582
-13601.7899916454
-13601.4722217217
-13601.1794433746
-13600.9625469649
-13600.7965137884
-13601.0151041349
-13601.705621518
-13602.4258353387
-13602.7765768541
-13602.8878629007
-13602.918499328
-13602.9253070431
-13602.9250181213
-13602.9218233302
-13602.9123763146
-13602.8824788948
-13602.8002598725
-13602.6227634949
-13602.3438230682
-13602.0416807851
-13601.8197332436
-13601.7124707353
-13601.6941377911
-13601.7428988968
-13601.8689532187
-13602.0824055865
-13602.343806891
-13602.5843111917
-13602.7610252181
-13602.8713638452
-13602.933184267
-13602.9658651133
-13602.9823364232
-13602.9867992293
-13602.9711912085
-13602.9068590673
-13602.7327977487
-13602.3676970717
-13601.8083086232
-13601.2209237623
-13600.8368992297
-13600.6455388405
-13600.6417728237
-13600.9111924452
-13601.3636015298
-13601.8321071886
-13602.1743172257
-13602.3652293498
-13602.4520493366
-13602.4844374035
-13602.4917186136
-13602.4851757885
-13602.4597355846
-13602.3842816306
-13602.1676084619
-13601.6167705911
-13600.6597384487
-13599.9298023202
-13599.8457789023
-13600.0553593815
-13600.3381296712
-13600.7547547159
-13601.2292787253
-13601.6576956098
-13601.9641408014
-13602.1460510604
-13602.2386247261
-13602.2774920911
-13602.2849204746
-13602.2674277087
-13602.213055361
-13602.0826710134
-13601.8000395669
-13601.2874067259
-13600.6394166537
-13600.2844640339
-13600.6300427081
-13601.5101754098
-13602.3545493891
-13602.8340493228
-13603.0341616103
-13603.1054941562
-13603.123508037
-13603.1164337675
-13603.0932525273
-13603.0551189772
-13602.9996449409
-13602.9239849395
-13602.8273944274
-13602.7126444819
-13602.5850063749
-13602.4487048797
-13602.3032110694
-13602.1446354177
-13601.9735869203
-13601.8024376009
-13601.6518452252
-13601.5316199246
-13601.4323184019
-13601.3352288278
-13601.2164585833
-13601.038311513
-13600.7680060407
-13600.4568143642
-13600.2917998984
-13600.4635488263
-13600.9526529235
-13601.4758863615
-13601.7820625112
-13601.9062425498
-13601.953834828
-13601.9734540146
-13601.9792697416
-13601.9726179425
-13601.9468274091
-13601.8829591026
-13601.7411633363
-13601.4647464289
-13601.052740435
-13600.6728697988
-13600.5330650679
-13600.5473516667
-13600.5123861442
-13600.5324700086
-13600.6492640235
-13600.8889518745
-13601.2538259318
-13601.6260182874
-13601.9256627374
-13602.1284433902
-13602.2380994811
-13602.2894084408
-13602.3176486013
-13602.3309926255
-13602.3271295108
-13602.297773346
-13602.2319841538
-13602.1230854965
-13601.9743423773
-13601.7945933402
-13601.6106573278
-13601.3537357179
-13600.9789416066
-13600.6003925526
-13600.4733807894
-13600.8628071377
-13601.5998427067
-13602.237131431
-13602.5872828274
-13602.734776313
-13602.7875821167
-13602.8009888088
-13602.7944007513
-13602.7691446024
-13602.717559324
-13602.6302975089
-13602.5065914002
-13602.363185283
-13602.2300837967
-13602.1310343237
-13602.0742524801
-13602.0665610856
-13602.1264299346
-13602.2679892167
-13602.4730288109
-13602.6955051815
-13602.896352131
-13603.0623474229
-13603.1948084504
-13603.2867314165
-13603.3332249339
-13603.3545142963
-13603.3680544335
-13603.3773980894
-13603.3798491328
-13603.3699264298
-13603.3408594864
-13603.2870587144
-13603.2092757787
-13603.1174251187
-13603.0256116336
-13602.9321109252
-13602.8064003056
-13602.6308553193
-13602.4521830596
-13602.3316361001
-13602.2814872996
-13602.2745958704
-13602.2795788453
-13602.2767944429
-13602.2566020166
-13602.2118529306
-13602.1298606063
-13601.9803997485
-13601.6937723972
-13601.1402956096
-13600.238627154
-13599.4066988751
-13599.6069137849
-13600.8169362002
-13601.7719598974
-13602.1111831071
-13602.207358442
-13602.247828365
-13602.2642442319
-13602.2537568812
-13602.2157416176
-13602.1521288301
-13602.0619716388
-13601.9392171913
-13601.7739719969
-13601.5585932667
-13601.3032065755
-13601.064146838
-13600.9719265005
-13601.1926139821
-13601.7259415616
-13602.2768735661
-13602.6103135674
-13602.7592401559
-13602.8181559636
-13602.8391593305
-13602.8436791054
-13602.8398563205
-13602.828838412
-13602.8053273283
-13602.7537871067
-13602.6463751884
-13602.4630123636
-13602.2337913535
-13602.0224051419
-13601.8643242808
-13601.767276657
-13601.7353278347
-13601.774113394
-13601.8862201502
-13602.0657202384
-13602.2950440845
-13602.5457826708
-13602.7845183884
-13602.982718538
-13603.1255327436
-13603.2145888843
-13603.2637021393
-13603.2901496244
-13603.3066632394
-13603.3183008636
-13603.3220700625
-13603.3088466824
-13603.2661695112
-13603.1788133767
-13603.0304575021
-13602.8155336588
-13602.5524205921
-13602.2702260142
-13601.9875283723
-13601.7126828907
-13601.4559840837
-13601.2387851185
-13601.0955433787
-13601.0662492416
-13601.1786868349
-13601.4248083805
-13601.7466641456
-13602.0533661562
-13602.2717773332
-13602.3884799951
-13602.4389852002
-13602.4642913777
-13602.4839857485
-13602.4983140432
-13602.4966646185
-13602.4554531148
-13602.3200413837
-13601.9766856076
-13601.2863033513
-13600.3639619675
-13599.8223072643
-13600.1683085194
-13601.0555546687
-13601.8282994327
-13602.2836949602
-13602.5230608118
-13602.6526701657
-13602.7256250759
-13602.7635646194
-13602.7747073502
-13602.7621924373
-13602.7274382395
-13602.6700942882
-13602.5855894681
-13602.4565354172
-13602.221027331
-13601.6864151069
-13600.5163527335
-13599.1481110502
-13599.2807757508
-13600.6331552238
-13601.5973913965
-13601.9580727543
-13602.0622155425
-13602.0866019284
-13602.0799928321
-13602.0473020919
-13601.9793305575
-13601.8661681987
-13601.710137348
-13601.5302833993
-13601.376305424
-13601.2043753076
-13601.0149792894
-13600.698962392
-13600.1518391462
-13599.6410177878
-13599.5162913879
-13599.899594539
-13600.5446130675
-13601.0853173178
-13601.359038393
-13601.4558927697
-13601.4870768371
-13601.4967867699
-13601.4929455992
-13601.469721171
-13601.4149219991
-13601.3159439431
-13601.1721408669
-13601.0129354673
-13600.9052985966
-13600.9247030251
-13601.0986313043
-13601.3723951442
-13601.643299826
-13601.8460286281
-13601.9806125289
-13602.0739041918
-13602.1490692588
-13602.2199129804
-13602.2911608263
-13602.3591093892
-13602.4167228351
-13602.460375303
-13602.4908707962
-13602.5119943013
-13602.5278731566
-13602.5415690854
-13602.5550399548
-13602.5689322151
-13602.5829355181
-13602.5959666069
-13602.6059748604
-13602.6093123508
-13602.5987355559
-13602.5590512132
-13602.4570333445
-13602.2271494307
-13601.790790623
-13601.1868813671
-13600.6817780402
-13600.5729469881
-13600.8762974236
-13601.3390533048
-13601.7266456707
-13601.970222973
-13602.0993151054
-13602.1574362756
-13602.1736796671
-13602.1624189207
-13602.1277264068
-13602.0663841652
-13601.9706393518
-13601.8344122376
-13601.6677661326
-13601.5113864697
-13601.4236455462
-13601.4365893327
-13601.5388034229
-13601.703959319
-13601.9095696831
-13602.1348305862
-13602.3584563135
-13602.5619205531
-13602.7334033058
-13602.8690281201
-13602.9706544976
-13603.0430083129
-13603.0906799917
-13603.116074734
-13603.1171227581
-13603.0830476857
-13602.9856740225
-13602.7656164395
-13602.3258713692
-13601.607485409
-13600.7987512436
-13600.3354146086
-13600.4446740192
-13600.8896414908
-13601.3171758361
-13601.5859696348
-13601.7232853674
-13601.7882278051
-13601.818031512
-13601.8263835771
-13601.8092471292
-13601.7418275654
-13601.5504807431
-13601.0254009022
-13599.7987490111
-13598.1761444244
-13597.4819762417
-13597.3899609598
-13597.2447405231
-13597.6530487771
-13599.2588180546
-13600.6827186497
-13601.2346752247
-13601.3823001334
-13601.4154486462
-13601.4139082004
-13601.3955155189
-13601.3560367561
-13601.2711037741
-13601.0933570267
-13600.774087783
-13600.3433108238
-13599.982711682
-13599.9063335635
-13600.1656604901
-13600.6464427755
-13601.1724949149
-13601.6178827068
-13601.9501993934
-13602.1818082611
-13602.3289555375
-13602.4093064089
-13602.4413151131
-13602.4402426415
-13602.4154423556
-13602.3711458638
-13602.3092808021
-13602.2337294119
-13602.1550923331
-13602.0936689941
-13602.0760402381
-13602.1221694437
-13602.2287489603
-13602.3652654283
-13602.4939020548
-13602.596477181
-13602.6791589255
-13602.7604635746
-13602.8566112539
-13602.9594115641
-13603.0409011015
-13603.0902456898
-13603.1165636727
-13603.1304993579
-13603.136721234
-13603.1333248742
-13603.110385084
-13603.0424068008
-13602.8732295823
-13602.5149438245
-13601.9443238985
-13601.3862679478
-13601.1820225877
-13601.3363849305
-13601.6660037131
-13601.9257457533
-13602.1139302452
-13602.2301924144
-13602.2933144009
-13602.3196069389
-13602.3212663259
-13602.2995124209
-13602.1443560788
-13601.7837480864
-13600.7226224949
-13599.4397648205
-13599.1172769613
