# Fix print output for fix totenergy
-13595.4699877374
-13595.4693560009
-13595.4670519335
-13595.4594982341
-13595.4398653874
-13595.4007016672
-13595.3466667294
-13595.283098697
-13595.2047625354
-13595.0967925986
-13594.9436619086
-13594.7325628513
-13594.4717437254
-13594.2066086996
-13594.0298077488
-13594.037189949
-13594.2557336532
-13594.6107396436
-13594.9783803478
-13595.2733748477
-13595.4732055777
-13595.5973228395
-13595.6701940304
-13595.7110419991
-13595.7297740422
-13595.7295201906
-13595.7027859236
-13595.6114293157
-13595.3138764213
-13594.4839689121
-13593.224223454
-13592.5640257601
-13592.9842088468
-13593.8813439913
-13594.6145443093
-13595.0526151672
-13595.2891068565
-13595.4164182428
-13595.4827380221
-13595.5112813858
-13595.5105606256
-13595.4803805587
-13595.4120108236
-13595.2821821065
-13595.0453165871
-13594.6217381739
-13593.9520556756
-13593.1817520431
-13592.8266014688
-13593.3323982966
-13594.3903980222
-13595.2084202562
-13595.5500415039
-13595.6614913075
-13595.6952300942
-13595.6993868917
-13595.6850700641
-13595.6509967939
-13595.5893385123
-13595.4837190762
-13595.3123103052
-13595.0526723832
-13594.7136285843
-13594.3605133397
-13594.1150520416
-13594.0773316285
-13594.2523900185
-13594.5525842626
-13594.869037059
-13595.1367273766
-13595.3356896297
-13595.4766488822
-13595.576354133
-13595.6536436885
-13595.7229453009
-13595.7905367831
-13595.8409986085
-13595.8666858102
-13595.8769674625
-13595.8811216732
-13595.882510715
-13595.882373444
-13595.8807771051
-13595.8770272623
-13595.8696169753
-13595.855282852
-13595.8308257738
-13595.7952866372
-13595.7526824108
-13595.7033179735
-13595.6424033507
-13595.5592944226
-13595.4412009129
-13595.2717518344
-13595.040322471
-13594.7519549722
-13594.4500560153
-13594.2160367491
-13594.1413260796
-13594.265043641
-13594.5422318396
-13594.8774967103
-13595.1817235766
-13595.4126478651
-13595.5669535808
-13595.6636677521
-13595.7220671751
-13595.7575284059
-13595.7789863245
-13595.7917843156
-13595.7973233709
-13595.7926380023
-13595.7679864402
-13595.7010996833
-13595.5493367912
-13595.2597909408
-13594.8265298758
-13594.3276961288
-13593.9233137142
-13593.7878662407
-13593.9826367695
-13594.3876969701
-13594.8106205004
-13595.1366850738
-13595.3495243758
-13595.4780193128
-13595.5513995498
-13595.589214272
-13595.6007077707
-13595.5868867324
-13595.5371881058
-13595.4139367652
-13595.1045309714
-13594.3583227271
-13593.1130529796
-13592.2694335938
-13592.6576001736
-13593.6491589861
-13594.419524908
-13594.8416671318
-13595.0577718825
-13595.1734904824
-13595.2365257118
-13595.2663606884
-13595.2703166789
-13595.250016638
-13595.2029179266
-13595.1227418375
-13594.9982298187
-13594.8127458573
-13594.5470443326
-13594.1990218316
-13593.8332820628
-13593.6348988832
-13593.824648402
-13594.3804109881
-13594.9744905833
-13595.3626555057
-13595.5596689432
-13595.6522667049
-13595.6946399956
-13595.7099658797
-13595.7061601509
-13595.682530264
-13595.6297091302
-13595.5249597695
-13595.3227900628
-13594.9678505421
-13594.4784183702
-13594.0493118585
-13593.9001102313
-13594.0319628279
-13594.2906887682
-13594.5530526122
-13594.7723732515
-13594.9415734595
-13595.0671984129
-13595.156805733
-13595.2171359785
-13595.2523895713
-13595.2647316961
-13595.253111567
-13595.211051092
-13595.1212266248
-13594.9405455827
-13594.582621403
-13593.9379034664
-13593.0953939879
-13592.6323393479
-13593.1209016211
-13594.159737732
-13594.9532193751
-13595.3428789755
-13595.5085890684
-13595.5787632406
-13595.603933836
-13595.601656408
-13595.575231612
-13595.5193462326
-13595.4213540304
-13595.2583770823
-13595.0046502427
-13594.6502465568
-13594.2535014644
-13593.9563551759
-13593.9104402283
-13594.1459494815
-13594.5577985023
-13595.0084860194
-13595.3925011786
-13595.6482944618
-13595.7712382763
-13595.8171078721
-13595.8304752979
-13595.8315004275
-13595.8262764884
-13595.8148918624
-13595.7945624124
-13595.7584630024
-13595.6957464757
-13595.5883697171
-13595.4181443823
-13595.1734996266
-13594.8708214768
-13594.5571851716
-13594.3114875006
-13594.2092941221
-13594.2829207211
-13594.4972215702
-13594.7738268432
-13595.0421989145
-13595.2617048945
-13595.4258460657
-13595.5420101066
-13595.6244613444
-13595.6841917451
-13595.7309670695
-13595.769737703
-13595.802779027
-13595.8284039108
-13595.8464085492
-13595.8575556915
-13595.8639646679
-13595.8667428059
-13595.8663315918
-13595.8618712469
-13595.8498107057
-13595.8216600025
-13595.7596768292
-13595.6504328211
-13595.5009749089
-13595.330966613
-13595.1453133549
-13594.9467018544
-13594.7448580418
-13594.567647507
-13594.4536122877
-13594.4386268597
-13594.5335876111
-13594.7153002819
-13594.939611655
-13595.1600157467
-13595.3482688397
-13595.4924942007
-13595.5965742469
-13595.6681818839
-13595.7170292151
-13595.7495711087
-13595.7708832505
-13595.7828944101
-13595.7854084406
-13595.774184931
-13595.7372031744
-13595.6456272321
-13595.4423454822
-13595.0778552743
-13594.592389738
-13594.1390687589
-13593.8912029682
-13593.9420339112
-13594.2366977428
-13594.6214225905
-13594.9656815731
-13595.2165394331
-13595.3808085453
-13595.4813344166
-13595.5393058616
-13595.5669750747
-13595.5694120061
-13595.5416959426
-13595.4562223481
-13595.2137173349
-13594.5283350517
-13593.1485437136
-13591.9781637494
-13592.2735731369
-13593.4534091084
-13594.4020435754
-13594.9093209979
-13595.1577376815
-13595.2840630186
-13595.3484223509
-13595.3752498194
-13595.3730495459
-13595.3425270001
-13595.2782356656
-13595.1675880177
-13594.9886239531
-13594.7095225398
-13594.3037932448
-13593.8041755319
-13593.3963743064
-13593.4106332452
-13594.0049743016
-13594.8103157007
-13595.3428485253
-13595.5790962784
-13595.6734596401
-13595.7109398792
-13595.7215718133
-13595.7142467077
-13595.6883609492
-13595.6363682687
-13595.5416834831
-13595.3780410054
-13595.120349047
-13594.7837094372
-13594.4573672957
-13594.2618571029
-13594.2490053214
-13594.3755694275
-13594.5612197593
-13594.7446901658
-13594.8978071267
-13595.0141587406
-13595.0968715197
-13595.151054934
-13595.1813064111
-13595.190695127
-13595.1805862023
-13595.1503258302
-13595.0955669691
-13595.0034162245
-13594.8345838451
-13594.4845937886
-13593.7730030582
-13592.74480576
-13592.2041466412
-13592.9169284125
-13594.1534737525
-13594.962851115
-13595.3313641396
-13595.4909761547
-13595.5635224912
-13595.5933379474
-13595.5955431948
-13595.5722156377
-13595.5161195301
-13595.4095360831
-13595.2176333973
-13594.8946436045
-13594.4208557631
-13593.9015975706
-13593.5881487323
-13593.6886775643
-13594.1443570635
-13594.7037254487
-13595.1597626208
-13595.4463844887
-13595.5990735745
-13595.6697813843
-13595.6951849053
-13595.6949181667
-13595.6804418033
-13595.6555717532
-13595.6165408573
-13595.5555814648
-13595.4591295804
-13595.3099613925
-13595.087502201
-13594.7868657695
-13594.4402325314
-13594.1421173656
-13594.0146052306
-13594.1288199382
-13594.4414519237
-13594.8269261432
-13595.1706523464
-13595.4176944977
-13595.573802863
-13595.664504339
-13595.7157471693
-13595.7428676247
-13595.7544890628
-13595.7521051737
-13595.7254705026
-13595.622997303
-13595.2691788035
-13594.4781666465
-13593.5765289835
-13593.1373653671
-13593.3726747607
-13594.011887331
-13594.6391808761
-13595.0659131453
-13595.3159292345
-13595.4546976246
-13595.5306162335
-13595.5676500301
-13595.5769817774
-13595.5599597192
-13595.5085133002
-13595.3998666583
-13595.1800756434
-13594.7556807144
-13594.0537467227
-13593.2791305027
-13592.9722744864
-13593.40691995
-13594.1997352667
-13594.8498234573
-13595.2150077026
-13595.3765398909
-13595.4334887746
-13595.4414521675
-13595.4232577412
-13595.3835643791
-13595.3190661534
-13595.2237071594
-13595.0892659022
-13594.9118498337
-13594.6967117327
-13594.4730877852
-13594.2965402376
-13594.239576025
-13594.3542246372
-13594.633785395
-13594.9994514859
-13595.3309954478
-13595.5565597118
-13595.6808218174
-13595.7435629528
-13595.7732034131
-13595.7848704173
-13595.7838716508
-13595.7698885799
-13595.735987311
-13595.6605042132
-13595.490662764
-13595.141298481
-13594.6547458133
-13594.3011183408
-13594.2056044913
-13594.2902138839
-13594.4743451709
-13594.697740684
-13594.913636396
-13595.0965013382
-13595.2373264439
-13595.3391359248
-13595.4073283667
-13595.4475663662
-13595.4619718128
-13595.4481333243
-13595.3946301954
-13595.271963803
-13595.0167209436
-13594.5231477551
-13593.7492962284
-13592.9955842013
-13592.8771774787
-13593.5581309027
-13594.4652680813
-13595.0834911543
-13595.3825533292
-13595.5079564324
-13595.5539844581
-13595.5611173631
-13595.5433872348
-13595.5033279713
-13595.437561345
-13595.338949355
-13595.1991290496
-13595.0126892038
-13594.7868856911
-13594.5521300245
-13594.3643431414
-13594.2869469912
-13594.361253855
-13594.5929310735
-13594.9550256787
-13595.3553914581
-13595.6356259429
-13595.7610653582
-13595.8072973413
-13595.8238032602
-13595.8277540717
-13595.8239213069
-13595.8121520396
-13595.7892115568
-13595.7479593832
-13595.6777627191
-13595.5678530736
-13595.4185655289
-13595.245992688
-13595.0732305678
-13594.9175031792
-13594.7918217979
-13594.7071971459
-13594.6728171231
-13594.6913936153
-13594.7576111611
-13594.8594438689
-13594.9828119582
-13595.1163996094
-13595.2529513926
-13595.3883754003
-13595.5160251372
-13595.6258122975
-13595.7085190016
-13595.7640043119
-13595.7979872325
-13595.8177463131
-13595.8279572658
-13595.8310361611
-13595.8265184758
-13595.8095042097
-13595.7644420336
-13595.6503145252
-13595.4121362053
-13595.0682846176
-13594.7304551154
-13594.4792315573
-13594.3536621469
-13594.3666552394
-13594.4995596308
-13594.7044568911
-13594.9255842955
-13595.1242831908
-13595.2827303048
-13595.4008538847
-13595.4844283822
-13595.5414624563
-13595.5772249275
-13595.593967426
-13595.5877386489
-13595.543405248
-13595.4238205632
-13595.1484776931
-13594.6127838463
-13593.8448245892
-13593.2158491068
-13593.1803415452
-13593.7322519182
-13594.4338663979
-13594.9518987075
-13595.2506022495
-13595.4045297125
-13595.4790884298
-13595.5077310923
-13595.5056702099
-13595.4775451869
-13595.4220093997
-13595.334634867
-13595.2084655168
-13595.0414211098
-13594.8411580424
-13594.6378420802
-13594.4786231954
-13594.4124610908
-13594.4611475609
-13594.6145838745
-13594.857792983
-13595.2016763184
-13595.5850014912
-13595.7800003556
-13595.8344436636
-13595.8498911001
-13595.854559485
-13595.8539318433
-13595.8483000141
-13595.8356066624
-13595.8098225001
-13595.7609319461
-13595.6727517519
-13595.5334213293
-13595.3400032448
-13595.1053304235
-13594.8493979538
-13594.6083700657
-13594.4289833015
-13594.3589490093
-13594.4187825496
-13594.588075966
-13594.8175724339
-13595.0531801477
-13595.2609055619
-13595.4253723543
-13595.5488853341
-13595.6381174521
-13595.7028636017
-13595.7497568691
-13595.7847496558
-13595.8106132103
-13595.8297882188
-13595.8431082782
-13595.8518053052
-13595.8563872075
-13595.8570967474
-13595.8528062043
-13595.8396668265
-13595.8082602309
-13595.7380209377
-13595.607505818
-13595.4153972459
-13595.1851686694
-13594.937478982
-13594.6965044982
-13594.4973004039
-13594.3858437717
-13594.395325154
-13594.5241829044
-13594.7337104674
-13594.9681153076
-13595.183796433
-13595.3576397395
-13595.4875469737
-13595.5797425243
-13595.6442773247
-13595.6887159334
-13595.7190969779
-13595.7380666627
-13595.7457458454
-13595.7381391294
-13595.7045999515
-13595.6201131945
-13595.4322910701
-13595.0759948439
-13594.553588105
-13594.0203517879
-13593.7143068747
-13593.7803968457
-13594.1453597667
-13594.5987883267
-13594.9786535221
-13595.2372238913
-13595.3957273311
-13595.4865758203
-13595.5338769468
-13595.5502804875
-13595.5397601327
-13595.4963246492
-13595.3935228446
-13595.1400125655
-13594.4408484757
-13592.8433836065
-13591.2750730511
-13591.7264352076
-13593.2756974398
-13594.3149165371
-13594.7923705064
-13595.0196954141
-13595.1458275848
-13595.2217346397
-13595.2653824635
-13595.2830789269
-13595.2761811868
-13595.2422799708
-13595.1754676431
-13595.0653730284
-13594.8982493206
-13594.6622138427
-13594.3655622785
-13594.0675782049
-13593.898495183
-13594.0019497945
-13594.3950384077
-13594.898624686
-13595.2973081709
-13595.5301132498
-13595.6472561889
-13595.7034151063
-13595.7276790725
-13595.7323557599
-13595.7202394021
-13595.686821488
-13595.6176019074
-13595.4782307591
-13595.2088804044
-13594.7689385015
-13594.2857731507
-13594.0182986854
-13594.0405161018
-13594.2300487286
-13594.4728125255
-13594.7096996494
-13594.9133136308
-13595.0755660834
-13595.1971166009
-13595.2836470796
-13595.3403986598
-13595.3712779262
-13595.3767785711
-13595.3519250965
-13595.2812752431
-13595.1257471098
-13594.8052331637
-13594.2037362646
-13593.3479070854
-13592.7148581079
-13592.9456035174
-13593.8887112059
-13594.7709665539
-13595.2544221758
-13595.4632518849
-13595.5482072141
-13595.5774841375
-13595.5761976527
-13595.5511375772
-13595.5003990736
-13595.4171377495
-13595.2891076903
-13595.1048667003
-13594.8603281127
-13594.5810260489
-13594.3294884633
-13594.1935454585
-13594.2343650879
-13594.4544487614
-13594.8132495103
-13595.2379459933
-13595.5869663546
-13595.7551696004
-13595.8125725277
-13595.8303939435
-13595.8345472707
-13595.8314518177
-13595.8215314146
-13595.8022958615
-13595.767256245
-13595.7066918875
-13595.60630465
-13595.457978312
-13595.2650047325
-13595.0490973468
-13594.8375691859
-13594.6628405898
-13594.553032173
-13594.5273869971
-13594.5859767798
-13594.7096727817
-13594.870454903
-13595.0408747232
-13595.2048073955
-13595.3539233407
-13595.4879977346
-13595.6046606041
-13595.700249938
-13595.7686866773
-13595.8123808597
-13595.837405658
-13595.8513738541
-13595.8585213256
-13595.8614041374
-13595.8604261348
-13595.8537509677
-13595.8338290359
-13595.7749553026
-13595.631797646
-13595.4084261093
-13595.1772147211
-13594.9618777036
-13594.7643009074
-13594.5980959022
-13594.4934900481
-13594.4789019228
-13594.5625968161
-13594.7234848099
-13594.9198265609
-13595.1124941252
-13595.275596905
-13595.402054074
-13595.4933248037
-13595.5562337835
-13595.5959588278
-13595.6159065521
-13595.6143637844
-13595.581256276
-13595.488817223
-13595.2695086911
-13594.8106633467
-13594.0690677771
-13593.3371793256
-13593.1184328176
-13593.5450366816
-13594.234742687
-13594.7987054092
-13595.1423983837
-13595.3247358769
-13595.4147413503
-13595.4516831337
-13595.4547658815
-13595.4314224425
-13595.3831823708
-13595.3089063393
-13595.2065502862
-13595.0773516178
-13594.9288161096
-13594.7796612271
-13594.6568511856
-13594.588497415
-13594.5910875172
-13594.6640548323
-13594.797965655
-13594.9941195099
-13595.2812907656
-13595.5998328582
-13595.7725985504
-13595.8290655297
-13595.8477750096
-13595.8543065607
-13595.8551306049
-13595.851233119
-13595.8410015298
-13595.8198527862
-13595.7782687423
-13595.7019623605
-13595.5784001641
-13595.4087504989
-13595.2063136773
-13594.9883354731
-13594.7752935264
-13594.5961599741
-13594.485473963
-13594.4701113048
-13594.5544365202
-13594.7160192397
-13594.9175200759
-13595.1228906354
-13595.3078566957
-13595.4611376585
-13595.5808553721
-13595.6700872197
-13595.7340319171
-13595.778513771
-13595.8087084247
-13595.8289302355
-13595.8422113566
-13595.8505849107
-13595.8550865743
-13595.8557152524
-13595.8509195968
-13595.8356617878
-13595.7969763496
-13595.7086715908
-13595.5476753983
-13595.3218603642
-13595.0598646302
-13594.786738023
-13594.5375432349
-13594.3624665081
-13594.3126749916
-13594.4061585432
-13594.6109791611
-13594.8633990543
-13595.1031250109
-13595.2980197967
-13595.4410309218
-13595.5403646135
-13595.6068136261
-13595.6500342832
-13595.6757761374
-13595.6860393818
-13595.6765219353
-13595.6312510839
-13595.5096310582
-13595.2244784794
-13594.6817919798
-13593.9587632425
-13593.4119818033
-13593.3808850256
-13593.831916517
-13594.4297484264
-13594.9054435196
-13595.2046696509
-13595.3728715996
-13595.4624360711
-13595.5040763733
-13595.5132938133
-13595.4950340972
-13595.4466802547
-13595.3580584083
-13595.2056188209
-13594.9451081058
-13594.4920336173
-13593.7347610916
-13592.6784614705
-13591.8978741258
-13592.5513361189
-13594.2995881232
-13595.2702206432
-13595.5573270192
-13595.6509223008
-13595.6867830301
-13595.6966711577
-13595.6868920142
-13595.6542163871
-13595.5872128515
-13595.4617068057
-13595.2434217712
-13594.9010289129
-13594.4623467031
-13594.0509494208
-13593.8494531722
-13593.9552131057
-13594.2961132836
-13594.7055528272
-13595.0518567716
-13595.2949418355
-13595.4468490348
-13595.5363086672
-13595.5842947102
-13595.6039985196
-13595.599119856
-13595.560319882
-13595.4314283211
-13594.9405284411
-13593.4431783451
-13591.6302653287
-13591.6267289292
-13593.0257364484
-13594.2347935918
-13594.8818496021
-13595.1967894757
-13595.3592853485
-13595.446182203
-13595.4902009473
-13595.5034964764
-13595.4887696475
-13595.4407359322
-13595.3437176177
-13595.1685709381
-13594.8684290978
-13594.4098044746
-13593.8528938204
-13593.445122125
-13593.4877432571
-13594.0210386899
-13594.7374778563
-13595.2771839463
-13595.5533842651
-13595.6662843751
-13595.7073866946
-13595.7162474463
-13595.7072572027
-13595.6836782706
-13595.642904666
-13595.5789380953
-13595.4813925023
-13595.3393299292
-13595.1448003509
-13594.9073214802
-13594.6606421453
-13594.4636500713
-13594.371910613
-13594.4080884565
-13594.549394714
-13594.7458240249
-13594.9513589053
-13595.1380125633
-13595.3002107501
-13595.4450075222
-13595.5863855378
-13595.7189824994
-13595.8096191474
-13595.8504143246
-13595.8659270356
-13595.8715656645
-13595.8730572329
-13595.8718635552
-13595.8679169923
-13595.8599759818
-13595.8451370778
-13595.8191933286
-13595.7776979539
-13595.7209033168
-13595.6522280906
-13595.5727276742
-13595.4768602095
-13595.3559432963
-13595.2005852893
-13595.006650661
-13594.7821102382
-13594.5569022436
-13594.3830025166
-13594.3183968549
-13594.3959717377
-13594.601754745
-13594.8826267024
-13595.1714737874
-13595.4148263516
-13595.5877225755
-13595.6954980552
-13595.757219957
-13595.7912669932
-13595.8092324478
-13595.8172014294
-13595.8168926061
-13595.804454035
-13595.7588297345
-13595.6002623661
-13595.1866553772
-13594.6030108429
-13594.1193183507
-13593.8885368089
-13593.9606620083
-13594.2666113722
-13594.6528216336
-13594.9914595211
-13595.2362328694
-13595.3956378898
-13595.493881898
-13595.550644215
-13595.5779431719
-13595.5801721048
-13595.5538646523
-13595.4824607755
-13595.3193635681
-13594.9570556458
-13594.241901543
-13593.275172334
-13592.716931064
-13593.0647300889
-13593.903863021
-13594.6059697315
-13595.0025705181
-13595.1904780996
-13595.2727826341
-13595.3026800388
-13595.3019724895
-13595.2778311768
-13595.2309451316
-13595.1595425769
-13595.0600181068
-13594.9300092845
-13594.7695507152
-13594.5876751014
-13594.4065618052
-13594.2724124512
-13594.2568348828
-13594.429375277
-13594.7709289197
-13595.1411045951
-13595.4168545771
-13595.5800828452
-13595.6684136083
-13595.7138863633
-13595.7349184711
-13595.7387497977
-13595.7256642561
-13595.6879631232
-13595.601391008
-13595.4100706888
-13595.0229555764
-13594.4461885149
-13593.9341194194
-13593.7629751561
-13593.9298981802
-13594.2578423158
-13594.5921032019
-13594.8611027353
-13595.0556773536
-13595.1872289061
-13595.2718354855
-13595.3206849968
-13595.3408214692
-13595.3341731859
-13595.2965962513
-13595.2127429737
-13595.0364456472
-13594.6467557977
-13593.8009024804
-13592.4714714837
-13591.6937160018
-13592.572968884
-13594.0869697884
-13594.9742264784
-13595.3229690597
-13595.4541117194
-13595.5049048686
-13595.5168459806
-13595.5011140558
-13595.4568657454
-13595.3750796366
-13595.2401607283
-13595.0285703361
-13594.7239288574
-13594.3427828155
-13593.9820560713
-13593.8059993068
-13593.9518237729
-13594.4081777877
-13594.9829333053
-13595.4245997661
-13595.6467733851
-13595.7363768139
-13595.7691342456
-13595.7780062249
-13595.773407596
-13595.7573289208
-13595.7278201711
-13595.6787859303
-13595.6023610325
-13595.488497915
-13595.3341376846
-13595.1467419009
-13594.9510636334
-13594.7778624908
-13594.6569947815
-13594.6048441434
-13594.6224338649
-13594.6959830113
-13594.8033208033
-13594.92352552
-13595.0405978624
-13595.1476470368
-13595.2436994359
-13595.335128776
-13595.4314246262
-13595.5387223848
-13595.6423479836
-13595.7221725299
-13595.7726216457
-13595.8016860264
-13595.8167289985
-13595.822498632
-13595.8200939303
-13595.8072086218
-13595.7760071262
-13595.7065580627
-13595.5647216565
-13595.3222562429
-13595.0112248261
-13594.7094505093
-13594.4868361843
-13594.3827366153
-13594.4074523335
-13594.5384552224
-13594.7296165355
-13594.9340716477
-13595.1186934975
-13595.2703618432
-13595.3876494385
-13595.4766362008
-13595.5439329498
-13595.5960620282
-13595.6364875616
-13595.6660804682
-13595.6824252746
-13595.681500729
-13595.655807397
-13595.5893760402
-13595.4500631434
-13595.1851800737
-13594.7542750331
-13594.2116073098
-13593.7613318491
-13593.642524413
-13593.9122098342
-13594.3899632545
-13594.8458881357
-13595.1719486959
-13595.371224747
-13595.483398042
-13595.5410865764
-13595.5633782789
-13595.5583368232
-13595.5262598098
-13595.4592331672
-13595.3358399414
-13595.1035054819
-13594.6296516667
-13593.6175133052
-13591.8529388639
-13590.6111488385
-13592.0936566262
-13594.522954875
-13595.3697991143
-13595.5502180131
-13595.6022574105
-13595.615863561
-13595.6047072903
-13595.5665379408
-13595.4906085025
-13595.3566577304
-13595.1370875685
-13594.8098809866
-13594.3978406201
-13594.0092795911
-13593.820281093
-13593.9465609718
-13594.325921584
-13594.7719185345
-13595.1344816096
-13595.3739243826
-13595.5149924452
-13595.5934610437
-13595.6333079676
-13595.6471462537
-13595.638303088
-13595.599542629
-13595.4991111422
-13595.2182592699
-13594.4128454974
-13592.9109038105
-13591.9990346882
-13592.5387486309
-13593.5801665363
-13594.35390687
-13594.806191342
-13595.0661555379
-13595.2203859263
-13595.3134494959
-13595.3661958979
-13595.3885035324
-13595.3830143473
-13595.3464480344
-13595.2681270061
-13595.124145326
-13594.8731430166
-13594.457605195
-13593.8677690388
-13593.2827451649
-13593.1242977823
-13593.6613118787
-13594.5506253069
-13595.2104939188
-13595.5162346102
-13595.6357602053
-13595.6800708043
-13595.691560711
-13595.682789294
-13595.6548829222
-13595.602900405
-13595.5149874055
-13595.3753602223
-13595.1676456098
-13594.8979109941
-13594.6112699641
-13594.3923896997
-13594.3102867252
-13594.3723371092
-13594.5261417579
-13594.7036446366
-13594.8597243671
-13594.9759909888
-13595.053439684
-13595.0988280773
-13595.120327417
-13595.124079107
-13595.1144836817
-13595.0945680594
-13595.0665286141
-13595.0327951665
-13594.995502331
-13594.9574376833
-13594.9211480936
-13594.8893602876
-13594.8639415898
-13594.8472547635
-13594.8449287616
-13594.8688856382
-13594.9272408182
-13595.0113293285
-13595.1036095931
-13595.1876970752
-13595.254818571
-13595.3003627539
-13595.3228669937
-13595.3202714723
-13595.288690225
-13595.2211635928
-13595.1059790478
-13594.9304142089
-13594.6862355234
-13594.3942368658
-13594.125130879
-13594.0008071019
-13594.1216484496
-13594.4717752718
-13594.9089864971
-13595.2728136074
-13595.5057831653
-13595.6326362184
-13595.6977365955
-13595.7284051645
-13595.7385517852
-13595.732288083
-13595.7065498709
-13595.6473801922
-13595.5114814413
-13595.1895147337
-13594.5318242263
-13593.7546284517
-13593.4374209641
-13593.6308629274
-13594.0322072402
-13594.4425924417
-13594.7834340363
-13595.0361585589
-13595.212828539
-13595.3304864617
-13595.4053627165
-13595.4472795685
-13595.4615849258
-13595.4474578367
-13595.3960096055
-13595.2836853764
-13595.0569776336
-13594.6225528646
-13593.9039973095
-13593.0967943636
-13592.7929384617
-13593.3549397489
-13594.3263072836
-13595.0515832357
-13595.4026803809
-13595.5416097485
-13595.5904781719
-13595.598974433
-13595.5834903662
-13595.5466284971
-13595.4838226057
-13595.3861273011
-13595.2407338904
-13595.037295589
-13594.778286832
-13594.4983217156
-13594.2694423891
-13594.1775432417
-13594.2719780679
-13594.5380578112
-13594.9131045131
-13595.3012157365
-13595.5903978342
-13595.7386519772
-13595.7983010388
-13595.8199128102
-13595.8257425754
-13595.8230562998
-13595.8134588069
-13595.7956416357
-13595.7662489154
-13595.7196504246
-13595.6489002473
-13595.5479157237
-13595.4151303736
-13595.2555264251
-13595.0805131277
-13594.9064107966
-13594.7540474985
-13594.645670244
-13594.5995726669
-13594.6223111605
-13594.7065126748
-13594.8345464429
-13594.9870788717
-13595.1500559342
-13595.316076508
-13595.478719959
-13595.6226521999
-13595.7288187073
-13595.7928919352
-13595.8269877392
-13595.8440280016
-13595.8519738339
-13595.8543504918
-13595.8518623014
-13595.8425138448
-13595.8181535941
-13595.7538984489
-13595.5984974969
-13595.3539829163
-13595.1238758291
-13594.9491996788
-13594.8136279446
-13594.7137683039
-13594.6583015837
-13594.6576817801
-13594.7135637961
-13594.8154718626
-13594.9442444042
-13595.0786701264
-13595.2029604969
-13595.3076314668
-13595.3899234199
-13595.4497402027
-13595.488250371
-13595.5046282721
-13595.4942318103
-13595.4443542073
-13595.3251242077
-13595.0791665205
-13594.6240104606
-13593.9544722956
-13593.3224602603
-13593.1761453135
-13593.6540526507
-13594.3870187557
-13594.9707765181
-13595.3038928991
-13595.4669686114
-13595.5388368625
-13595.5628957321
-13595.5575691449
-13595.5296768832
-13595.4806163614
-13595.4083013539
-13595.3112391552
-13595.1888615128
-13595.0477411678
-13594.9009869763
-13594.7711060998
-13594.6810089649
-13594.6473900151
-13594.6717893947
-13594.7415833048
-13594.8370267907
-13594.9384385247
-13595.0328809381
-13595.1133009439
-13595.1796621967
-13595.2367075523
-13595.2988275638
-13595.389777233
-13595.5062191473
-13595.6061664545
-13595.67293875
-13595.7110149762
-13595.7286581321
-13595.7293947608
-13595.712081429
-13595.6694381506
-13595.5837789883
-13595.4257819368
-13595.1559321936
-13594.761610665
-13594.3021654841
-13593.9351978036
-13593.8305456572
-13594.0368080869
-13594.433722685
-13594.8427305389
-13595.1602560936
-13595.3683416887
-13595.4940746119
-13595.5649268291
-13595.6007188954
-13595.6104940007
-13595.5949166583
-13595.5393792255
-13595.3763466
-13594.8422899755
-13593.4034626606
-13591.7792916021
-13591.8275074499
-13593.0884333282
-13594.1790691567
-13594.784079572
-13595.0960278287
-13595.2636725965
-13595.3578459162
-13595.4077467241
-13595.4261584263
-13595.4161568835
-13595.3741079117
-13595.2884320495
-13595.1345142781
-13594.8729410989
-13594.4569230607
-13593.9002962642
-13593.3897015453
-13593.2874304705
-13593.7956049135
-13594.6195039826
-13595.2483691215
-13595.5453808663
-13595.6606441744
-13595.7025437812
-13595.7132510501
-13595.7052266504
-13595.6799530607
-13595.633081386
-13595.5542898002
-13595.4293206656
-13595.243399181
-13594.9988509502
-13594.7305301438
-13594.5072328067
-13594.3929849767
-13594.407700321
-13594.5201085115
-13594.6758279225
-13594.8297365456
-13594.9566851925
-13595.0497242144
-13595.1102382649
-13595.1434507998
-13595.1545250086
-13595.1484423677
-13595.1295315465
-13595.1018656761
-13595.0692909283
-13595.0355504146
-13595.0037827564
-13594.9767037678
-13594.9561682647
-13594.9432844225
-13594.9381125671
-13594.9400252698
-13594.9475943615
-13594.9592442514
-13594.9729645489
-13594.9870756558
-13594.9999269921
-13595.0105080644
-13595.0179131948
-13595.0217928538
-13595.0218649126
-13595.0178636488
-13595.0074117928
-13594.9800369689
-13594.9134220407
-13594.8038805863
-13594.6784399628
-13594.5770442443
-13594.53748264
-13594.5800566004
-13594.6962835119
-13594.8547939952
-13595.0193416907
-13595.1643550433
-13595.2785162049
-13595.360405502
-13595.4126778566
-13595.4379192247
-13595.4360317229
-13595.4025669025
-13595.3257527171
-13595.1834094936
-13594.9403825149
-13594.564956004
-13594.0821782306
-13593.6551520905
-13593.5479908326
-13593.8941677221
-13594.5157368618
-13595.0837356177
-13595.4321753291
-13595.600539916
-13595.6740255033
-13595.7017595291
-13595.7048788343
-13595.690743014
-13595.6603154552
-13595.6118745209
-13595.5415584031
-13595.4468060948
-13595.3270133784
-13595.1881437224
-13595.0409988704
-13594.902538144
-13594.7900241352
-13594.718885357
-13594.6966146613
-13594.7217435086
-13594.7845228307
-13594.8711121982
-13594.9689547548
-13595.0696756541
-13595.1725025475
-13595.2842805803
-13595.4176929836
-13595.5651557388
-13595.6893650891
-13595.7667985165
-13595.8082881562
-13595.8290122983
-13595.8387169741
-13595.841343454
-13595.8376035757
-13595.8251687797
-13595.7958680116
-13595.7316808115
-13595.6015600502
-13595.395165155
-13595.1522331231
-13594.9285631528
-13594.7490179253
-13594.6278694124
-13594.5762464993
-13594.5993756957
-13594.688826499
-13594.8232652344
-13594.9779273214
-13595.1304977981
-13595.2685652009
-13595.3856805412
-13595.4823537718
-13595.5597942461
-13595.6210295047
-13595.6671309381
-13595.6995970074
-13595.7183253215
-13595.7224810408
-13595.7076385097
-13595.6616113044
-13595.5568147929
-13595.3375991179
-13594.9454397147
-13594.4042025063
-13593.9046068142
-13593.6892601321
-13593.8507865493
-13594.2559976106
-13594.6911154983
-13595.031557673
-13595.2549182582
-13595.3892473593
-13595.4632485834
-13595.4972810036
-13595.500983798
-13595.4766449375
-13595.4189965637
-13595.3089689344
-13595.0945750135
-13594.6075664678
-13593.3632288039
-13590.975154003
-13589.9427606399
-13592.2533897794
-13594.3507210909
-13595.0457170346
-13595.2426050212
-13595.317217753
-13595.3469272761
-13595.347652644
-13595.3208138385
-13595.2625055854
-13595.1660478804
-13595.0228718945
-13594.8305232444
-13594.6014650751
-13594.3800468934
-13594.2390057725
-13594.2509754991
-13594.4353493086
-13594.7344099827
-13595.0524270392
-13595.3130174296
-13595.4940432962
-13595.6068348919
-13595.6739635331
-13595.7117509225
-13595.7305097564
-13595.7337531453
-13595.7178977805
-13595.6623321635
-13595.4935482796
-13595.0325245052
-13594.1922682182
-13593.4171418674
-13593.2166621763
-13593.5988380047
-13594.2060864889
-13594.7270045199
-13595.0742538539
-13595.2812920443
-13595.4000609415
-13595.4642742876
-13595.4924954939
-13595.4919050643
-13595.4615632112
-13595.3901777467
-13595.2462752209
-13594.9538463733
-13594.3553364081
-13593.3149571869
-13592.2529729563
-13592.2603969156
-13593.4869059891
-13594.7170290842
-13595.2991081094
-13595.4924352154
-13595.5506410842
-13595.5611830211
-13595.5455000551
-13595.5045858519
-13595.4308636851
-13595.3100245519
-13595.1226357996
-13594.853389702
-13594.5145107332
-13594.1773461775
-13593.9715404833
-13594.0128712858
-13594.3077218955
-13594.7391020904
-13595.1509648585
-13595.4458317606
-13595.6172106708
-13595.7052725481
-13595.7472268886
-13595.7640974884
-13595.7650830711
-13595.7528759985
-13595.7270105685
-13595.6862957265
-13595.6331360494
-13595.5742242164
-13595.5138026196
-13595.4473535835
-13595.3664034381
-13595.2613914167
-13595.1245830823
-13594.9521534845
-13594.7520165487
-13594.549943428
-13594.3937032886
-13594.3384924391
-13594.4209247149
-13594.6345305893
-13594.9273176952
-13595.2243001058
-13595.4617498176
-13595.6189733403
-13595.7100367742
-13595.7597327245
-13595.7854080704
-13595.7968295574
-13595.7974755445
-13595.7854610724
-13595.7472795785
-13595.6271391099
-13595.2637404777
-13594.5806833591
-13593.9808092932
-13593.7569063921
-13593.895309026
-13594.2519544442
-13594.6516757485
-13594.9840338187
-13595.2186246945
-13595.3715988767
-13595.4659229723
-13595.5205324501
-13595.5454863957
-13595.5443378111
-13595.5124053667
-13595.4302618066
-13595.2476133321
-13594.8482161693
-13594.0841594668
-13593.091936437
-13592.5977653086
-13593.0819478905
-13594.0253097695
-13594.7541188994
-13595.1324499643
-13595.2972119874
-13595.3605621313
-13595.3762382901
-13595.3635080187
-13595.3269676751
-13595.2654642771
-13595.1741036223
-13595.0482031654
-13594.8839063405
-13594.6872906034
-13594.4788357832
-13594.3047092207
-13594.2313804596
-13594.3296596738
-13594.6250505707
-13595.0268506141
-13595.3724963196
-13595.5827303789
-13595.6905635594
-13595.7422567207
-13595.7659501542
-13595.7730045858
-13595.7667503374
-13595.7442368138
-13595.6930689241
-13595.5836103204
-13595.3558518951
-13594.9677307674
-13594.5220916936
-13594.233973591
-13594.1780746151
-13594.2938568751
-13594.4974003802
-13594.7212902084
-13594.9256201826
-13595.0914259738
-13595.2171691798
-13595.3065380131
-13595.3661246922
-13595.3998536853
-13595.4089366533
-13595.3877993034
-13595.3166352233
-13595.1443517968
-13594.7594288791
-13594.0280698362
-13593.0733544226
-13592.5783818338
-13593.0752320577
-13594.0806443493
-13594.8565612361
-13595.2534470278
-13595.4302081975
-13595.5049976799
-13595.5307435633
-13595.5261876443
-13595.4960446477
-13595.437829213
-13595.3430462863
-13595.2000701041
-13594.995736882
-13594.730097546
-13594.4312177696
-13594.1732817423
-13594.0567137535
-13594.1694740869
-13594.5548442306
-13595.1167181882
-13595.5421418503
-13595.7207344328
-13595.7825927787
-13595.8045117016
-13595.8106648754
-13595.8069387906
-13595.792946549
-13595.7637034194
-13595.7074993226
-13595.6054591924
-13595.4360128908
-13595.2000149648
-13594.9350271548
-13594.7000769621
-13594.5416674017
-13594.4832953254
-13594.5228015551
-13594.6362449396
-13594.7895933408
-13594.9508388684
-13595.0997416227
-13595.2271252883
-13595.333277438
-13595.4225019251
-13595.5017571834
-13595.5759087628
-13595.644861159
-13595.7024859081
-13595.7446288125
-13595.7714982707
-13595.7857277224
-13595.7888719467
-13595.7797063558
-13595.7519003295
-13595.688895252
-13595.5565964398
-13595.30919956
-13594.938907109
-13594.5267487524
-13594.2074346288
-13594.0865526112
-13594.1838938177
-13594.4313742138
-13594.726073422
-13594.9910882767
-13595.1951598981
-13595.3389914281
-13595.4349899505
-13595.4960670383
-13595.5314911575
-13595.5452429149
-13595.5319842464
-13595.4645482088
-13595.2682467252
-13594.7993364436
-13593.9587527412
-13593.0568425176
-13592.7775784218
-13593.348331007
-13594.2197192798
-13594.8672386127
-13595.2247071824
-13595.4040563874
-13595.4925226252
-13595.5319315046
-13595.5396999418
-13595.5204774586
-13595.4701269534
-13595.3753579091
-13595.2077420152
-13594.9193957856
-13594.4511796597
-13593.8132228521
-13593.2274471675
-13593.1216283496
-13593.7569730496
-13594.7869991584
-13595.4479876171
-13595.6681658669
-13595.7322349623
-13595.750976775
-13595.7508733318
-13595.7361859718
-13595.7028211153
-13595.6400968057
-13595.5270944531
-13595.3362908402
-13595.0462720955
-13594.6817397596
-13594.3308369094
-13594.1172980512
-13594.1171244969
-13594.3083234839
-13594.5964288404
-13594.8841473271
-13595.1197204531
-13595.2908028756
-13595.4080947861
-13595.4854227844
-13595.5360186545
-13595.5686023119
-13595.5881992399
-13595.5907107694
-13595.5613843839
-13595.4783430039
-13595.3071460245
-13595.004802089
-13594.5488193063
-13594.019859605
-13593.6353020603
-13593.6310790404
-13594.0164174508
-13594.5494913461
-13594.9969670201
-13595.2867937674
-13595.4545927016
-13595.5462043649
-13595.5932309551
-13595.6105704338
-13595.603330551
-13595.567300418
-13595.4830873013
-13595.2979425205
-13594.8772484582
-13594.0289651572
-13592.9286862569
-13592.4797790422
-13593.061445132
-13593.9421373299
-13594.5427440448
-13594.8513958236
-13595.0089124359
-13595.0972311157
-13595.1498477659
-13595.1783567045
-13595.1869665704
-13595.1763159435
-13595.1449272289
-13595.0898151537
-13595.0056712683
-13594.8865195683
-13594.7263653033
-13594.5294671426
-13594.3228877419
-13594.1767062422
-13594.1871364522
-13594.4052305686
-13594.7645949318
-13595.1216613272
-13595.3847593094
-13595.5457259812
-13595.6370328813
-13595.6858380665
-13595.7090519397
-13595.7134293115
-13595.6985741249
-13595.6540432372
-13595.5451306119
-13595.2817549227
-13594.712345634
-13593.902740413
-13593.3583538226
-13593.4092542106
