# Fix print output for fix totenergy
-4853.37615108694
-4853.36555557759
-4853.34154919324
-4853.27576522769
-4853.13990363619
-4852.88951406441
-4852.60311483153
-4852.36519862807
-4852.27603679204
-4852.24544245052
-4852.30280383226
-4852.42453833439
-4852.69196090518
-4853.04101385362
-4853.39138361798
-4853.72026367097
-4853.93296293449
-4854.08153957918
-4854.15533365767
-4854.21659857965
-4854.24827221639
-4854.25546490205
-4854.2310903244
-4854.13856504475
-4853.86562605882
-4853.14478087977
-4851.80782079029
-4850.80626947604
-4851.17019539166
-4852.14857468463
-4853.08177157825
-4853.78787873603
-4854.155470178
-4854.30447435643
-4854.37337582269
-4854.39640469328
-4854.39004941128
-4854.37052809978
-4854.28396179526
-4854.15390849462
-4853.9363062691
-4853.60529344066
-4853.20784408073
-4852.92248944316
-4853.04413461574
-4853.73826569919
-4854.6987919614
-4855.3726859713
-4855.68668195742
-4855.8330538549
-4855.90971918257
-4855.9516896456
-4855.97218911467
-4855.98372416415
-4856.00589045277
-4856.06545386817
-4856.18981157568
-4856.39519292305
-4856.67365354768
-4856.98949077912
-4857.3040899829
-4857.53972230788
-4857.69340658308
-4857.80884821901
-4857.88926318914
-4857.94833532061
-4857.99216469248
-4858.02177799497
-4858.03446994296
-4858.01922846229
-4857.94704626461
-4857.77129181368
-4857.45188032056
-4856.9885575962
-4856.47315536967
-4856.10985146222
-4856.09332192569
-4856.40673009788
-4856.82861584826
-4857.16316850394
-4857.362747681
-4857.46402507191
-4857.51027320893
-4857.52825169968
-4857.52902460978
-4857.50958032686
-4857.44650671376
-4857.27083309529
-4856.83389225275
-4856.01640670124
-4855.13730330204
-4854.8074779871
-4854.9605056421
-4855.33184007567
-4855.72151951478
-4855.99777595903
-4856.28877067922
-4856.50891980409
-4856.77077907168
-4856.98896167949
-4857.15631138234
-4857.2711067588
-4857.33792460905
-4857.36566032843
-4857.3629120407
-4857.33196804706
-4857.26281373457
-4857.12369662353
-4856.84397631692
-4856.30626171915
-4855.43683634523
-4854.57073880418
-4854.3928763167
-4855.01728288334
-4855.84145409865
-4856.28169137222
-4856.49572488832
-4856.64650236858
-4856.68879326808
-4856.76623941072
-4856.81714809903
-4856.84622151164
-4856.85421279205
-4856.83944359706
-4856.80089088481
-4856.73804563882
-4856.64655697568
-4856.51179550943
-4856.30393814151
-4856.01842321746
-4855.73156902916
-4855.51304441004
-4855.34736891965
-4855.21113003691
-4855.11141732353
-4855.10288119068
-4855.27563704324
-4855.68068231349
-4856.23488382098
-4856.74302821147
-4857.07532200154
-4857.23760533869
-4857.30027287516
-4857.31892795161
-4857.31845549808
-4857.2952569901
-4857.21902183832
-4857.03481708576
-4856.69384113939
-4856.26010101112
-4855.9663805623
-4856.08562643127
-4856.65389016039
-4857.25121386217
-4857.5472436174
-4857.65142060989
-4857.69270211739
-4857.71205050759
-4857.71814909486
-4857.70767424117
-4857.6685278119
-4857.57572200607
-4857.3847380339
-4857.04313089685
-4856.56682380268
-4856.15935063562
-4856.08603413812
-4856.37126307063
-4856.58306102972
-4856.70164233945
-4856.77769019716
-4856.93497624786
-4857.1628137768
-4857.34688446018
-4857.50807731483
-4857.60207766947
-4857.65175833785
-4857.67326275906
-4857.67450931382
-4857.65483323958
-4857.60267296274
-4857.49108383282
-4857.27889238997
-4856.94809454794
-4856.60002202169
-4856.47883669612
-4856.67708338493
-4857.05608307522
-4857.24348562351
-4857.32862325993
-4857.5181539927
-4857.65636030853
-4857.80927074203
-4857.9354309201
-4858.03418600305
-4858.10201464918
-4858.13710513398
-4858.14158994903
-4858.11984801944
-4858.07531429782
-4858.00731301926
-4857.90814961217
-4857.76351125265
-4857.57214804548
-4857.37852665551
-4857.23440454457
-4857.13766003267
-4857.06552723175
-4857.00425980559
-4856.94921244571
-4856.89891031883
-4856.85254774602
-4856.80478107189
-4856.74344655494
-4856.64453186655
-4856.4791121071
-4856.22531780138
-4855.910939834
-4855.65441997098
-4855.62167159962
-4855.86306456652
-4856.13431984723
-4856.32720574523
-4856.47509002724
-4856.62349468416
-4856.7670671672
-4856.9434487377
-4857.11843121151
-4857.27672979869
-4857.40711031429
-4857.5052734193
-4857.57285467925
-4857.61839124587
-4857.65164761948
-4857.67995640432
-4857.70631614
-4857.73074397524
-4857.75072737093
-4857.7604274344
-4857.74568148014
-4857.67318405953
-4857.47342513752
-4857.03685967665
-4856.31034837084
-4855.54997209195
-4855.38770477996
-4855.92404780347
-4856.58082747972
-4857.06449517197
-4857.40692206455
-4857.64401704841
-4857.81267339589
-4857.92465179411
-4857.9879357572
-4858.01206096325
-4858.00612249807
-4857.97555970109
-4857.92094680225
-4857.83598367643
-4857.70317063104
-4857.48597089185
-4857.12992612399
-4856.63253783058
-4856.20807445899
-4856.03111606233
-4855.97309870378
-4855.90544232935
-4855.90501087382
-4856.11949058142
-4856.41728658273
-4856.68879828176
-4856.88879983402
-4857.01995534773
-4857.0991923864
-4857.14098262354
-4857.15417382998
-4857.14465495342
-4857.11806284678
-4857.07969536293
-4857.02787568991
-4856.9338882209
-4856.74876150488
-4856.48596174303
-4856.22546410643
-4856.02874911499
-4855.91887494327
-4855.89112584724
-4855.93340348192
-4856.03511401623
-4856.18224262234
-4856.35263202836
-4856.52248239937
-4856.67736579558
-4856.81515276819
-4856.94083142188
-4857.06096590806
-4857.18053354919
-4857.30119904697
-4857.41825217381
-4857.52097619142
-4857.59832557816
-4857.64732369815
-4857.67396956751
-4857.71773482153
-4857.72342437037
-4857.72016889437
-4857.65691679922
-4857.54351189387
-4857.2611142418
-4856.7267991132
-4856.02086160165
-4855.45450728679
-4855.30970625974
-4855.59881996999
-4856.11838335906
-4856.63097587884
-4857.01033616591
-4857.24811334811
-4857.38160607006
-4857.4466994833
-4857.46722942886
-4857.45810785463
-4857.42878671896
-4857.38382543199
-4857.32238783997
-4857.23916576513
-4857.1309236337
-4857.0143393559
-4856.94782303285
-4857.01323713388
-4857.23677100818
-4857.53680710074
-4857.78530596478
-4857.93628334296
-4857.97053294113
-4857.97494547999
-4857.95779600389
-4857.84888980088
-4857.57867025511
-4856.80349580499
-4855.06370636317
-4853.2841463945
-4853.53919414147
-4855.06400595506
-4856.10083555345
-4856.52972810843
-4856.696624345
-4856.7676820673
-4856.79550361516
-4856.7937736729
-4856.76311737317
-4856.70016437854
-4856.60137052322
-4856.45966930163
-4856.25726087216
-4855.95845507981
-4855.53582640122
-4855.0886857513
-4855.02425877324
-4855.81029223977
-4857.03935491292
-4857.79812322164
-4858.07280751971
-4858.1605648812
-4858.20489775584
-4858.20530066092
-4858.18453697816
-4858.09774365228
-4857.96019650833
-4857.74868125969
-4857.48836613937
-4857.25048869479
-4857.03987562557
-4856.8604570356
-4856.60409271602
-4856.13950660763
-4855.56798552161
-4855.31776006637
-4855.6687664151
-4856.42995629726
-4857.02074709284
-4857.25816858486
-4857.32544979524
-4857.34239604178
-4857.3455347311
-4857.34414725479
-4857.33903640601
-4857.32638916655
-4857.29695585817
-4857.23375987325
-4857.11540890486
-4856.93273581026
-4856.71005691974
-4856.49979203822
-4856.3647617743
-4856.35001726583
-4856.45216942912
-4856.64154052296
-4856.75174118564
-4856.79353973511
-4856.80978275891
-4856.81329969738
-4856.8053343995
-4856.83988690108
-4856.89765203339
-4856.97551396504
-4857.06571265428
-4857.15999268906
-4857.2531855675
-4857.34259007382
-4857.42465811564
-4857.49313792442
-4857.53887747638
-4857.55541735762
-4857.54497555569
-4857.51123633211
-4857.43688175138
-4857.25668288257
-4856.89084421565
-4856.3010304216
-4855.73812997858
-4855.50359014292
-4855.67072223509
-4856.07666203052
-4856.46251947459
-4856.73082873234
-4856.89048711636
-4856.98072172483
-4857.03075881029
-4857.05386321811
-4857.04641003195
-4857.00687408774
-4856.90012252277
-4856.58005025714
-4855.68030406932
-4854.02960069476
-4852.69040606087
-4852.54027602064
-4853.2740649432
-4854.64062922676
-4855.86688788408
-4856.58514784256
-4856.93622093981
-4857.11489881985
-4857.21363443722
-4857.2611614157
-4857.27536809362
-4857.26129187793
-4857.21374237452
-4857.11467720561
-4856.93168580245
-4856.63066135313
-4856.22177562943
-4855.81799675464
-4855.62503241393
-4855.7977052891
-4856.28205444938
-4856.85439638416
-4857.30754974831
-4857.59044248307
-4857.75429177205
-4857.84740467937
-4857.89475691057
-4857.90823843918
-4857.89390620536
-4857.85272233239
-4857.78007763471
-4857.66670872719
-4857.50539117611
-4857.30572427505
-4857.09820296157
-4856.943953798
-4856.82069320246
-4856.64474866075
-4855.63352559827
-4853.30274568231
-4852.64845587633
-4854.36014837102
-4855.57211156517
-4855.97395586581
-4856.12264322121
-4856.21986847572
-4856.29146518905
-4856.41539059885
-4856.54898210542
-4856.66089559761
-4856.7336140228
-4856.76859863653
-4856.77364008856
-4856.74983817493
-4856.68010139464
-4856.51216090827
-4856.14217668872
-4855.4873135423
-4854.8086965884
-4854.87913560311
-4856.00412937265
-4857.26669701376
-4857.94495825868
-4858.19788297709
-4858.28010801274
-4858.30067345911
-4858.29441845837
-4858.29046155369
-4858.25393028088
-4858.15369312263
-4857.91350926942
-4857.60174204824
-4857.26359758179
-4856.97313002626
-4856.77228580896
-4856.65563583977
-4856.59301276926
-4856.5536882844
-4856.51422762783
-4856.45271060604
-4856.33528083663
-4856.11285493282
-4855.7657713921
-4855.41121258766
-4855.33007462526
-4855.68971861786
-4856.27061611074
-4856.74692200332
-4857.03220829431
-4857.19225849495
-4857.29215788683
-4857.36276890362
-4857.41442047218
-4857.44963532752
-4857.47067576424
-4857.48219653037
-4857.49046136617
-4857.49959588198
-4857.50873741919
-4857.51119269103
-4857.49694657615
-4857.45557510439
-4857.40074503937
-4857.28668691608
-4857.11418328652
-4856.84075023633
-4856.47914877762
-4856.20888718843
-4856.13030977
-4856.24818776036
-4856.46139059435
-4856.66301155459
-4856.80625070316
-4856.89320329675
-4856.94265624273
-4856.97061134081
-4856.98482880593
-4856.98283919829
-4856.94614525673
-4856.82285778882
-4856.5007087157
-4855.85196818348
-4855.05128342052
-4854.84802940495
-4855.50241655291
-4856.39070376581
-4856.9648488228
-4857.25891799217
-4857.45178215548
-4857.57899731069
-4857.67595483921
-4857.7332330413
-4857.76015097265
-4857.76207967033
-4857.74157070128
-4857.69856094284
-4857.63192472958
-4857.54002311892
-4857.41797274556
-4857.24562261725
-4856.96060940037
-4856.45386811374
-4855.7571253531
-4855.24986855634
-4855.15440753317
-4855.28979535154
-4855.45943101533
-4855.58359831894
-4855.65258705733
-4855.67944960399
-4855.67570992811
-4855.64090892143
-4855.55641709264
-4855.38339684232
-4855.08858626538
-4854.75730259178
-4854.74376572393
-4855.40018582607
-4856.33956055754
-4856.87919141096
-4857.07822688002
-4857.10621546165
-4857.12136162242
-4857.08427761582
-4857.05793392184
-4857.00705973845
-4856.94578473532
-4856.88222689187
-4856.81587738511
-4856.74208467306
-4856.65654393529
-4856.56219899669
-4856.48445053039
-4856.48123675873
-4856.57952816994
-4856.69636035527
-4856.75718066504
-4856.77622764667
-4856.77446969369
-4856.73100505428
-4856.60133646988
-4856.42132303662
-4856.33627723354
-4856.42633624756
-4856.63609497051
-4856.86997723992
-4857.07068896737
-4857.22477533445
-4857.33935540126
-4857.42489238687
-4857.4887756156
-4857.53454814582
-4857.56254991273
-4857.57009824691
-4857.54908846037
-4857.47769768419
-4857.32673543016
-4856.93832609057
-4856.21882320799
-4855.35150256307
-4855.17723580305
-4855.73260114102
-4856.34200516219
-4856.58991368856
-4856.66273484966
-4856.66750996327
-4856.70203977335
-4856.80076715175
-4856.96068301688
-4857.1682850847
-4857.36984722265
-4857.538631433
-4857.68369073055
-4857.82063516563
-4857.94336687676
-4858.03639932619
-4858.1016497521
-4858.14615089419
-4858.17203519529
-4858.17666764642
-4858.15473254924
-4858.09962393552
-4858.00494101357
-4857.86793486775
-4857.69840430444
-4857.51532804742
-4857.31968739521
-4857.12793552735
-4856.83452872154
-4856.40253451781
-4855.62051139366
-4855.01574031715
-4855.36301130547
-4856.02206258729
-4856.40624107225
-4856.55908790167
-4856.61279920857
-4856.62015080555
-4856.6020831008
-4856.55803500543
-4856.46620680405
-4856.28603330194
-4855.98778285373
-4855.61709139367
-4855.29768020883
-4855.14038971946
-4855.09047349746
-4854.99542303092
-4854.92215106037
-4854.89602811136
-4855.3010802465
-4856.19029007987
-4856.93674911413
-4857.26346397955
-4857.3805002094
-4857.42396890833
-4857.4386040677
-4857.43435990057
-4857.40546570114
-4857.33246744787
-4857.18155565189
-4856.91979538109
-4856.57026650965
-4856.25339573688
-4856.08273187008
-4856.102018521
-4856.1716450212
-4856.46467380273
-4856.89558891415
-4857.48286353734
-4857.93653472719
-4858.18093177105
-4858.29620435014
-4858.34910761426
-4858.36854126221
-4858.36444432485
-4858.33882008655
-4858.28866614059
-4858.20524977032
-4858.07110420059
-4857.86226625916
-4857.5717804622
-4857.28424059709
-4857.07649382394
-4856.9417942198
-4856.81256454969
-4856.69429168495
-4856.67402582681
-4856.69598866559
-4856.72148858621
-4856.73250052663
-4856.72471673937
-4856.69609249942
-4856.64376427581
-4856.56072808288
-4856.42867312523
-4856.2086130861
-4855.83159663657
-4855.21261943365
-4854.37351229535
-4853.60409536112
-4853.27329960774
-4853.42993078596
-4853.80826771044
-4854.15297159847
-4854.37739361858
-4854.50157027308
-4854.56622654841
-4854.59917654729
-4854.61183719884
-4854.59894406152
-4854.52138486477
-4854.23175625023
-4853.37043433294
-4851.92560682428
-4851.67615341163
-4853.58304419204
-4855.25858037158
-4855.88747561257
-4856.06314650737
-4856.05561464894
-4856.06290310559
-4856.00761679156
-4855.94580932865
-4855.85436451193
-4855.76677765275
-4855.69684428817
-4855.63399672713
-4855.56055488408
-4855.46029437819
-4855.31258793298
-4855.077835936
-4854.68629225861
-4854.08222233062
-4853.38322792926
-4852.9501754325
-4853.06139166964
-4853.58782457434
-4854.18516698236
-4854.643887008
-4854.9428406918
-4855.1298703474
-4855.24937587401
-4855.33487091926
-4855.41922308551
-4855.53819106534
-4855.7172498691
-4855.9433029338
-4856.19088426173
-4856.32268225967
-4856.38670190162
-4856.4212192085
-4856.40086018228
-4856.4603372047
-4856.4484496192
-4856.52955157411
-4856.68345716572
-4856.89907555237
-4857.11452612632
-4857.27296675758
-4857.36958775021
-4857.42657613383
-4857.48500666238
-4857.50450018628
-4857.48858748203
-4857.46820135625
-4857.39322674041
-4857.22067023009
-4856.90765653029
-4856.48128897043
-4856.13564316494
-4856.12345127275
-4856.43298070733
-4856.81994360948
-4857.13510947825
-4857.37975873524
-4857.60961195479
-4857.78301500605
-4857.89576559751
-4857.98857808702
-4858.04137423053
-4858.06227263944
-4858.05588782395
-4858.01624792104
-4857.91141887747
-4857.63484009958
-4856.90566386405
-4855.47881104029
-4854.21837050181
-4853.947226412
-4854.04710137957
-4854.44623748309
-4855.39776609391
-4856.35305179466
-4856.82982196972
-4856.99290981817
-4857.03600183324
-4857.0377525479
-4857.01776843875
-4856.97505854866
-4856.89945088604
-4856.77205734123
-4856.56766344278
-4856.27851935823
-4855.97175470835
-4855.8204749605
-4855.96583260664
-4856.330229966
-4856.71127028728
-4857.00006865554
-4857.18933194953
-4857.31992778398
-4857.425817629
-4857.51906729918
-4857.60003504079
-4857.66763906003
-4857.72348242131
-4857.77171314703
-4857.81825134686
-4857.8624343158
-4857.90149935108
-4857.9229784302
-4857.92496239104
-4857.89481089973
-4857.81182240843
-4857.65466605414
-4857.42905720314
-4857.19841354127
-4857.0580318101
-4857.05227336595
-4857.08164391513
-4857.08866370073
-4857.03955991136
-4857.00450982874
-4857.01439806415
-4857.16379955093
-4857.42430278754
-4857.66573486338
-4857.81330843008
-4857.87846357155
-4857.89964160723
-4857.90477459872
-4857.90569158343
-4857.90016150456
-4857.86570158145
-4857.73125884986
-4857.33611241483
-4856.56952751621
-4855.80374925335
-4855.54662382571
-4855.69256478219
-4855.78721412419
-4855.82684102594
-4855.87467322114
-4856.11794850543
-4856.70910265483
-4857.40498203911
-4857.84368905154
-4858.02488941138
-4858.07694068782
-4858.08313473383
-4858.07624811643
-4858.06213721318
-4858.03217705654
-4857.96610288839
-4857.8364550992
-4857.6289404111
-4857.37770103488
-4857.16464299705
-4857.03917696488
-4856.96927334958
-4856.95193326363
-4856.87073664065
-4856.6410494766
-4856.00589804392
-4855.27149997891
-4855.2092427078
-4855.97929329873
-4856.75959687469
-4857.09143063975
-4857.18105014639
-4857.20821747713
-4857.22108851287
-4857.22060356313
-4857.19184923218
-4857.1151356761
-4856.98045736885
-4856.8070670978
-4856.67891535102
-4856.55929836944
-4856.44199963145
-4856.23627819274
-4855.81569260114
-4855.30417654637
-4855.04384833334
-4855.47310794453
-4856.36381918837
-4857.10192306067
-4857.51509984092
-4857.71819134241
-4857.81393966866
-4857.85359760216
-4857.8625917983
-4857.85469806993
-4857.83693616192
-4857.81027709919
-4857.76470027104
-4857.67230106102
-4857.49506762532
-4857.23707615074
-4856.97170373474
-4856.78067660402
-4856.7059964383
-4856.74566016357
-4856.86987564216
-4857.04724919934
-4857.25100487075
-4857.44852867529
-4857.60456510846
-4857.70581198319
-4857.76379825151
-4857.79625285336
-4857.81170207489
-4857.8195292464
-4857.74821596619
-4857.59403783843
-4857.27658036864
-4856.75182053657
-4856.11673713019
-4855.58868898464
-4855.27613769353
-4855.07954410306
-4855.0963340494
-4855.48159808309
-4855.9825744738
-4856.37782188388
-4856.61643825002
-4856.74630057287
-4856.81807075852
-4856.85868309867
-4856.87639405948
-4856.86790102221
-4856.82194948939
-4856.71972427783
-4856.52856337904
-4856.19302683624
-4855.75413990441
-4855.68256779907
-4856.23901550653
-4856.85033161039
-4857.1445071771
-4857.33272118625
-4857.50777363074
-4857.73539312253
-4857.94923356874
-4858.11292962814
-4858.21549291913
-4858.2671524998
-4858.28420720157
-4858.27945104939
-4858.2566084934
-4858.20495016094
-4858.08372389327
-4857.80608181921
-4857.31737227345
-4856.78956786978
-4856.48719380055
-4856.36972985491
-4856.31365930272
-4856.25622186183
-4856.18492103026
-4856.23278927063
-4856.39930970647
-4856.61131596906
-4856.78629584323
-4856.89714404735
-4856.9571073816
-4856.98772021882
-4857.00383716581
-4857.01010391721
-4856.99709237548
-4856.93100746883
-4856.73871386935
-4856.32286597504
-4855.69930760742
-4855.20544946702
-4855.13896141083
-4855.51005783257
-4856.12296493941
-4856.77285381583
-4857.22312472355
-4857.47306245423
-4857.65430841271
-4857.78926888833
-4857.90734483919
-4857.98285356381
-4858.02328690239
-4858.0340658233
-4858.01834074842
-4857.97557943172
-4857.90032746354
-4857.77371101655
-4857.5338119389
-4857.0215776329
-4856.00821540773
-4854.93701385379
-4854.60893108136
-4854.99374274619
-4855.5913769953
-4856.09740266688
-4856.47377633219
-4856.73255408168
-4856.89512625594
-4856.98734370526
-4857.03193277714
-4857.04395979017
-4857.02882078344
-4856.97980242015
-4856.87137298653
-4856.64328489043
-4856.18698835801
-4855.43111303096
-4854.65226280515
-4854.45740499203
-4855.05275504002
-4855.82157793745
-4856.36074233427
-4856.74721196407
-4856.99817658783
-4857.13878147606
-4857.19693587287
-4857.21341322006
-4857.20652860451
-4857.18324933433
-4857.14634307889
-4857.09805716246
-4857.0436662186
-4856.99434547377
-4856.96500504643
-4856.98536088428
-4857.0029207114
-4857.00867213524
-4856.98849706017
-4856.93122142748
-4856.82918534188
-4856.76759812639
-4856.76965019704
-4856.86483774009
-4857.03022323824
-4857.20410039464
-4857.33739153004
-4857.41874735486
-4857.46017997372
-4857.47615726151
-4857.47214911962
-4857.43707667882
-4857.32962457421
-4857.05744467212
-4856.50920987613
-4855.80590293813
-4855.54209461467
-4856.02042919402
-4856.59718636206
-4856.79536776873
-4856.84593314716
-4856.94941816773
-4857.15229256071
-4857.41341642665
-4857.66371751853
-4857.8570845934
-4857.98249377805
-4858.05685390666
-4858.10373607826
-4858.14167864732
-4858.1817994671
-4858.22513548954
-4858.26628612276
-4858.30127940848
-4858.32748441546
-4858.34090474972
-4858.33467796487
-4858.29938643485
-4858.22255447045
-4858.08855896754
-4857.87761924684
-4857.56456507172
-4857.16472429994
-4856.70572194158
-4856.26152394311
-4856.04700202484
-4856.34509795317
-4856.98125375828
-4857.53155176272
-4857.83154442155
-4857.94302506102
-4857.97632646858
-4857.98743712694
-4857.98828603602
-4857.97599856444
-4857.94203074758
-4857.87411475359
-4857.76308968658
-4857.61191428603
-4857.43945900131
-4857.27069878412
-4857.1457001177
-4856.94563326316
-4856.62560527347
-4856.11983108427
-4855.78797700143
-4856.09019941171
-4856.78509608436
-4857.33289832711
-4857.60421557342
-4857.70897534737
-4857.74203885946
-4857.74426522816
-4857.72488923695
-4857.6791619347
-4857.59966202646
-4857.48892616879
-4857.3661932694
-4857.25861142148
-4857.18195511031
-4857.13263138429
-4857.13763114125
-4857.108386084
-4857.04346634541
-4857.01472565455
-4856.97985608547
-4856.93496772558
-4856.88037593085
-4856.82863936518
-4856.80348856426
-4856.81329457791
-4856.84134041323
-4856.86758635633
-4856.88085916295
-4856.87496141718
-4856.82717851154
-4856.64594974821
-4856.18922809948
-4855.44957570635
-4854.84123175911
-4855.06052843909
-4856.09420298879
-4857.12734829649
-4857.74072936417
-4858.05636537911
-4858.16337432875
-4858.20168591754
-4858.22732107726
-4858.21484571691
-4858.19651746313
-4858.14336096435
-4858.04716458423
-4857.89920558234
-4857.69415990444
-4857.43597558905
-4857.13477678529
-4856.83608616563
-4856.44853009392
-4856.00795800529
-4855.55796250193
-4855.43591264924
-4855.71046583989
-4856.18099112625
-4856.58120528094
-4856.82021603703
-4856.93696897612
-4856.99236609289
-4857.02530392403
-4857.05351335006
-4857.08563075153
-4857.13367471707
-4857.21616756977
-4857.32257875979
-4857.41376468816
-4857.47565095147
-4857.51443768299
-4857.53729526403
-4857.54753870612
-4857.54490714307
-4857.52387341344
-4857.46754842921
-4857.33686820328
-4857.06558623879
-4856.60750970021
-4856.11669420969
-4855.80294285088
-4855.67276720939
-4855.54367376727
-4855.4005118523
-4855.47237139886
-4855.78452076682
-4856.09657460925
-4856.30692495277
-4856.42028359309
-4856.47168572618
-4856.48757005548
-4856.4787978211
-4856.43945311139
-4856.32454005281
-4855.87703370903
-4853.85545687939
-4850.44518841886
-4851.29266606433
-4853.4667951653
-4854.14090499126
-4854.39405939749
-4854.63595678035
-4855.01521307873
-4855.51917829081
-4855.96862506216
-4856.26611747297
-4856.43176145374
-4856.51972890429
-4856.56751731966
-4856.59067429928
-4856.58902238673
-4856.55384599438
-4856.480119988
-4856.3902842708
-4856.36204169779
-4856.50235773909
-4856.82319994023
-4857.18155257321
-4857.45372361996
-4857.6457539955
-4857.80036303043
-4857.93281780115
-4858.0402549923
-4858.11935509046
-4858.16934012229
-4858.19196661476
-4858.18729662125
-4858.14784858388
-4858.04574783921
-4857.80331480989
-4857.26333802014
-4856.34083147537
-4855.37767728679
-4854.89764373703
-4854.80123565016
-4854.9432154646
-4855.34250008296
-4855.96217895085
-4856.51294156238
-4856.85522029379
-4857.01395080391
-4857.07041640171
-4857.07979576201
-4857.06649047967
-4857.03569078114
-4856.98066344507
-4856.88745149721
-4856.7433280294
-4856.55567673571
-4856.37483361821
-4856.28346823844
-4856.33754421523
-4856.39944641335
-4856.43884381693
-4856.52920616655
-4856.76747655598
-4857.15676938493
-4857.48505709296
-4857.69098136526
-4857.85136038819
-4857.99438166848
-4858.0976796664
-4858.1515184245
-4858.17603744677
-4858.18017834601
-4858.16705143675
-4858.13430085321
-4858.07375810404
-4857.97193783685
-4857.81215199111
-4857.58465563667
-4857.30555032762
-4857.02631106273
-4856.83181841057
-4856.69678327213
-4856.6149689469
-4856.61878876107
-4856.7703172431
-4857.12437836792
-4857.5329345665
-4857.82661071031
-4857.96865782723
-4858.02486048018
-4858.04827300337
-4858.05917606928
-4858.05958450462
-4858.04060464683
-4857.98249302497
-4857.85504151604
-4857.62756595989
-4857.30206500474
-4856.93871419782
-4856.64991851888
-4856.45507769647
-4856.25009695861
-4855.03846904288
-4852.38378879069
-4852.87204969918
-4856.09255635614
-4857.42498195824
-4857.68599023235
-4857.7447548287
-4857.75621084701
-4857.7445054586
-4857.71023990786
-4857.64296686677
-4857.52217354501
-4857.32073439119
-4857.01990602293
-4856.63351326484
-4856.22097406384
-4855.87662245437
-4855.70669063576
-4855.78584607867
-4856.09221048617
-4856.50244985444
-4856.87967474252
-4857.154527765
-4857.32850471389
-4857.43083311603
-4857.48773016498
-4857.51500037277
-4857.51954915298
-4857.49958833043
-4857.45488793871
-4857.30983500857
-4856.95120675731
-4856.01418358059
-4854.87586082167
-4854.81270834076
-4855.70710068626
-4856.67989808484
-4857.32057560706
-4857.67760382509
-4857.87157942174
-4857.97729441335
-4858.03250191012
-4858.05471435831
-4858.04955481921
-4858.01222884551
-4857.92599807984
-4857.75911204507
-4857.46709444513
-4857.02177762045
-4856.51206181424
-4856.04046590349
-4855.73569871987
-4855.61830334033
-4855.69470333874
-4856.04588142971
-4856.5146968064
-4856.87653546323
-4857.05873593221
-4857.1329058699
-4857.16343794939
-4857.17677061488
-4857.17776002076
-4857.15781177778
-4857.09359835422
-4856.94412615998
-4856.65657930304
-4856.22121059777
-4855.77114994058
-4855.57977369545
-4855.67853364665
-4855.93878650694
-4856.41224199197
-4857.07115145964
-4857.5309795962
-4857.78173283451
-4857.91765203706
-4857.99895838475
-4858.04746494457
-4858.06973959954
-4858.06584482636
-4858.03321922886
-4857.96863370267
-4857.86884756969
-4857.73015080121
-4857.54916188825
-4857.32012699358
-4857.00784089186
-4856.50881456469
-4855.80946861084
-4855.30881226805
-4855.43375401881
-4855.99987191922
-4856.53503816285
-4856.84852461409
-4856.98966856111
-4857.03952268515
-4857.04718917708
-4857.05608778734
-4857.03241997278
-4856.99656820456
-4856.91496843979
-4856.69764908784
-4856.36759287636
-4856.01047326039
-4855.8236857078
-4855.88609724564
-4856.0737398092
-4856.25595031852
-4856.35811262518
-4856.37402299909
-4856.32866224911
-4856.2621049185
-4856.22422741287
-4856.23453326221
-4856.30542159338
-4856.42807541217
-4856.52300790969
-4856.59081100408
-4856.64049453557
-4856.65953476638
-4856.68330650773
-4856.69103539107
-4856.67174051632
-4856.59781673599
-4856.4258739824
-4856.13384710557
-4855.82499530509
-4855.77820154233
-4856.17295449647
-4856.7861609438
-4857.29727686086
-4857.62968003985
-4857.84296904934
-4857.98929627945
-4858.09065890483
-4858.15485613555
-4858.18645744892
-4858.18899802823
-4858.16286224385
-4858.10101418859
-4857.97964650432
-4857.73017720682
-4857.17228421394
-4856.03384741217
-4854.61500262899
-4854.05867683572
-4854.57810730267
-4855.35374358583
-4855.89456728304
-4856.18489901654
-4856.32683827843
-4856.39274224959
-4856.4176941108
-4856.41544710261
-4856.39042689323
-4856.34441579623
-4856.28104476411
-4856.20530763839
-4856.10616095214
-4855.91277311006
-4855.52349804218
-4854.89319139015
-4854.57465050894
-4855.01290672884
-4855.7301371085
-4856.26713935524
-4856.57449769119
-4856.74463248381
-4856.85035144938
-4856.92767105172
-4856.990962893
-4857.04251749029
-4857.07884949788
-4857.09647992333
-4857.09233500295
-4857.06203241042
-4856.99519939279
-4856.86985841423
-4856.64579250503
-4856.26586041372
-4855.70314051066
-4855.1040966264
-4854.87881466174
-4855.34339394786
-4856.19555657281
-4856.85922999856
-4857.1874241769
-4857.322012887
-4857.37478532908
-4857.39156653878
-4857.38761295701
-4857.36327433824
-4857.33204998489
-4857.22134221224
-4856.9822286666
-4856.66150102218
-4856.38997706551
-4856.25248873732
-4856.24434332185
-4856.27765773175
-4856.34053151181
-4856.58220880061
-4857.06150558572
-4857.59214000855
-4857.84937003346
-4857.94706388004
-4857.96751550339
-4857.982637893
-4857.98461061646
-4857.97336477274
-4857.93652329771
-4857.84213747488
-4857.63087610529
-4857.24329353184
-4856.74135180223
-4856.40743942713
-4856.47477695057
-4856.78461746966
-4857.00226902627
-4857.15031506035
-4857.3244893533
-4857.54353083747
-4857.83676843564
-4858.13439396037
-4858.34120891421
-4858.43651513958
-4858.47298584563
-4858.48739013564
-4858.49055800481
-4858.48166509437
-4858.45443624977
-4858.40011263616
-4858.31149754881
-4858.18881192561
-4858.04454858901
-4857.9396366259
-4857.87216122568
-4857.8200712215
-4857.66203069636
-4857.38687367869
-4857.1885386771
-4857.14722935849
-4857.23893027314
-4857.36975451668
-4857.47264904897
-4857.52969669908
-4857.54768445133
-4857.53682546039
-4857.49971869924
-4857.42227590017
-4857.24896919865
-4856.81679171826
-4855.86403104208
-4854.67975064507
-4854.36558188845
-4855.01231431998
-4855.76594716822
-4856.25391595036
-4856.53337291992
-4856.70181538846
-4856.81133335691
-4856.88511910663
-4856.93275866626
-4856.95721384391
-4856.95778079921
-4856.93224415086
-4856.87550704464
-4856.76978948195
-4856.59724216497
-4856.31856107008
-4855.94173577792
-4855.27984811126
-4854.50806595475
-4854.37300849665
-4854.81694448579
-4855.28772243495
-4855.5828886424
-4855.73218386903
-4855.79825516644
-4855.81887894637
-4855.80961963658
-4855.77282169326
-4855.70385582792
-4855.5964683056
-4855.44873110545
-4855.26639987685
-4855.05995768358
-4854.88834707017
-4854.64244456177
-4854.37014619784
-4854.10583190498
-4854.21869232088
-4854.82591187543
-4855.63939403144
-4856.28744751378
-4856.69098827252
-4856.92721554203
-4857.06790241736
-4857.15253837385
-4857.19964342331
-4857.21732806252
-4857.20807308781
-4857.16986446443
-4857.09341039602
-4857.00423486426
-4856.76589897214
-4856.34353469033
-4855.83310758321
-4855.38575298826
-4855.06611323511
-4855.02649244914
-4855.42746381922
-4856.05841253499
-4856.55331080065
-4856.83818423312
-4856.97612585296
-4857.03798135638
-4857.0580705813
-4857.0706295061
-4857.03995177229
-4856.98240911801
-4856.88876912977
-4856.7465011032
-4856.63699213869
-4856.56516928607
-4856.54425991147
-4856.57899406043
-4856.66800957716
-4856.79549209437
-4856.92951324327
-4857.03884064153
-4857.1131042986
-4857.16109373978
-4857.19343068466
-4857.21129420397
-4857.20894671865
-4857.19109511578
-4857.17708639129
-4857.18632107861
-4857.22920575903
-4857.3021034402
-4857.38615713909
-4857.47296242336
-4857.50511394888
-4857.50813695299
-4857.47865927338
-4857.35883722505
-4857.1350854637
-4856.7443118332
-4856.25613356345
-4855.89430997193
-4855.95982563611
-4856.43953224619
-4856.98648802584
-4857.29062395221
-4857.4000496382
-4857.43083943198
-4857.4414278479
-4857.44516201169
-4857.43029205969
-4857.36755205274
-4857.21357201529
-4856.90624979369
-4856.33971843486
-4855.39976992247
-4854.39241220629
-4854.49861263984
-4855.81920588155
-4856.73231532274
-4856.9757539549
-4857.04881678034
-4857.10337010582
-4857.12801367142
-4857.15273143298
-4857.15510579468
-4857.13468721273
-4857.08980774264
-4857.01663034426
-4856.90457941368
-4856.72461301042
-4856.41269016242
-4855.88733980404
-4855.20399974101
-4854.7126294577
-4854.8202007899
-4855.45755499775
-4856.15280893453
-4856.57017665194
-4856.73006800485
-4856.77113443087
-4856.79626847084
-4856.78112618691
-4856.7449361399
-4856.63742969002
-4856.47861183096
-4856.2841626855
-4856.0777325919
-4855.93981120398
-4855.87884792147
-4855.92784577082
-4856.07504789926
-4856.33533687531
-4856.60458657663
-4856.8230824834
-4856.97082447676
-4857.07081656604
-4857.15041396993
-4857.2199368399
-4857.2778253418
-4857.31906252255
-4857.34208161554
-4857.3554170335
-4857.37538557747
-4857.41068075871
-4857.45238141767
-4857.48410043607
-4857.49773454766
-4857.48419362361
-4857.41257015772
-4857.25869513169
-4857.07604042718
-4856.97983267622
-4857.03146563545
-4857.18032797596
-4857.33767232452
-4857.45325666932
-4857.52058581309
-4857.55061287728
-4857.55336973503
-4857.52950350111
-4857.46458649552
-4857.32235705741
-4857.0470808361
-4856.61169251759
-4856.10853426834
-4855.70470067223
-4855.49854391839
-4855.35196672887
-4855.20633969521
-4855.02540067847
-4854.98911733826
-4855.47992875978
-4856.25658132462
-4856.75602964243
-4856.92144365977
-4856.96034862582
-4856.96908707453
-4856.9704522878
-4856.96355274273
-4856.93510060918
-4856.85801271555
-4856.69309637292
-4856.41438260368
-4856.09907092287
-4855.8551648006
-4855.78720639976
-4855.98968059309
-4856.4457923277
-4856.98479108443
-4857.42584714093
-4857.73555147853
-4857.91218227635
-4858.00047830684
-4858.04843901131
-4858.05510992284
-4858.03771842953
-4858.00431796274
-4857.95462796484
-4857.88472419285
-4857.7879348546
-4857.65444143717
-4857.47257303333
-4857.2358180549
-4856.95880915979
-4856.6965127561
-4856.54237147083
-4856.58075251604
-4856.81677666593
-4857.15621763217
-4857.46763095635
-4857.67321112455
-4857.77984664656
-4857.83057910443
-4857.85747750935
-4857.87374465603
-4857.88120451915
-4857.87518139344
-4857.8417729825
-4857.73606534127
-4857.40566274887
-4856.55544960369
-4855.41906777315
-4854.90793721163
-4855.24216744199
-4855.96184235254
-4856.62234556448
-4857.02538128707
-4857.23490102089
-4857.36549072503
-4857.43643315254
-4857.46922627356
-4857.47270536941
-4857.4465567459
-4857.3789346863
-4857.23853940165
-4856.96301601632
-4856.47159092236
-4855.7926923892
-4855.29292929828
-4855.42633216517
-4856.04810201634
-4856.5605780361
-4856.83820806314
-4857.0133569092
-4857.12853874673
-4857.24903439164
-4857.33832229226
-4857.39458740155
-4857.41946908178
-4857.41623918034
-4857.3864075375
-4857.32559742999
-4857.21532102405
-4857.00491456664
-4856.57027294995
-4855.72771324537
-4854.60603778124
-4853.64622268897
-4853.02446445153
-4853.69554323004
-4855.41109440799
-4856.5410559965
-4856.94157503812
-4857.06625453574
-4857.11090495821
-4857.1230272422
-4857.11311127121
-4857.08740394788
-4857.0625640454
-4857.07548658236
-4857.16809689168
-4857.34173289843
-4857.53359807853
-4857.66917666911
-4857.75232488905
-4857.76521341476
-4857.76461458295
-4857.70645176817
-4857.59165123704
-4857.33330485198
-4856.88682493721
-4856.28836334489
-4855.69769321748
-4855.30741651887
-4855.20183138952
-4855.30898811908
-4855.51262853607
-4855.72889865345
-4855.91754397551
-4856.06818561051
-4856.18786985876
-4856.28815568846
-4856.37646235507
-4856.45510481006
-4856.52351335661
-4856.58029688536
-4856.62438459053
-4856.6551672636
-4856.6721100668
-4856.67383714531
-4856.65985370374
-4856.64165371826
-4856.64497593525
-4856.68684261189
-4856.80106707209
-4856.86460178826
-4856.86796320276
-4856.89308766817
-4856.90093646246
-4856.89802682112
-4856.90624333765
-4856.95551355017
-4857.055743969
-4857.18918730027
-4857.32764406043
-4857.44708141221
-4857.53361921521
-4857.58564995539
-4857.61091711458
-4857.61538223823
-4857.58975015949
-4857.49632137527
-4857.26479022183
-4856.83393612152
-4856.31156422191
-4855.96307802938
-4855.97144915606
-4856.24310004747
-4856.67569062398
-4857.03577871417
-4857.27925286304
-4857.44902419951
-4857.55610348047
-4857.62121065889
-4857.65613671586
-4857.66775387614
-4857.65671612676
-4857.61224983212
-4857.49076497632
-4857.13233894778
-4856.08217322095
-4854.21123429619
-4853.50641796497
-4854.55514196424
-4855.26976206309
-4855.40544621808
-4855.56035470163
-4855.71134510714
-4856.00145100368
-4856.33032717363
-4856.61367273688
-4856.80108947562
-4856.90156060117
-4856.94505804876
-4856.95486581609
-4856.93700706606
-4856.87546501906
-4856.72552931586
-4856.41394204865
-4855.88332459947
-4855.2610749438
-4854.82570899642
-4854.96078060525
-4855.79075734325
-4856.67955157104
-4857.12204729049
-4857.30196882665
-4857.40638309153
-4857.48564824644
-4857.55124605983
-4857.61032848985
-4857.66533947647
-4857.70897554179
-4857.73262179756
-4857.73174464235
-4857.70117280863
-4857.62551844443
-4857.46338072226
-4857.12478741629
-4856.52696804573
-4855.74997423791
-4855.17759856162
-4854.77158167025
-4854.4709355896
-4854.69138553909
-4855.51095990972
-4856.24635634867
-4856.65028837981
-4856.82691298937
-4856.91615404642
