Zn  -0.000052  1.509426  1.218289  0  0  0
Zn  -1.307227  3.773519  1.218289  0  0  0
Zn  -2.614402  6.037613  1.218289  0  0  0
Zn  -3.921577  8.301706  1.218289  0  0  0
Zn  2.614298  1.509426  1.218289  0  0  0
Zn  1.307123  3.773519  1.218289  0  0  0
Zn  -0.000052  6.037613  1.218289  0  0  0
Zn  -1.307227  8.301706  1.218289  0  0  0
Zn  5.228648  1.509426  1.218289  0  0  0
Zn  3.921473  3.773519  1.218289  0  0  0
Zn  2.614298  6.037613  1.218289  0  0  0
Zn  1.307123  8.301706  1.218289  0  0  0
Zn  7.842998  1.509426  1.218289  0  0  0
Zn  6.535823  3.773519  1.218289  0  0  0
Zn  5.228648  6.037613  1.218289  0  0  0
Zn  3.921473  8.301706  1.218289  0  0  0
Zn  -0.000052  1.509426  3.654868  1  1  1
Zn  -1.307227  3.773519  3.654868  1  1  1
Zn  -2.614402  6.037613  3.654868  0  0  0
Zn  -3.921577  8.301706  3.654868  0  0  0
Zn  2.614298  1.509426  3.654868  1  1  1
Zn  1.307123  3.773519  3.654868  1  1  1
Zn  -0.000052  6.037613  3.654868  1  1  1
Zn  -1.307227  8.301706  3.654868  0  0  0
Zn  5.228648  1.509426  3.654868  1  1  1
Zn  3.921473  3.773519  3.654868  1  1  1
Zn  2.614298  6.037613  3.654868  1  1  1
Zn  1.307123  8.301706  3.654868  1  1  1
Zn  7.842998  1.509426  3.654868  0  0  0
Zn  6.535823  3.773519  3.654868  1  1  1
Zn  5.228648  6.037613  3.654868  1  1  1
Zn  3.921473  8.301706  3.654868  1  1  1
Zn  1.307227  0.754668  1.218289  0  0  0
Zn  0.000052  3.018761  1.218289  0  0  0
Zn  -1.307123  5.282855  1.218289  0  0  0
Zn  -2.614298  7.546948  1.218289  0  0  0
Zn  3.921577  0.754668  1.218289  0  0  0
Zn  2.614402  3.018761  1.218289  0  0  0
Zn  1.307227  5.282855  1.218289  0  0  0
Zn  0.000052  7.546948  1.218289  0  0  0
Zn  6.535927  0.754668  1.218289  0  0  0
Zn  5.228752  3.018761  1.218289  0  0  0
Zn  3.921577  5.282855  1.218289  0  0  0
Zn  2.614402  7.546948  1.218289  0  0  0
Zn  9.150277  0.754668  1.218289  0  0  0
Zn  7.843102  3.018761  1.218289  0  0  0
Zn  6.535927  5.282855  1.218289  0  0  0
Zn  5.228752  7.546948  1.218289  0  0  0
Zn  1.307227  0.754668  3.654868  1  1  1
Zn  0.000052  3.018761  3.654868  1  1  1
Zn  -1.307123  5.282855  3.654868  1  1  1
Zn  -2.614298  7.546948  3.654868  0  0  0
Zn  3.921577  0.754668  3.654868  1  1  1
Zn  2.614402  3.018761  3.654868  1  1  1
Zn  1.307227  5.282855  3.654868  1  1  1
Zn  0.000052  7.546948  3.654868  1  1  1
Zn  6.535927  0.754668  3.654868  0  0  0
Zn  5.228752  3.018761  3.654868  1  1  1
Zn  3.921577  5.282855  3.654868  1  1  1
Zn  2.614402  7.546948  3.654868  1  1  1
Zn  9.150277  0.754668  3.654868  0  0  0
Zn  7.843102  3.018761  3.654868  0  0  0
Zn  6.535927  5.282855  3.654868  1  1  1
Zn  5.228752  7.546948  3.654868  1  1  1
O  3.098737  4.415163  5.537521  1  1  1
H  3.212670  3.468320  5.715364  1  1  1
H  2.822871  4.786656  6.390174  1  1  1
