# Time-averaged data for fix msdoutY
# TimeStep c_msdO[3]
100 1.37851
200 1.37431
300 1.36671
400 1.35474
500 1.33694
600 1.31252
700 1.28359
800 1.25596
900 1.23916
1000 1.24767
1100 1.30229
1200 1.42556
1300 1.62619
1400 1.89262
1500 2.19665
1600 2.50349
1700 2.78449
1800 3.02459
1900 3.22185
2000 3.38231
2100 3.51418
2200 3.62426
2300 3.71743
2400 3.79807
2500 3.87119
2600 3.94378
2700 4.02707
2800 4.13538
2900 4.27689
3000 4.45014
3100 4.65958
3200 4.92186
3300 5.23154
3400 5.54721
3500 5.84118
3600 6.11844
3700 6.38831
3800 6.65107
3900 6.90241
4000 7.14014
4100 7.36512
4200 7.57927
4300 7.78565
4400 7.99293
4500 8.21908
4600 8.49257
4700 8.84482
4800 9.27551
4900 9.73521
5000 10.1684
5100 10.5475
5200 10.8728
5300 11.1529
5400 11.3935
5500 11.6006
5600 11.7802
5700 11.9365
5800 12.0728
5900 12.1915
6000 12.2948
6100 12.3851
6200 12.4646
6300 12.5326
6400 12.5829
6500 12.6005
6600 12.5592
6700 12.4477
6800 12.305
6900 12.1803
7000 12.0912
7100 12.0412
7200 12.0338
7300 12.0672
7400 12.1296
7500 12.206
7600 12.2878
7700 12.3757
7800 12.4805
7900 12.6227
8000 12.8314
8100 13.1394
8200 13.5754
8300 14.1545
8400 14.8678
8500 15.6637
8600 16.4322
8700 17.0539
8800 17.4862
8900 17.7639
9000 17.9377
9100 18.0416
9200 18.0943
9300 18.1044
9400 18.072
9500 17.9927
9600 17.8592
9700 17.6594
9800 17.3781
9900 17.0089
10000 16.5709
10100 16.1184
10200 15.7314
10300 15.4926
10400 15.4641
10500 15.6565
10600 16.0007
10700 16.397
10800 16.7738
10900 17.0998
11000 17.3678
11100 17.5824
11200 17.7553
11300 17.8995
11400 18.0301
11500 18.1645
11600 18.3227
11700 18.5262
11800 18.7961
11900 19.1515
12000 19.6072
12100 20.1658
12200 20.801
12300 21.4498
12400 22.0365
12500 22.5004
12600 22.8145
12700 22.9938
12800 23.0745
12900 23.0849
13000 23.0395
13100 22.9449
13200 22.8053
13300 22.625
13400 22.4125
13500 22.1862
13600 21.9767
13700 21.8295
13800 21.7998
13900 21.935
14000 22.2484
14100 22.7009
14200 23.2175
14300 23.7206
14400 24.1536
14500 24.4924
14600 24.7389
14700 24.9154
14800 25.059
14900 25.2111
15000 25.4039
15100 25.6594
15200 25.9946
15300 26.4315
15400 27.0188
15500 27.8384
15600 28.9227
15700 30.1267
15800 31.184
15900 31.9452
16000 32.4467
16100 32.7751
16200 32.9836
16300 33.0968
16400 33.1298
16500 33.0909
16600 32.9809
16700 32.7986
16800 32.5435
16900 32.2128
17000 31.8028
17100 31.3117
17200 30.741
17300 30.1042
17400 29.4374
17500 28.8036
17600 28.2685
17700 27.8544
17800 27.5486
17900 27.3399
18000 27.2193
18100 27.1681
18200 27.1537
18300 27.1409
18400 27.1055
18500 27.038
18600 26.9502
18700 26.8856
18800 26.9123
18900 27.0915
19000 27.4367
19100 27.8931
19200 28.3585
19300 28.7269
19400 28.9404
19500 29.0253
19600 29.0298
19700 28.9731
19800 28.8556
19900 28.6694
20000 28.4028
20100 28.0357
20200 27.5316
20300 26.8394
20400 25.9101
20500 24.7273
20600 23.3394
20700 21.8709
20800 20.4932
20900 19.3696
21000 18.6219
21100 18.3118
21200 18.3986
21300 18.7536
21400 19.2366
21500 19.7476
21600 20.2289
21700 20.6512
21800 20.9974
21900 21.2534
22000 21.4135
22100 21.4882
22200 21.4978
22300 21.4571
22400 21.373
22500 21.2461
22600 21.0716
22700 20.8393
22800 20.5327
22900 20.1262
23000 19.5837
23100 18.8806
23200 18.0454
23300 17.1791
23400 16.4155
23500 15.877
23600 15.6805
23700 15.9122
23800 16.535
23900 17.3781
24000 18.2493
24100 19.0253
24200 19.6585
24300 20.1497
24400 20.5187
24500 20.7875
24600 20.9733
24700 21.0872
24800 21.1361
24900 21.1233
25000 21.0446
25100 20.8809
25200 20.5956
25300 20.1437
25400 19.4976
25500 18.6782
25600 17.7883
25700 17.0267
25800 16.6286
25900 16.7082
26000 17.1563
26100 17.7518
26200 18.3134
26300 18.762
26400 19.1002
26500 19.3606
26600 19.573
26700 19.7575
26800 19.9299
26900 20.1023
27000 20.2852
27100 20.4896
27200 20.7312
27300 21.0267
27400 21.3788
27500 21.7665
27600 22.1621
27700 22.5493
27800 22.9162
27900 23.2511
28000 23.548
28100 23.8039
28200 24.0129
28300 24.1738
28400 24.2938
28500 24.3794
28600 24.4328
28700 24.4537
28800 24.4478
28900 24.4312
29000 24.4206
29100 24.4258
29200 24.4503
29300 24.4915
29400 24.5379
29500 24.5723
29600 24.5785
29700 24.538
29800 24.4207
29900 24.1857
30000 23.8552
30100 23.6228
30200 23.7364
30300 24.242
30400 24.9409
30500 25.618
30600 26.1741
30700 26.6016
30800 26.9197
30900 27.1448
31000 27.2852
31100 27.3437
31200 27.3199
31300 27.2101
31400 27.0077
31500 26.7059
31600 26.3043
31700 25.8201
31800 25.2976
31900 24.8038
32000 24.3997
32100 24.1043
32200 23.8929
32300 23.731
32400 23.5925
32500 23.4552
32600 23.3008
32700 23.1191
32800 22.9056
32900 22.6587
33000 22.3788
33100 22.0696
33200 21.7376
33300 21.3937
33400 21.0529
33500 20.7338
33600 20.4519
33700 20.2067
33800 19.9852
33900 19.7752
34000 19.5814
34100 19.4262
34200 19.3245
34300 19.2713
34400 19.2494
34500 19.2366
34600 19.2093
34700 19.1511
34800 19.0553
34900 18.9196
35000 18.7404
35100 18.5126
35200 18.2276
35300 17.8691
35400 17.4114
35500 16.8272
35600 16.1056
35700 15.2778
35800 14.4245
35900 13.6463
36000 13.0225
36100 12.5768
36200 12.2733
36300 12.0551
36400 11.8793
36500 11.7226
36600 11.5737
36700 11.4296
36800 11.2947
36900 11.1743
37000 11.0723
37100 10.9896
37200 10.9236
37300 10.8662
37400 10.8036
37500 10.7214
37600 10.6131
37700 10.4799
37800 10.3257
37900 10.154
38000 9.9678
38100 9.769
38200 9.55865
38300 9.33642
38400 9.10168
38500 8.85373
38600 8.59081
38700 8.31105
38800 8.01337
38900 7.69703
39000 7.36073
39100 7.00423
39200 6.63114
39300 6.24992
39400 5.87452
39500 5.52402
39600 5.21738
39700 4.96538
39800 4.7688
39900 4.62167
40000 4.51532
40100 4.43999
40200 4.38565
40300 4.34296
40400 4.30405
40500 4.2633
40600 4.21526
40700 4.15254
40800 4.06627
40900 3.95106
41000 3.80969
41100 3.6564
41200 3.51337
41300 3.39193
41400 3.28716
41500 3.18985
41600 3.09381
41700 2.99529
41800 2.8912
41900 2.77936
42000 2.65861
42100 2.52811
42200 2.38787
42300 2.23971
42400 2.0878
42500 1.93865
42600 1.8002
42700 1.68033
42800 1.58724
42900 1.52643
43000 1.49439
43100 1.48142
43200 1.47868
43300 1.48
43400 1.48119
43500 1.48055
43600 1.47916
43700 1.47966
43800 1.48506
43900 1.49917
44000 1.52718
44100 1.57442
44200 1.64442
44300 1.73762
44400 1.85151
44500 1.98193
44600 2.12456
44700 2.27647
44800 2.43663
44900 2.60534
45000 2.78401
45100 2.97538
45200 3.18396
45300 3.41583
45400 3.67848
45500 3.98032
45600 4.32839
45700 4.72369
45800 5.15388
45900 5.58694
46000 5.97718
46100 6.28853
46200 6.51574
46300 6.6782
46400 6.79816
46500 6.89046
46600 6.96314
46700 7.02057
46800 7.06549
46900 7.09944
47000 7.12293
47100 7.13572
47200 7.13712
47300 7.12645
47400 7.1041
47500 7.07143
47600 7.03205
47700 6.99298
47800 6.95955
47900 6.93199
48000 6.9097
48100 6.89457
48200 6.89145
48300 6.90926
48400 6.96141
48500 7.06138
48600 7.2185
48700 7.43511
48800 7.7071
48900 8.02439
49000 8.37044
49100 8.72506
49200 9.07035
49300 9.3942
49400 9.68806
49500 9.94663
49600 10.1705
49700 10.364
49800 10.5292
49900 10.6672
50000 10.7825
50100 10.882
50200 10.9696
50300 11.0468
50400 11.1161
50500 11.1793
50600 11.2334
50700 11.2787
50800 11.329
50900 11.3961
51000 11.4758
51100 11.5546
51200 11.6215
51300 11.674
51400 11.7128
51500 11.7383
51600 11.7517
51700 11.7549
51800 11.7467
51900 11.7222
52000 11.6755
52100 11.5953
52200 11.4463
52300 11.1718
52400 10.8023
52500 10.4829
52600 10.2684
52700 10.1183
52800 9.99552
52900 9.88314
53000 9.77231
53100 9.65573
53200 9.52922
53300 9.39141
53400 9.23863
53500 9.06542
53600 8.87049
53700 8.65573
53800 8.42106
53900 8.16781
54000 7.90491
54100 7.64585
54200 7.40305
54300 7.18934
54400 7.01695
54500 6.89238
54600 6.81296
54700 6.76805
54800 6.74221
54900 6.7179
55000 6.67803
55100 6.61115
55200 6.5156
55300 6.40102
55400 6.28576
55500 6.18755
55600 6.1152
55700 6.07008
55800 6.04783
55900 6.04094
56000 6.04262
56100 6.04766
56200 6.05095
56300 6.04752
56400 6.03353
56500 6.00555
56600 5.95586
56700 5.86669
56800 5.70456
56900 5.43878
57000 5.10197
57100 4.79127
57200 4.56563
57300 4.41808
57400 4.32643
57500 4.27511
57600 4.2536
57700 4.25202
57800 4.25767
57900 4.25645
58000 4.23819
58100 4.19694
58200 4.12727
58300 4.0258
58400 3.89397
58500 3.73535
58600 3.55472
58700 3.36422
58800 3.18517
58900 3.03964
59000 2.94151
59100 2.89329
59200 2.88935
59300 2.91944
59400 2.96875
59500 3.02141
59600 3.06696
59700 3.1005
59800 3.11847
59900 3.11893
60000 3.10321
60100 3.07274
60200 3.02585
60300 2.95961
60400 2.87176
60500 2.75964
60600 2.62403
60700 2.48508
60800 2.38978
60900 2.39014
61000 2.51398
61100 2.74455
61200 3.01488
61300 3.24684
61400 3.40909
61500 3.51655
61600 3.59214
61700 3.64902
61800 3.69193
61900 3.72208
62000 3.74062
62100 3.74811
62200 3.74275
62300 3.72235
62400 3.68927
62500 3.65316
62600 3.63386
62700 3.66191
62800 3.7704
62900 3.97776
63000 4.27866
63100 4.64345
63200 5.02385
63300 5.37403
63400 5.67001
63500 5.90956
63600 6.10315
63700 6.2638
63800 6.4004
63900 6.51686
64000 6.61488
64100 6.69527
64200 6.75676
64300 6.798
64400 6.82154
64500 6.83358
64600 6.84386
64700 6.86801
64800 6.92457
64900 7.02601
65000 7.17174
65100 7.34342
65200 7.50768
65300 7.63628
65400 7.72029
65500 7.76687
65600 7.78947
65700 7.80065
65800 7.81004
65900 7.8249
66000 7.85039
66100 7.8881
66200 7.9349
66300 7.98386
66400 8.02578
66500 8.05082
66600 8.05527
66700 8.04623
66800 8.03717
66900 8.04104
67000 8.06735
67100 8.1201
67200 8.19812
67300 8.29634
67400 8.40573
67500 8.51381
67600 8.60818
67700 8.67875
67800 8.71634
67900 8.71514
68000 8.67743
68100 8.60887
68200 8.51335
68300 8.39559
68400 8.2619
68500 8.11674
68600 7.96269
68700 7.80227
68800 7.63731
68900 7.46849
69000 7.29528
69100 7.11529
69200 6.92642
69300 6.72897
69400 6.52377
69500 6.31347
69600 6.10504
69700 5.90493
69800 5.71458
69900 5.53342
70000 5.36177
70100 5.19885
70200 5.04231
70300 4.89093
70400 4.74619
70500 4.61077
70600 4.48714
70700 4.3769
70800 4.2796
70900 4.18928
71000 4.0929
71100 3.97329
71200 3.81932
71300 3.63407
71400 3.43179
71500 3.231
71600 3.04699
71700 2.88608
71800 2.74693
71900 2.62503
72000 2.5155
72100 2.41377
72200 2.31587
72300 2.21812
72400 2.11612
72500 2.00283
72600 1.86522
72700 1.68568
72800 1.4641
72900 1.23702
73000 1.04202
73100 0.887397
73200 0.766691
73300 0.670238
73400 0.587641
73500 0.512553
73600 0.44445
73700 0.384365
73800 0.331201
73900 0.28273
74000 0.237501
74100 0.194345
74200 0.151969
74300 0.112278
74400 0.0838096
74500 0.0779873
74600 0.102185
74700 0.155102
74800 0.223595
74900 0.288836
75000 0.341743
75100 0.384968
75200 0.423524
75300 0.460987
75400 0.499871
75500 0.542484
75600 0.591738
75700 0.651886
75800 0.728855
75900 0.830044
76000 0.9633
76100 1.13354
76200 1.33634
76300 1.55543
76400 1.7724
76500 1.97762
76600 2.17401
76700 2.378
76800 2.60996
76900 2.87332
77000 3.15477
77100 3.43721
77200 3.71294
77300 3.98039
77400 4.23782
77500 4.48522
77600 4.72641
77700 4.96631
77800 5.21155
77900 5.47678
78000 5.78775
78100 6.17865
78200 6.68553
78300 7.32956
78400 8.08989
78500 8.89209
78600 9.63706
78700 10.2556
78800 10.7369
78900 11.1062
79000 11.3905
79100 11.6093
79200 11.7775
79300 11.9054
79400 11.996
79500 12.049
79600 12.0653
79700 12.0464
79800 11.9957
79900 11.9377
80000 11.9661
80100 12.2699
80200 13.0262
80300 14.2583
80400 15.6936
80500 16.9631
80600 17.936
80700 18.69
80800 19.3175
80900 19.8671
81000 20.3603
81100 20.81
81200 21.2283
81300 21.6283
81400 22.0239
81500 22.4315
81600 22.8678
81700 23.3412
81800 23.8424
81900 24.3458
82000 24.8208
82100 25.2476
82200 25.6268
82300 25.9785
82400 26.3325
82500 26.7145
82600 27.1343
82700 27.5827
82800 28.0387
82900 28.4761
83000 28.8687
83100 29.1974
83200 29.4521
83300 29.6293
83400 29.7317
83500 29.7721
83600 29.7731
83700 29.7677
83800 29.7989
83900 29.9125
84000 30.1427
84100 30.498
84200 30.9569
84300 31.4759
84400 32.0054
84500 32.5028
84600 32.9365
84700 33.2894
84800 33.5587
84900 33.7509
85000 33.8783
85100 33.956
85200 34.0021
85300 34.0327
85400 34.0562
85500 34.0745
85600 34.0858
85700 34.0856
85800 34.0664
85900 34.0195
86000 33.9358
86100 33.8055
86200 33.6208
86300 33.3869
86400 33.1516
86500 33.0459
86600 33.2811
86700 34.0188
86800 35.2028
86900 36.5544
87000 37.7694
87100 38.7026
87200 39.3697
87300 39.8437
87400 40.1792
87500 40.3982
87600 40.5039
87700 40.4924
87800 40.3569
87900 40.0908
88000 39.6938
88100 39.1793
88200 38.5841
88300 37.9692
88400 37.4069
88500 36.9506
88600 36.6107
88700 36.3601
88800 36.1599
88900 35.9749
89000 35.778
89100 35.5492
89200 35.2735
89300 34.9397
89400 34.5394
89500 34.0678
89600 33.5264
89700 32.9258
89800 32.2866
89900 31.6361
90000 31.001
90100 30.3962
90200 29.8296
90300 29.3038
90400 28.8166
90500 28.3641
90600 27.9451
90700 27.5674
90800 27.2434
90900 26.9835
91000 26.7948
91100 26.679
91200 26.6328
91300 26.6489
91400 26.7162
91500 26.8266
91600 26.9795
91700 27.1882
91800 27.4786
91900 27.8718
92000 28.3544
92100 28.869
92200 29.3375
92300 29.7049
92400 29.9552
92500 30.0962
92600 30.1397
92700 30.0931
92800 29.9582
92900 29.7308
93000 29.4008
93100 28.9517
93200 28.3587
93300 27.5862
93400 26.603
93500 25.4472
93600 24.2989
93700 23.6524
93800 23.4499
93900 23.4163
94000 23.4871
94100 23.6291
94200 23.8199
94300 24.0424
94400 24.2808
94500 24.5183
94600 24.7414
94700 24.9408
94800 25.1135
94900 25.261
95000 25.3875
95100 25.5007
95200 25.612
95300 25.7391
95400 25.9028
95500 26.1188
95600 26.3832
95700 26.6723
95800 26.9671
95900 27.2796
96000 27.6425
96100 28.0836
96200 28.6022
96300 29.1681
96400 29.7355
96500 30.2604
96600 30.7128
96700 31.0811
96800 31.37
96900 31.593
97000 31.7669
97100 31.9087
97200 32.0323
97300 32.146
97400 32.2505
97500 32.3388
97600 32.3962
97700 32.4004
97800 32.3276
97900 32.1593
98000 31.892
98100 31.5406
98200 31.1366
98300 30.717
98400 30.3106
98500 29.933
98600 29.5921
98700 29.2942
98800 29.0466
98900 28.8656
99000 28.7825
99100 28.8583
99200 29.1908
99300 29.8847
99400 30.9755
99500 32.3741
99600 33.8986
99700 35.3594
99800 36.6287
99900 37.6565
100000 38.445
100100 39.0159
100200 39.3908
100300 39.5832
100400 39.5966
100500 39.4191
100600 39.0097
100700 38.2612
100800 37.0047
100900 35.2634
101000 33.4706
101100 32.0369
101200 30.9531
101300 30.0525
101400 29.2499
101500 28.5242
101600 27.8758
101700 27.3067
101800 26.818
101900 26.4099
102000 26.0785
102100 25.8147
102200 25.6056
102300 25.4374
102400 25.2999
102500 25.1888
102600 25.1087
102700 25.0786
102800 25.1398
102900 25.3582
103000 25.7991
103100 26.4709
103200 27.2994
103300 28.1647
103400 28.9545
103500 29.5921
103600 30.0425
103700 30.3134
103800 30.4383
103900 30.447
104000 30.3558
104100 30.1685
104200 29.882
104300 29.491
104400 28.9909
104500 28.3833
104600 27.6831
104700 26.9285
104800 26.1885
104900 25.5484
105000 25.071
105100 24.772
105200 24.6293
105300 24.6181
105400 24.7194
105500 24.9201
105600 25.2118
105700 25.5911
105800 26.0554
105900 26.6036
106000 27.2372
106100 27.9634
106200 28.8017
106300 29.7917
106400 30.9901
106500 32.4356
106600 34.0966
106700 35.8484
106800 37.5223
106900 38.9784
107000 40.1436
107100 41.0061
107200 41.5883
107300 41.9225
107400 42.0396
107500 41.967
107600 41.7338
107700 41.382
107800 40.9776
107900 40.5935
108000 40.2651
108100 39.9922
108200 39.7698
108300 39.5983
108400 39.482
108500 39.4253
108600 39.4316
108700 39.5026
108800 39.6378
108900 39.8276
109000 40.0416
109100 40.2229
109200 40.3073
109300 40.2526
109400 40.0492
109500 39.7093
109600 39.2495
109700 38.6832
109800 38.0199
109900 37.2674
110000 36.4347
110100 35.5348
110200 34.5858
110300 33.6101
110400 32.6314
110500 31.6657
110600 30.7132
110700 29.7431
110800 28.6592
110900 27.2778
111000 25.492
111100 23.6055
111200 22.1258
111300 21.2086
111400 20.7186
111500 20.5447
111600 20.6345
111700 20.9436
111800 21.422
111900 22.0202
112000 22.7003
112100 23.438
112200 24.221
112300 25.045
112400 25.9083
112500 26.8077
112600 27.7357
112700 28.6766
112800 29.6052
112900 30.4922
113000 31.3163
113100 32.0722
113200 32.7717
113300 33.4339
113400 34.0781
113500 34.7202
113600 35.3742
113700 36.0527
113800 36.7737
113900 37.5708
114000 38.5067
114100 39.6858
114200 41.2259
114300 43.143
114400 45.237
114500 47.1697
114600 48.7014
114700 49.8131
114800 50.6108
114900 51.1934
115000 51.6142
115100 51.8949
115200 52.0437
115300 52.0649
115400 51.9664
115500 51.7656
115600 51.4969
115700 51.2194
115800 51.0138
115900 50.9549
116000 51.0855
116100 51.411
116200 51.9245
116300 52.6272
116400 53.5294
116500 54.6354
116600 55.9286
116700 57.3761
116800 58.9394
116900 60.5785
117000 62.2469
117100 63.8867
117200 65.4326
117300 66.8201
117400 67.9956
117500 68.9232
117600 69.5841
117700 69.9767
117800 70.1132
117900 70.0141
118000 69.7025
118100 69.1984
118200 68.5145
118300 67.6547
118400 66.6129
118500 65.374
118600 63.9157
118700 62.2155
118800 60.263
118900 58.0948
119000 55.8314
119100 53.6823
119200 51.8834
119300 50.5762
119400 49.7329
119500 49.229
119600 48.9477
119700 48.8157
119800 48.8002
119900 48.897
120000 49.1173
120100 49.46
120200 49.884
120300 50.3162
120400 50.6804
120500 50.9209
120600 51.0069
120700 50.933
120800 50.7186
120900 50.412
121000 50.0783
121100 49.7479
121200 49.4073
121300 49.0329
121400 48.6046
121500 48.1021
121600 47.5032
121700 46.7776
121800 45.8798
121900 44.7447
122000 43.2978
122100 41.4982
122200 39.4115
122300 37.2471
122400 35.2812
122500 33.6858
122600 32.4401
122700 31.4186
122800 30.5105
122900 29.6526
123000 28.8112
123100 27.9668
123200 27.1071
123300 26.2252
123400 25.3232
123500 24.4138
123600 23.5182
123700 22.6608
123800 21.8626
123900 21.1387
124000 20.4971
124100 19.9397
124200 19.4618
124300 19.0535
124400 18.7032
124500 18.4008
124600 18.1395
124700 17.9182
124800 17.741
124900 17.618
125000 17.5644
125100 17.6025
125200 17.7679
125300 18.1105
125400 18.6656
125500 19.4147
125600 20.2963
125700 21.2401
125800 22.1854
125900 23.0866
126000 23.9152
126100 24.6568
126200 25.3078
126300 25.8701
126400 26.3481
126500 26.747
126600 27.0718
126700 27.3274
126800 27.5183
126900 27.6485
127000 27.7207
127100 27.7371
127200 27.704
127300 27.6438
127400 27.6191
127500 27.7425
127600 28.1047
127700 28.6686
127800 29.3182
127900 29.9279
128000 30.3975
128100 30.6869
128200 30.816
128300 30.8197
128400 30.7199
128500 30.5235
128600 30.2279
128700 29.8266
128800 29.3153
128900 28.6997
129000 28.0041
129100 27.2749
129200 26.5796
129300 25.9963
129400 25.567
129500 25.2426
129600 24.9841
129700 24.8642
129800 24.9967
129900 25.3533
130000 25.786
130100 26.1919
130200 26.5462
130300 26.8492
130400 27.106
130500 27.3211
130600 27.4981
130700 27.6401
130800 27.7497
130900 27.8279
131000 27.8729
131100 27.88
131200 27.8448
131300 27.7727
131400 27.6857
131500 27.618
131600 27.6009
131700 27.6476
131800 27.7461
131900 27.8624
132000 27.9563
132100 28.0055
132200 28.0086
132300 27.9719
132400 27.8994
132500 27.7889
132600 27.6331
132700 27.4188
132800 27.1216
132900 26.696
133000 26.0648
133100 25.1415
133200 23.9455
133300 22.6978
133400 21.6667
133500 20.9523
133600 20.4874
133700 20.1703
133800 19.9388
133900 19.7658
134000 19.6333
134100 19.5272
134200 19.437
134300 19.3572
134400 19.2904
134500 19.2576
134600 19.3173
134700 19.5294
134800 19.9078
134900 20.3982
135000 20.9057
135100 21.3583
135200 21.7207
135300 21.9889
135400 22.1747
135500 22.2958
135600 22.3693
135700 22.4095
135800 22.4269
135900 22.4293
136000 22.4218
136100 22.4075
136200 22.3867
136300 22.357
136400 22.3165
136500 22.2783
136600 22.3148
136700 22.582
136800 23.137
136900 23.8287
137000 24.4558
137100 24.9508
137200 25.3362
137300 25.6368
137400 25.865
137500 26.0275
137600 26.1316
137700 26.1877
137800 26.2111
137900 26.2241
138000 26.257
138100 26.3479
138200 26.5447
138300 26.913
138400 27.5014
138500 28.2791
138600 29.1733
138700 30.1066
138800 31.0158
138900 31.8552
139000 32.5947
139100 33.2178
139200 33.7185
139300 34.0962
139400 34.3504
139500 34.4763
139600 34.4636
139700 34.3002
139800 33.9915
139900 33.5804
140000 33.1293
140100 32.7521
140200 32.5197
140300 32.3454
140400 32.1739
140500 31.9833
140600 31.7503
140700 31.4596
140800 31.1047
140900 30.6832
141000 30.1939
141100 29.633
141200 28.9881
141300 28.2326
141400 27.3091
141500 26.1016
141600 24.4423
141700 22.3108
141800 20.0834
141900 18.2353
142000 16.8927
142100 15.9186
142200 15.1703
142300 14.5677
142400 14.0663
142500 13.6383
142600 13.2644
142700 12.9296
142800 12.6203
142900 12.3236
143000 12.026
143100 11.7129
143200 11.3704
143300 10.9928
143400 10.5925
143500 10.2002
143600 9.85057
143700 9.56731
143800 9.35733
143900 9.21447
144000 9.12644
144100 9.08064
144200 9.06697
144300 9.07844
144400 9.11069
144500 9.16171
144600 9.23144
144700 9.32134
144800 9.43436
144900 9.57698
145000 9.76868
145100 10.0788
145200 10.6626
145300 11.5645
145400 12.6619
145500 13.8812
145600 15.101
145700 16.2248
145800 17.2647
145900 18.2322
146000 19.1248
146100 19.9388
146200 20.6773
146300 21.3499
146400 21.9686
146500 22.5455
146600 23.092
146700 23.6186
146800 24.1351
146900 24.65
147000 25.1695
147100 25.6953
147200 26.2214
147300 26.7307
147400 27.1947
147500 27.5801
147600 27.8611
147700 28.0297
147800 28.0945
147900 28.0713
148000 27.9742
148100 27.813
148200 27.5929
148300 27.3147
148400 26.974
148500 26.5589
148600 26.0453
148700 25.3894
148800 24.5285
148900 23.4295
149000 22.1929
149100 21.0547
149200 20.2106
149300 19.6963
149400 19.4287
149500 19.312
149600 19.2875
149700 19.3226
149800 19.3968
149900 19.497
150000 19.6191
150100 19.7689
150200 19.9648
150300 20.244
150400 20.6656
150500 21.3152
150600 22.2789
150700 23.6218
150800 25.2994
150900 27.1154
151000 28.7727
151100 30.0292
151200 30.8399
151300 31.3342
151400 31.6466
151500 31.8463
151600 31.9617
151700 32.0032
151800 31.973
151900 31.8669
152000 31.6763
152100 31.3919
152200 31.011
152300 30.5414
152400 30.0086
152500 29.4718
152600 28.9793
152700 28.5059
152800 28.002
152900 27.4586
153000 26.89
153100 26.3128
153200 25.7317
153300 25.1413
153400 24.5347
153500 23.9096
153600 23.2728
153700 22.6438
153800 22.0524
153900 21.529
154000 21.0969
154100 20.7796
154200 20.5916
154300 20.5262
154400 20.5605
154500 20.6586
154600 20.7831
154700 20.9227
154800 21.0907
154900 21.319
155000 21.6504
155100 22.0984
155200 22.6479
155300 23.2596
155400 23.9093
155500 24.5803
155600 25.2648
155700 25.9643
155800 26.6914
155900 27.4658
156000 28.3019
156100 29.1799
156200 30.0169
156300 30.6922
156400 31.1373
156500 31.3894
156600 31.5285
156700 31.6067
156800 31.6461
156900 31.6534
157000 31.6276
157100 31.5614
157200 31.4473
157300 31.281
157400 31.0628
157500 30.7882
157600 30.4389
157700 29.9883
157800 29.4251
157900 28.7768
158000 28.0977
158100 27.4343
158200 26.8104
158300 26.2311
158400 25.6903
158500 25.1781
158600 24.686
158700 24.2097
158800 23.7511
158900 23.315
159000 22.9037
159100 22.5124
159200 22.1325
159300 21.7658
159400 21.4284
159500 21.1409
159600 20.9167
159700 20.7567
159800 20.6488
159900 20.5727
160000 20.5083
160100 20.4398
160200 20.358
160300 20.2586
160400 20.1411
160500 20.0081
160600 19.8657
160700 19.7258
160800 19.6111
160900 19.5589
161000 19.6177
161100 19.8291
161200 20.1986
161300 20.6857
161400 21.2305
161500 21.7871
161600 22.3318
161700 22.8549
161800 23.3535
161900 23.8269
162000 24.2767
162100 24.7084
162200 25.1329
162300 25.5716
162400 26.0697
162500 26.7175
162600 27.6171
162700 28.7448
162800 29.9502
162900 31.1036
163000 32.1438
163100 33.0657
163200 33.891
163300 34.6456
163400 35.3529
163500 36.0362
163600 36.7205
163700 37.4259
163800 38.1602
163900 38.9199
164000 39.6969
164100 40.4855
164200 41.2716
164300 42.0115
164400 42.6286
164500 43.0508
164600 43.2567
164700 43.2736
164800 43.1482
164900 42.9213
165000 42.6102
165100 42.2081
165200 41.6956
165300 41.0522
165400 40.2632
165500 39.3277
165600 38.2667
165700 37.1241
165800 35.9599
165900 34.8334
166000 33.7882
166100 32.8422
166200 31.991
166300 31.2323
166400 30.5544
166500 29.9321
166600 29.3286
166700 28.7174
166800 28.1002
166900 27.4925
167000 26.9055
167100 26.3371
167200 25.7758
167300 25.2064
167400 24.613
167500 23.9807
167600 23.2972
167700 22.558
167800 21.7769
167900 21.0003
168000 20.3121
168100 19.817
168200 19.5889
168300 19.6659
168400 20.0359
168500 20.6319
168600 21.3244
168700 21.9594
168800 22.4465
168900 22.7899
169000 23.0293
169100 23.1944
169200 23.299
169300 23.3476
169400 23.34
169500 23.2736
169600 23.146
169700 22.9594
169800 22.7271
169900 22.4795
170000 22.2725
170100 22.2031
170200 22.3479
170300 22.7074
170400 23.1973
170500 23.7069
170600 24.1544
170700 24.4816
170800 24.674
170900 24.7536
171000 24.7447
171100 24.6617
171200 24.51
171300 24.2909
171400 24.0033
171500 23.6464
171600 23.2245
171700 22.7544
171800 22.2754
171900 21.8666
172000 21.6271
172100 21.6755
172200 22.0912
172300 22.8348
172400 23.7093
172500 24.4928
172600 25.0481
172700 25.3791
172800 25.5558
172900 25.6271
173000 25.6129
173100 25.5188
173200 25.3445
173300 25.0909
173400 24.7676
173500 24.4064
173600 24.0778
173700 23.8888
173800 23.9091
173900 24.1451
174000 24.5328
174100 25.0061
174200 25.5121
174300 25.9663
174400 26.2794
174500 26.4465
174600 26.518
174700 26.5226
174800 26.4681
174900 26.3542
175000 26.177
175100 25.9304
175200 25.6088
175300 25.2135
175400 24.7644
175500 24.304
175600 23.8926
175700 23.6508
175800 23.6939
175900 23.9632
176000 24.3521
176100 24.7581
176200 25.08
176300 25.2779
176400 25.3719
176500 25.3951
176600 25.3646
176700 25.2852
176800 25.1572
176900 24.98
177000 24.7539
177100 24.4824
177200 24.1743
177300 23.8466
177400 23.5242
177500 23.2338
177600 22.9922
177700 22.7976
177800 22.648
177900 22.5995
178000 22.7309
178100 23.0396
178200 23.4373
178300 23.8052
178400 24.0788
178500 24.2453
178600 24.3216
178700 24.3302
178800 24.2831
178900 24.182
179000 24.0256
179100 23.8153
179200 23.5581
179300 23.2684
179400 22.9696
179500 22.6938
179600 22.4812
179700 22.3785
179800 22.4291
179900 22.6528
180000 23.0242
180100 23.4655
180200 23.884
180300 24.22
180400 24.4574
180500 24.6033
180600 24.669
180700 24.6624
180800 24.586
180900 24.4389
181000 24.2178
181100 23.9216
181200 23.5575
181300 23.15
181400 22.7441
181500 22.3947
181600 22.1591
181700 22.0872
181800 22.1798
181900 22.4072
182000 22.737
182100 23.1344
182200 23.5702
182300 24.024
182400 24.4797
182500 24.9253
182600 25.3555
182700 25.7729
182800 26.189
182900 26.6247
183000 27.1027
183100 27.6253
183200 28.1583
183300 28.6497
183400 29.056
183500 29.3505
183600 29.5313
183700 29.6157
183800 29.6245
183900 29.5735
184000 29.4734
184100 29.33
184200 29.1446
184300 28.9143
184400 28.6318
184500 28.284
184600 27.8543
184700 27.3285
184800 26.7029
184900 25.9901
185000 25.2173
185100 24.4249
185200 23.6663
185300 23.0036
185400 22.4763
185500 22.0723
185600 21.7515
185700 21.4807
185800 21.2423
185900 21.031
186000 20.8509
186100 20.7157
186200 20.6503
186300 20.6932
186400 20.8991
186500 21.3542
186600 22.1233
186700 23.1975
186800 24.4502
186900 25.7228
187000 26.9089
187100 27.964
187200 28.8832
187300 29.6803
187400 30.3748
187500 30.986
187600 31.5321
187700 32.0302
187800 32.4962
187900 32.9408
188000 33.3571
188100 33.707
188200 33.9495
188300 34.092
188400 34.1735
188500 34.2656
188600 34.3248
188700 34.3045
188800 34.2135
188900 34.0509
189000 33.8056
189100 33.4692
189200 33.0402
189300 32.5181
189400 31.8986
189500 31.1687
189600 30.3042
189700 29.2696
189800 28.0223
189900 26.5306
190000 24.8137
190100 22.9924
190200 21.2971
190300 19.9729
190400 19.1
190500 18.5592
190600 18.2126
190700 17.9893
190800 17.8639
190900 17.8351
191000 17.916
191100 18.1305
191200 18.5161
191300 19.1251
191400 20.0145
191500 21.2083
191600 22.6443
191700 24.1718
191800 25.6173
191900 26.8638
192000 27.8785
192100 28.6849
192200 29.3234
192300 29.8286
192400 30.2239
192500 30.5258
192600 30.7474
192700 30.8995
192800 30.99
192900 31.0223
193000 30.9948
193100 30.8987
193200 30.7215
193300 30.4511
193400 30.0819
193500 29.6187
193600 29.0772
193700 28.4819
193800 27.8668
193900 27.2789
194000 26.7642
194100 26.3352
194200 25.9667
194300 25.6269
194400 25.2933
194500 24.9525
194600 24.5973
194700 24.2245
194800 23.8365
194900 23.445
195000 23.0797
195100 22.8169
195200 22.7568
195300 22.9724
195400 23.448
195500 24.0187
195600 24.5012
195700 24.8241
195800 25.0099
195900 25.0918
196000 25.0853
196100 24.9947
196200 24.8198
196300 24.5586
196400 24.2116
196500 23.786
196600 23.3025
196700 22.7991
196800 22.3306
196900 21.9709
197000 21.756
197100 21.6689
197200 21.6589
197300 21.682
197400 21.7059
197500 21.7222
197600 21.7404
197700 21.7747
197800 21.8362
197900 21.9317
198000 22.0673
198100 22.2489
198200 22.4838
198300 22.7811
198400 23.1581
198500 23.646
198600 24.2875
198700 25.1224
198800 26.1774
198900 27.4473
199000 28.8185
199100 30.0725
199200 31.0705
199300 31.8158
199400 32.3786
199500 32.8179
199600 33.1673
199700 33.4413
199800 33.6455
199900 33.7792
200000 33.8352
