# Time-averaged data for fix msdoutZ
# TimeStep c_msdO[4]
100 138.785
200 138.784
300 138.783
400 138.78
500 138.776
600 138.769
700 138.761
800 138.749
900 138.735
1000 138.719
1100 138.698
1200 138.672
1300 138.638
1400 138.595
1500 138.538
1600 138.464
1700 138.369
1800 138.248
1900 138.094
2000 137.898
2100 137.649
2200 137.331
2300 136.927
2400 136.411
2500 135.757
2600 134.928
2700 133.882
2800 132.571
2900 130.945
3000 128.955
3100 126.572
3200 123.806
3300 120.727
3400 117.474
3500 114.24
3600 111.216
3700 108.539
3800 106.258
3900 104.349
4000 102.745
4100 101.366
4200 100.141
4300 99.0165
4400 97.9444
4500 96.8795
4600 95.7638
4700 94.4893
4800 92.8355
4900 90.4846
5000 87.2988
5100 83.5908
5200 79.9396
5300 76.7957
5400 74.2759
5500 72.2544
5600 70.5477
5700 69.0108
5800 67.55
5900 66.1047
6000 64.6266
6100 63.0735
6200 61.4127
6300 59.6218
6400 57.6872
6500 55.6149
6600 53.4582
6700 51.3417
6800 49.4404
6900 47.8904
7000 46.7168
7100 45.871
7200 45.2972
7300 44.9476
7400 44.7715
7500 44.7118
7600 44.7157
7700 44.7511
7800 44.8299
7900 45.027
8000 45.4813
8100 46.3801
8200 47.8704
8300 49.8978
8400 52.1536
8500 54.2736
8600 56.0641
8700 57.5276
8800 58.7464
8900 59.7938
9000 60.7143
9100 61.5344
9200 62.2744
9300 62.9529
9400 63.5889
9500 64.2027
9600 64.8158
9700 65.4499
9800 66.1224
9900 66.8382
10000 67.5806
10100 68.3062
10200 68.9537
10300 69.4667
10400 69.8113
10500 69.9894
10600 70.0346
10700 69.9826
10800 69.8465
10900 69.6205
11000 69.2915
11100 68.8432
11200 68.2527
11300 67.4889
11400 66.5153
11500 65.2947
11600 63.7963
11700 62.0116
11800 59.9811
11900 57.8065
12000 55.6325
12100 53.6103
12200 51.8596
12300 50.4427
12400 49.3547
12500 48.5507
12600 47.9827
12700 47.6251
12800 47.4822
12900 47.5857
13000 47.9726
13100 48.6497
13200 49.5768
13300 50.6844
13400 51.9069
13500 53.2022
13600 54.5491
13700 55.9388
13800 57.3702
13900 58.8439
14000 60.3514
14100 61.8685
14200 63.3606
14300 64.7876
14400 66.1036
14500 67.2608
14600 68.2178
14700 68.9462
14800 69.4436
14900 69.7417
15000 69.887
15100 69.9153
15200 69.8451
15300 69.6803
15400 69.4143
15500 69.0277
15600 68.4789
15700 67.6858
15800 66.5106
15900 64.8132
16000 62.6089
16100 60.121
16200 57.624
16300 55.3024
16400 53.2291
16500 51.4087
16600 49.8217
16700 48.4567
16800 47.3248
16900 46.4604
17000 45.921
17100 45.78
17200 46.0946
17300 46.8744
17400 48.0873
17500 49.6953
17600 51.6713
17700 53.9556
17800 56.3986
17900 58.7527
18000 60.7328
18100 62.136
18200 62.9877
18300 63.4698
18400 63.7225
18500 63.8054
18600 63.7355
18700 63.5084
18800 63.1027
18900 62.478
19000 61.5763
19100 60.3338
19200 58.713
19300 56.7525
19400 54.5984
19500 52.4859
19600 50.6732
19700 49.3852
19800 48.7717
19900 48.8538
20000 49.4813
20100 50.385
20200 51.3175
20300 52.142
20400 52.8187
20500 53.3584
20600 53.7974
20700 54.186
20800 54.577
20900 55.0174
21000 55.5471
21100 56.1979
21200 56.9911
21300 57.9353
21400 59.024
21500 60.2334
21600 61.515
21700 62.8012
21800 64.0225
21900 65.1298
22000 66.0981
22100 66.9213
22200 67.6037
22300 68.1537
22400 68.5786
22500 68.8828
22600 69.0686
22700 69.1368
22800 69.085
22900 68.9068
23000 68.5961
23100 68.1517
23200 67.5809
23300 66.9041
23400 66.1615
23500 65.4075
23600 64.6869
23700 64.0113
23800 63.3637
23900 62.7164
24000 62.0403
24100 61.3075
24200 60.4918
24300 59.566
24400 58.4957
24500 57.2308
24600 55.6981
24700 53.8098
24800 51.5476
24900 49.1852
25000 47.4562
25100 47.0038
25200 47.9868
25300 50.128
25400 52.6194
25500 54.7158
25600 56.2233
25700 57.3116
25800 58.1503
25900 58.8291
26000 59.3914
26100 59.8609
26200 60.2533
26300 60.5807
26400 60.8502
26500 61.0599
26600 61.1958
26700 61.2354
26800 61.1561
26900 60.9392
27000 60.569
27100 60.0313
27200 59.312
27300 58.4023
27400 57.3097
27500 56.0688
27600 54.7444
27700 53.425
27800 52.205
27900 51.1666
28000 50.3708
28100 49.8572
28200 49.6391
28300 49.6969
28400 49.9793
28500 50.4168
28600 50.9436
28700 51.5195
28800 52.1466
28900 52.9047
29000 53.9845
29100 55.5451
29200 57.4095
29300 59.1554
29400 60.5259
29500 61.5398
29600 62.2969
29700 62.8632
29800 63.271
29900 63.5395
30000 63.6771
30100 63.6797
30200 63.5343
30300 63.2207
30400 62.703
30500 61.9273
30600 60.845
30700 59.4608
30800 57.872
30900 56.2673
31000 54.8724
31100 53.8261
31200 53.0994
31300 52.5957
31400 52.2555
31500 52.0516
31600 51.954
31700 51.9155
31800 51.8775
31900 51.7872
32000 51.6058
32100 51.325
32200 50.9924
32300 50.7409
32400 50.7697
32500 51.2721
32600 52.301
32700 53.7559
32800 55.4772
32900 57.2666
33000 58.8964
33100 60.1813
33200 61.0766
33300 61.6563
33400 62.0108
33500 62.1984
33600 62.2482
33700 62.17
33800 61.9583
33900 61.5914
34000 61.0245
34100 60.1839
34200 58.9814
34300 57.3828
34400 55.4985
34500 53.5889
34600 51.9657
34700 50.8911
34800 50.4605
34900 50.5761
35000 50.9852
35100 51.4344
35200 51.774
35300 51.9506
35400 51.9671
35500 51.8612
35600 51.6897
35700 51.5237
35800 51.4479
35900 51.5489
36000 51.8962
36100 52.54
36200 53.5367
36300 54.9688
36400 56.8694
36500 59.0662
36600 61.2363
36700 63.1651
36800 64.8237
36900 66.2548
37000 67.501
37100 68.5979
37200 69.5748
37300 70.4557
37400 71.2641
37500 72.0256
37600 72.7662
37700 73.5142
37800 74.3042
37900 75.1808
38000 76.1926
38100 77.3747
38200 78.7192
38300 80.146
38400 81.509
38500 82.6563
38600 83.5178
38700 84.1355
38800 84.5966
38900 84.9687
39000 85.2907
39100 85.586
39200 85.8696
39300 86.1523
39400 86.4439
39500 86.7557
39600 87.0988
39700 87.4801
39800 87.9008
39900 88.3601
40000 88.853
40100 89.3652
40200 89.8795
40300 90.3847
40400 90.872
40500 91.3283
40600 91.7441
40700 92.1209
40800 92.4622
40900 92.7653
41000 93.0284
41100 93.2547
41200 93.4452
41300 93.595
41400 93.7047
41500 93.7832
41600 93.8392
41700 93.8758
41800 93.8951
41900 93.9002
42000 93.8931
42100 93.8707
42200 93.8274
42300 93.7578
42400 93.6581
42500 93.5279
42600 93.3776
42700 93.2282
42800 93.0997
42900 93.004
43000 92.9448
43100 92.9184
43200 92.9167
43300 92.9308
43400 92.9534
43500 92.9796
43600 93.0061
43700 93.0308
43800 93.0517
43900 93.0681
44000 93.0799
44100 93.087
44200 93.089
44300 93.0872
44400 93.0855
44500 93.0877
44600 93.0955
44700 93.1098
44800 93.1268
44900 93.1335
45000 93.1211
45100 93.0959
45200 93.0649
45300 93.0261
45400 92.9759
45500 92.9161
45600 92.8476
45700 92.7644
45800 92.6589
45900 92.5269
46000 92.3616
46100 92.1444
46200 91.8484
46300 91.4564
46400 90.988
46500 90.5215
46600 90.1619
46700 89.9521
46800 89.8332
46900 89.7418
47000 89.6546
47100 89.5638
47200 89.4646
47300 89.3521
47400 89.2203
47500 89.0624
47600 88.872
47700 88.6474
47800 88.397
47900 88.1403
48000 87.9024
48100 87.7001
48200 87.5344
48300 87.3991
48400 87.2856
48500 87.1833
48600 87.0826
48700 86.9799
48800 86.8726
48900 86.7542
49000 86.6173
49100 86.4565
49200 86.2608
49300 85.9943
49400 85.5732
49500 84.9199
49600 84.1127
49700 83.329
49800 82.6707
49900 82.1371
50000 81.6881
50100 81.2863
50200 80.9083
50300 80.5422
50400 80.1789
50500 79.807
50600 79.416
50700 78.9968
50800 78.5383
50900 78.0245
51000 77.4386
51100 76.7701
51200 76.0273
51300 75.2525
51400 74.5218
51500 73.9113
51600 73.4528
51700 73.1191
51800 72.8559
51900 72.6192
52000 72.3821
52100 72.1275
52200 71.8424
52300 71.5156
52400 71.1357
52500 70.6906
52600 70.1696
52700 69.5703
52800 68.9052
52900 68.2045
53000 67.5164
53100 66.9026
53200 66.4171
53300 66.0574
53400 65.7617
53500 65.4718
53600 65.1567
53700 64.801
53800 64.3981
53900 63.9504
54000 63.4701
54100 62.9805
54200 62.5181
54300 62.1259
54400 61.8357
54500 61.655
54600 61.5714
54700 61.5673
54800 61.628
54900 61.7462
55000 61.9265
55100 62.187
55200 62.5531
55300 63.0545
55400 63.7209
55500 64.5763
55600 65.6298
55700 66.8643
55800 68.2347
55900 69.6779
56000 71.1346
56100 72.5594
56200 73.922
56300 75.2071
56400 76.4113
56500 77.5412
56600 78.6125
56700 79.649
56800 80.6808
56900 81.7406
57000 82.8626
57100 84.0822
57200 85.4381
57300 86.9847
57400 88.8252
57500 91.1467
57600 94.1752
57700 97.97
57800 102.202
57900 106.248
58000 109.582
58100 112.051
58200 113.778
58300 114.951
58400 115.703
58500 116.115
58600 116.231
58700 116.083
58800 115.708
58900 115.162
59000 114.543
59100 113.979
59200 113.595
59300 113.487
59400 113.826
59500 115.095
59600 118.099
59700 122.475
59800 126.87
59900 130.571
60000 133.573
60100 136.124
60200 138.371
60300 140.342
60400 142.023
60500 143.394
60600 144.444
60700 145.159
60800 145.515
60900 145.459
61000 144.905
61100 143.776
61200 142.1
61300 140.096
61400 138.114
61500 136.429
61600 135.127
61700 134.167
61800 133.485
61900 133.031
62000 132.771
62100 132.671
62200 132.694
62300 132.808
62400 132.98
62500 133.175
62600 133.353
62700 133.473
62800 133.486
62900 133.342
63000 133.001
63100 132.428
63200 131.591
63300 130.475
63400 129.101
63500 127.555
63600 125.978
63700 124.508
63800 123.227
63900 122.142
64000 121.213
64100 120.389
64200 119.629
64300 118.898
64400 118.174
64500 117.441
64600 116.68
64700 115.866
64800 114.952
64900 113.874
65000 112.611
65100 111.276
65200 110.06
65300 109.073
65400 108.28
65500 107.574
65600 106.864
65700 106.107
65800 105.293
65900 104.436
66000 103.569
66100 102.741
66200 102.026
66300 101.527
66400 101.373
66500 101.708
66600 102.665
66700 104.313
66800 106.539
66900 109.002
67000 111.269
67100 113.031
67200 114.213
67300 114.915
67400 115.262
67500 115.329
67600 115.149
67700 114.743
67800 114.142
67900 113.405
68000 112.625
68100 111.931
68200 111.459
68300 111.319
68400 111.569
68500 112.227
68600 113.309
68700 114.861
68800 116.972
68900 119.745
69000 123.151
69100 126.831
69200 130.135
69300 132.563
69400 134.052
69500 134.817
69600 135.059
69700 134.871
69800 134.268
69900 133.227
70000 131.717
70100 129.726
70200 127.299
70300 124.572
70400 121.749
70500 119.03
70600 116.566
70700 114.451
70800 112.803
70900 111.809
71000 111.465
71100 111.579
71200 112.066
71300 112.897
71400 113.902
71500 114.776
71600 115.302
71700 115.436
71800 115.224
71900 114.709
72000 113.906
72100 112.805
72200 111.375
72300 109.575
72400 107.371
72500 104.775
72600 101.918
72700 99.1175
72800 96.8211
72900 95.4467
73000 95.1459
73100 95.8431
73200 97.3227
73300 99.197
73400 101.114
73500 102.821
73600 104.204
73700 105.243
73800 105.962
73900 106.391
74000 106.552
74100 106.449
74200 106.064
74300 105.348
74400 104.262
74500 102.907
74600 101.575
74700 100.666
74800 100.981
74900 102.657
75000 104.875
75100 107.183
75200 109.229
75300 110.816
75400 111.952
75500 112.707
75600 113.13
75700 113.229
75800 112.991
75900 112.38
76000 111.346
76100 109.824
76200 107.768
76300 105.208
76400 102.31
76500 99.3716
76600 96.7359
76700 94.7001
76800 93.472
76900 93.1356
77000 93.6385
77100 94.8082
77200 96.375
77300 98.003
77400 99.3948
77500 100.409
77600 101.05
77700 101.371
77800 101.419
77900 101.218
78000 100.773
78100 100.071
78200 99.0909
78300 97.8339
78400 96.3796
78500 94.9708
78600 94.0125
78700 93.9026
78800 94.8529
78900 96.9239
79000 100.033
79100 103.72
79200 107.064
79300 109.446
79400 110.987
79500 112.056
79600 112.873
79700 113.526
79800 114.033
79900 114.374
80000 114.504
80100 114.363
80200 113.88
80300 112.982
80400 111.628
80500 109.879
80600 107.925
80700 105.947
80800 104.088
80900 102.633
81000 101.651
81100 100.93
81200 100.35
81300 99.864
81400 99.4174
81500 98.9569
81600 98.4383
81700 97.8284
81800 97.1092
81900 96.2834
82000 95.3764
82100 94.4208
82200 93.4408
82300 92.4431
82400 91.4156
82500 90.3301
82600 89.1698
82700 87.9778
82800 86.848
82900 85.8641
83000 85.0766
83100 84.5015
83200 84.1295
83300 83.9404
83400 83.9141
83500 84.0287
83600 84.2554
83700 84.5588
83800 84.8981
83900 85.2262
84000 85.4853
84100 85.6166
84200 85.5967
84300 85.4716
84400 85.3384
84500 85.2881
84600 85.3661
84700 85.5829
84800 85.9268
84900 86.3707
85000 86.8765
85100 87.395
85200 87.8743
85300 88.2745
85400 88.5799
85500 88.8024
85600 88.9783
85700 89.1507
85800 89.3437
85900 89.5596
86000 89.7956
86100 90.0562
86200 90.3531
86300 90.7426
86400 91.3582
86500 92.3881
86600 93.9217
86700 95.982
86800 98.4894
86900 101.152
87000 103.649
87100 105.833
87200 107.69
87300 109.259
87400 110.574
87500 111.651
87600 112.491
87700 113.093
87800 113.456
87900 113.565
88000 113.385
88100 112.852
88200 111.875
88300 110.41
88400 108.607
88500 106.751
88600 104.986
88700 103.391
88800 102.391
88900 102.096
89000 102.138
89100 102.405
89200 102.977
89300 103.89
89400 105.072
89500 106.355
89600 107.553
89700 108.53
89800 109.218
89900 109.598
90000 109.692
90100 109.539
90200 109.181
90300 108.657
90400 107.993
90500 107.215
90600 106.347
90700 105.42
90800 104.469
90900 103.529
91000 102.628
91100 101.776
91200 100.953
91300 100.121
91400 99.2328
91500 98.2568
91600 97.1979
91700 96.0822
91800 94.9397
91900 93.8088
92000 92.7251
92100 91.703
92200 90.7305
92300 89.7808
92400 88.8231
92500 87.829
92600 86.7743
92700 85.6397
92800 84.4096
92900 83.0687
93000 81.5956
93100 79.9666
93200 78.1958
93300 76.4241
93400 74.9807
93500 74.3016
93600 74.6624
93700 75.8303
93800 77.2589
93900 78.5164
94000 79.5145
94100 80.3383
94200 81.0586
94300 81.7104
94400 82.3149
94500 82.8918
94600 83.4658
94700 84.0695
94800 84.7445
94900 85.5352
95000 86.4734
95100 87.5564
95200 88.7423
95300 89.9688
95400 91.1837
95500 92.3646
95600 93.5127
95700 94.6381
95800 95.7463
95900 96.8184
96000 97.7915
96100 98.5662
96200 99.0783
96300 99.352
96400 99.4435
96500 99.3854
96600 99.1873
96700 98.8453
96800 98.3453
96900 97.6607
97000 96.7476
97100 95.5455
97200 94.0082
97300 92.1622
97400 90.1501
97500 88.2057
97600 86.5845
97700 85.4843
97800 84.9937
97900 85.0845
98000 85.6337
98100 86.4654
98200 87.4076
98300 88.3393
98400 89.1938
98500 89.9466
98600 90.6039
98700 91.201
98800 91.8044
98900 92.4952
99000 93.3134
99100 94.2346
99200 95.2094
99300 96.1819
99400 97.0938
99500 97.8966
99600 98.5644
99700 99.0914
99800 99.4814
99900 99.7414
100000 99.8828
100100 99.9288
100200 99.9201
100300 99.9138
100400 99.9792
100500 100.18
100600 100.562
100700 101.172
100800 102.115
100900 103.627
101000 105.922
101100 108.801
101200 111.753
101300 114.415
101400 116.691
101500 118.623
101600 120.277
101700 121.703
101800 122.925
101900 123.958
102000 124.804
102100 125.459
102200 125.916
102300 126.147
102400 126.103
102500 125.711
102600 124.925
102700 123.789
102800 122.449
102900 121.065
103000 119.715
103100 118.386
103200 117.048
103300 115.718
103400 114.458
103500 113.336
103600 112.414
103700 111.752
103800 111.392
103900 111.352
104000 111.617
104100 112.139
104200 112.844
104300 113.637
104400 114.414
104500 115.086
104600 115.583
104700 115.863
104800 115.905
104900 115.712
105000 115.293
105100 114.662
105200 113.831
105300 112.807
105400 111.601
105500 110.224
105600 108.7
105700 107.083
105800 105.466
105900 103.978
106000 102.754
106100 101.905
106200 101.496
106300 101.541
106400 102.001
106500 102.806
106600 103.857
106700 105.035
106800 106.223
106900 107.324
107000 108.279
107100 109.058
107200 109.651
107300 110.057
107400 110.268
107500 110.265
107600 110.011
107700 109.466
107800 108.627
107900 107.55
108000 106.344
108100 105.123
108200 103.961
108300 102.883
108400 101.867
108500 100.881
108600 99.8962
108700 98.9026
108800 97.9088
108900 96.9401
109000 96.0276
109100 95.1948
109200 94.4488
109300 93.7903
109400 93.2459
109500 92.9073
109600 92.9373
109700 93.5391
109800 94.8656
109900 96.8143
110000 99.1843
110100 101.753
110200 104.303
110300 106.642
110400 108.619
110500 110.159
110600 111.267
110700 112.001
110800 112.418
110900 112.56
111000 112.445
111100 112.062
111200 111.363
111300 110.26
111400 108.624
111500 106.369
111600 103.592
111700 100.662
111800 98.0809
111900 96.2033
112000 95.1098
112100 94.7235
112200 94.9362
112300 95.6257
112400 96.6315
112500 97.7774
112600 98.9316
112700 100.042
112800 101.115
112900 102.182
113000 103.276
113100 104.419
113200 105.619
113300 106.871
113400 108.16
113500 109.46
113600 110.733
113700 111.939
113800 113.032
113900 113.968
114000 114.71
114100 115.231
114200 115.517
114300 115.569
114400 115.405
114500 115.064
114600 114.602
114700 114.09
114800 113.603
114900 113.208
115000 112.96
115100 112.913
115200 113.117
115300 113.605
115400 114.378
115500 115.391
115600 116.545
115700 117.69
115800 118.653
115900 119.318
116000 119.682
116100 119.804
116200 119.741
116300 119.536
116400 119.227
116500 118.858
116600 118.468
116700 118.097
116800 117.778
116900 117.546
117000 117.455
117100 117.601
117200 118.112
117300 119.083
117400 120.525
117500 122.372
117600 124.495
117700 126.675
117800 128.781
117900 130.791
118000 132.724
118100 134.591
118200 136.373
118300 138.028
118400 139.522
118500 140.848
118600 142.02
118700 143.021
118800 143.76
118900 144.113
119000 144.018
119100 143.535
119200 142.799
119300 141.93
119400 140.986
119500 139.972
119600 138.877
119700 137.687
119800 136.386
119900 134.958
120000 133.385
120100 131.654
120200 129.763
120300 127.73
120400 125.609
120500 123.508
120600 121.576
120700 119.945
120800 118.654
120900 117.653
121000 116.867
121100 116.235
121200 115.72
121300 115.304
121400 114.974
121500 114.71
121600 114.485
121700 114.277
121800 114.073
121900 113.854
122000 113.598
122100 113.286
122200 112.898
122300 112.415
122400 111.806
122500 111.025
122600 110.007
122700 108.659
122800 106.883
122900 104.656
123000 102.128
123100 99.6013
123200 97.4123
123300 95.7909
123400 94.796
123500 94.3554
123600 94.34
123700 94.6189
123800 95.0958
123900 95.7087
124000 96.4192
124100 97.2053
124200 98.0532
124300 98.9499
124400 99.8748
124500 100.791
124600 101.646
124700 102.379
124800 102.949
124900 103.333
125000 103.526
125100 103.535
125200 103.381
125300 103.103
125400 102.756
125500 102.414
125600 102.154
125700 102.045
125800 102.125
125900 102.396
126000 102.857
126100 103.517
126200 104.419
126300 105.661
126400 107.406
126500 109.721
126600 112.329
126700 114.74
126800 116.632
126900 117.97
127000 118.844
127100 119.338
127200 119.49
127300 119.307
127400 118.776
127500 117.876
127600 116.59
127700 114.927
127800 112.96
127900 110.856
128000 108.867
128100 107.239
128200 106.09
128300 105.399
128400 105.09
128500 105.097
128600 105.368
128700 105.851
128800 106.476
128900 107.156
129000 107.804
129100 108.374
129200 108.883
129300 109.347
129400 109.701
129500 109.854
129600 109.784
129700 109.523
129800 109.104
129900 108.538
130000 107.821
130100 106.939
130200 105.876
130300 104.61
130400 103.127
130500 101.432
130600 99.5781
130700 97.6985
130800 96.0069
130900 94.7259
131000 93.9735
131100 93.6953
131200 93.7263
131300 93.9246
131400 94.2213
131500 94.6066
131600 95.1132
131700 95.7987
131800 96.7238
131900 97.9337
132000 99.4527
132100 101.294
132200 103.47
132300 105.971
132400 108.744
132500 111.671
132600 114.581
132700 117.286
132800 119.602
132900 121.371
133000 122.559
133100 123.293
133200 123.726
133300 123.946
133400 123.982
133500 123.836
133600 123.482
133700 122.885
133800 122.002
133900 120.811
134000 119.359
134100 117.663
134200 115.775
134300 115.85
134400 117.464
134500 119.268
134600 120.962
134700 122.116
134800 122.697
134900 122.932
135000 122.952
135100 122.788
135200 122.431
135300 121.848
135400 120.977
135500 119.723
135600 117.965
135700 115.599
135800 112.636
135900 109.317
136000 106.087
136100 103.307
136200 101.058
136300 99.3143
136400 98.0864
136500 97.3309
136600 96.9438
136700 96.866
136800 97.1125
136900 97.6988
137000 98.5812
137100 99.6979
137200 101.069
137300 102.867
137400 105.232
137500 107.832
137600 109.991
137700 111.379
137800 112.122
137900 112.419
138000 112.374
138100 112.024
138200 111.37
138300 110.394
138400 109.074
138500 107.412
138600 105.473
138700 103.433
138800 101.571
138900 100.165
139000 99.3481
139100 99.1077
139200 99.3946
139300 100.157
139400 101.324
139500 102.802
139600 104.476
139700 106.24
139800 108.001
139900 109.69
140000 111.26
140100 112.681
140200 113.931
140300 114.987
140400 115.822
140500 116.416
140600 116.763
140700 116.889
140800 116.854
140900 116.753
141000 116.689
141100 116.751
141200 117
141300 117.482
141400 118.241
141500 119.312
141600 120.725
141700 122.495
141800 124.624
141900 127.084
142000 129.785
142100 132.503
142200 134.899
142300 136.687
142400 137.78
142500 138.256
142600 138.236
142700 137.804
142800 137.003
142900 135.852
143000 134.359
143100 132.543
143200 130.453
143300 128.185
143400 125.881
143500 123.709
143600 121.794
143700 120.172
143800 118.802
143900 117.576
144000 116.426
144100 115.336
144200 114.384
144300 113.698
144400 113.406
144500 113.485
144600 113.829
144700 114.314
144800 114.822
144900 115.262
145000 115.57
145100 115.709
145200 115.659
145300 115.414
145400 114.976
145500 114.35
145600 113.54
145700 112.598
145800 111.753
145900 111.458
146000 112.042
146100 113.503
146200 115.543
146300 117.775
146400 119.821
146500 121.428
146600 122.528
146700 123.153
146800 123.361
146900 123.205
147000 122.728
147100 121.975
147200 121.004
147300 119.884
147400 118.673
147500 117.436
147600 116.314
147700 115.472
147800 115.152
147900 115.51
148000 116.507
148100 117.875
148200 119.389
148300 121.001
148400 122.762
148500 124.665
148600 126.647
148700 128.589
148800 130.426
148900 132.089
149000 133.507
149100 134.63
149200 135.424
149300 135.854
149400 135.862
149500 135.35
149600 134.228
149700 132.572
149800 130.729
149900 129.097
150000 127.897
150100 127.067
150200 126.424
150300 125.825
150400 125.219
150500 124.577
150600 123.912
150700 123.287
150800 122.773
150900 122.424
151000 122.318
151100 122.488
151200 122.942
151300 123.652
151400 124.59
151500 125.721
151600 126.907
151700 127.937
151800 128.644
151900 128.972
152000 128.957
152100 128.677
152200 128.2
152300 127.573
152400 126.822
152500 125.965
152600 125.006
152700 123.952
152800 122.82
152900 121.638
153000 120.429
153100 119.246
153200 118.117
153300 116.975
153400 115.793
153500 114.576
153600 113.397
153700 112.411
153800 111.789
153900 111.628
154000 111.933
154100 112.651
154200 113.669
154300 114.836
154400 115.997
154500 117.046
154600 117.925
154700 118.616
154800 119.13
154900 119.507
155000 119.825
155100 120.188
155200 120.688
155300 121.342
155400 122.08
155500 122.789
155600 123.362
155700 123.734
155800 123.893
155900 123.873
156000 123.718
156100 123.469
156200 123.159
156300 122.811
156400 122.433
156500 122.012
156600 121.52
156700 120.919
156800 120.197
156900 119.425
157000 118.665
157100 117.873
157200 117.058
157300 116.422
157400 116.023
157500 115.721
157600 115.486
157700 115.395
157800 115.488
157900 115.732
158000 116.077
158100 116.484
158200 116.919
158300 117.345
158400 117.721
158500 118.004
158600 118.143
158700 118.077
158800 117.72
158900 116.994
159000 115.916
159100 114.724
159200 113.811
159300 113.461
159400 113.708
159500 114.457
159600 115.572
159700 116.906
159800 118.308
159900 119.665
160000 120.905
160100 121.993
160200 122.915
160300 123.668
160400 124.253
160500 124.674
160600 124.932
160700 125.021
160800 124.922
160900 124.632
161000 124.266
161100 124.042
161200 124.029
161300 124.189
161400 124.519
161500 125.014
161600 125.647
161700 126.37
161800 127.127
161900 127.858
162000 128.513
162100 129.037
162200 129.37
162300 129.455
162400 129.245
162500 128.722
162600 127.905
162700 126.848
162800 125.632
162900 124.334
163000 123.013
163100 121.709
163200 120.441
163300 119.225
163400 118.08
163500 117.033
163600 116.111
163700 115.337
163800 114.721
163900 114.252
164000 113.923
164100 113.795
164200 113.959
164300 114.406
164400 115.011
164500 115.635
164600 116.194
164700 116.652
164800 117.004
164900 117.245
165000 117.376
165100 117.402
165200 117.334
165300 117.182
165400 116.957
165500 116.669
165600 116.325
165700 115.912
165800 115.403
165900 114.806
166000 114.219
166100 113.816
166200 113.664
166300 113.7
166400 113.862
166500 114.147
166600 114.573
166700 115.157
166800 115.898
166900 116.773
167000 117.739
167100 118.751
167200 119.777
167300 120.793
167400 121.773
167500 122.683
167600 123.48
167700 124.117
167800 124.543
167900 124.714
168000 124.619
168100 124.297
168200 123.816
168300 123.224
168400 122.542
168500 121.784
168600 120.97
168700 120.139
168800 119.339
168900 118.63
169000 118.085
169100 117.783
169200 117.805
169300 118.207
169400 118.969
169500 119.973
169600 121.075
169700 122.158
169800 123.139
169900 123.954
170000 124.555
170100 124.912
170200 125.013
170300 124.857
170400 124.457
170500 123.839
170600 123.036
170700 122.093
170800 121.06
170900 119.971
171000 118.854
171100 117.742
171200 116.694
171300 115.814
171400 115.209
171500 114.914
171600 114.864
171700 114.972
171800 115.185
171900 115.492
172000 115.903
172100 116.421
172200 117.029
172300 117.69
172400 118.358
172500 118.993
172600 119.585
172700 120.161
172800 120.779
172900 121.476
173000 122.174
173100 122.714
173200 122.969
173300 122.894
173400 122.515
173500 121.873
173600 120.995
173700 119.897
173800 118.598
173900 117.133
174000 115.561
174100 113.976
174200 112.513
174300 111.321
174400 110.528
174500 110.235
174600 110.546
174700 111.642
174800 113.733
174900 116.705
175000 119.971
175100 122.897
175200 125.24
175300 127.084
175400 128.558
175500 129.737
175600 130.648
175700 131.287
175800 131.638
175900 131.678
176000 131.387
176100 130.757
176200 129.825
176300 128.703
176400 127.536
176500 126.394
176600 125.275
176700 124.276
176800 123.569
176900 123.385
177000 123.865
177100 124.959
177200 126.502
177300 128.339
177400 130.327
177500 132.333
177600 134.24
177700 135.957
177800 137.428
177900 138.622
178000 139.535
178100 140.167
178200 140.497
178300 140.441
178400 139.848
178500 138.596
178600 136.668
178700 134.151
178800 131.237
178900 128.209
179000 125.374
179100 122.954
179200 121.095
179300 119.807
179400 118.977
179500 118.507
179600 118.293
179700 118.245
179800 118.285
179900 118.353
180000 118.399
180100 118.38
180200 118.261
180300 118.012
180400 117.597
180500 116.955
180600 115.983
180700 114.556
180800 112.614
180900 110.282
181000 107.867
181100 105.708
181200 104.022
181300 102.896
181400 102.365
181500 102.407
181600 102.934
181700 103.827
181800 104.966
181900 106.249
182000 107.595
182100 108.949
182200 110.28
182300 111.598
182400 112.949
182500 114.402
182600 116.023
182700 117.807
182800 119.628
182900 121.269
183000 122.525
183100 123.325
183200 123.728
183300 123.846
183400 123.773
183500 123.571
183600 123.287
183700 122.959
183800 122.621
183900 122.312
184000 122.084
184100 121.997
184200 122.104
184300 122.414
184400 122.916
184500 123.637
184600 125.007
184700 127.642
184800 131.562
184900 136.347
185000 141.012
185100 144.648
185200 147.132
185300 148.713
185400 149.612
185500 149.949
185600 149.772
185700 149.086
185800 147.883
185900 146.175
186000 144.034
186100 141.607
186200 139.041
186300 136.396
186400 133.862
186500 131.992
186600 130.836
186700 130.048
186800 129.613
186900 129.504
187000 129.663
187100 130.037
187200 130.58
187300 131.252
187400 132.027
187500 132.888
187600 133.824
187700 134.82
187800 135.866
187900 136.933
188000 137.944
188100 138.755
188200 139.219
188300 139.253
188400 138.841
188500 138.006
188600 136.794
188700 135.268
188800 133.491
188900 131.532
189000 129.466
189100 127.37
189200 125.313
189300 123.36
189400 121.574
189500 120.022
189600 118.761
189700 117.811
189800 117.141
189900 116.679
190000 116.352
190100 116.106
190200 115.903
190300 115.719
190400 115.544
190500 115.378
190600 115.233
190700 115.135
190800 115.108
190900 115.203
191000 115.506
191100 116.14
191200 117.085
191300 118.166
191400 119.256
191500 120.3
191600 121.246
191700 122.043
191800 122.645
191900 123.017
192000 123.129
192100 122.958
192200 122.477
192300 121.659
192400 120.488
192500 118.985
192600 117.26
192700 115.508
192800 113.888
192900 112.43
193000 111.212
193100 110.4
193200 109.979
193300 109.792
193400 109.733
193500 109.77
193600 109.921
193700 110.211
193800 110.649
193900 111.213
194000 111.835
194100 112.427
194200 112.911
194300 113.216
194400 113.28
194500 113.062
194600 112.569
194700 111.858
194800 111.011
194900 110.091
195000 109.117
195100 108.068
195200 106.912
195300 105.618
195400 104.174
195500 102.588
195600 100.898
195700 99.1801
195800 97.5369
195900 96.0674
196000 94.8296
196100 93.8479
196200 93.2263
196300 93.3306
196400 94.5117
196500 96.6114
196600 98.9787
196700 101.044
196800 102.642
196900 103.815
197000 104.638
197100 105.167
197200 105.437
197300 105.467
197400 105.271
197500 104.865
197600 104.279
197700 103.576
197800 102.872
197900 102.335
198000 102.274
198100 103.182
198200 105.33
198300 108.209
198400 111.215
198500 114.035
198600 116.495
198700 118.571
198800 120.309
198900 121.746
199000 122.911
199100 123.827
199200 124.509
199300 124.967
199400 125.2
199500 125.196
199600 124.935
199700 124.416
199800 123.674
199900 122.777
200000 121.792
