# Fix print output for fix totenergy
-13595.8965823843
-13595.8965841458
-13595.8965766774
-13595.8965870666
-13595.8965785751
-13595.8965812521
-13595.8965677655
-13595.8965581789
-13595.8965487858
-13595.8965524181
-13595.8965075077
-13595.8964666052
-13595.8963819773
-13595.8962512299
-13595.896005196
-13595.8956214742
-13595.8950110844
-13595.8940472205
-13595.8924696914
-13595.8899180191
-13595.8857570459
-13595.8789782311
-13595.8679189032
-13595.8499723948
-13595.8210746936
-13595.7748948166
-13595.7021347339
-13595.5898251981
-13595.4224218515
-13595.186186149
-13594.8815588029
-13594.5417443591
-13594.2467982617
-13594.1028977406
-13594.1774847388
-13594.4404362092
-13594.7839891251
-13595.1019757999
-13595.3427101126
-13595.5046954874
-13595.6070107744
-13595.6693138726
-13595.7049852515
-13595.7209247989
-13595.7168671714
-13595.6784988917
-13595.5515706749
-13595.1808372341
-13594.3470499015
-13593.2743176956
-13592.7878509931
-13593.2691636942
-13594.1831923695
-13594.9259747852
-13595.369837232
-13595.6149639162
-13595.7535222816
-13595.8341218268
-13595.8786924324
-13595.8964744237
-13595.8907686638
-13595.8630005763
-13595.817080719
-13595.7666407739
-13595.7484452386
-13595.8388679905
-13596.1304142216
-13596.596918018
-13597.0334289789
-13597.2942660579
-13597.4089709765
-13597.4546851863
-13597.4770915147
-13597.4864823013
-13597.4728230317
-13597.4205129339
-13597.3150385673
-13597.1414251064
-13596.879470563
-13596.4918795797
-13595.9084889248
-13595.142703705
-13594.5864020023
-13594.6975096268
-13595.2795934148
-13595.8281688493
-13596.1458905192
-13596.2869092076
-13596.3374137731
-13596.344741764
-13596.3264387355
-13596.2866673664
-13596.2231665209
-13596.1284006938
-13595.9889212326
-13595.7859204853
-13595.5028770399
-13595.1476795156
-13594.7862282867
-13594.5477743846
-13594.5594874101
-13594.8502747418
-13595.3233996092
-13595.8093635792
-13596.1562400926
-13596.3340096262
-13596.4084239642
-13596.4366381616
-13596.4434477284
-13596.4367595744
-13596.4166113834
-13596.3779892191
-13596.3110797371
-13596.2017714324
-13596.0361464003
-13595.813741707
-13595.5707406267
-13595.3956234294
-13595.4023815537
-13595.6521409736
-13596.0885518262
-13596.5680821328
-13596.9610076779
-13597.2225689965
-13597.3750368373
-13597.4549311154
-13597.4868988122
-13597.4887262384
-13597.4770070186
-13597.4599044411
-13597.4311281035
-13597.3782890087
-13597.2934632572
-13597.1756226403
-13597.0261858842
-13596.845779136
-13596.6339408099
-13596.3919647112
-13596.1273825874
-13595.8581250177
-13595.6143578532
-13595.4335481809
-13595.3494800709
-13595.3809164367
-13595.5278466179
-13595.7673393294
-13596.0368609977
-13596.252715981
-13596.3812040909
-13596.4452897611
-13596.4755035279
-13596.4893863604
-13596.4940470766
-13596.4902505818
-13596.4722426236
-13596.420689491
-13596.2808952211
-13595.9385027549
-13595.3364647003
-13594.7638194978
-13594.629925406
-13594.9692394856
-13595.5379097132
-13596.106801121
-13596.5687086324
-13596.9066709338
-13597.1382993257
-13597.2850891565
-13597.3645334086
-13597.3933565493
-13597.3923331259
-13597.3713025457
-13597.2907515528
-13597.0618376383
-13596.6087273427
-13595.9572368388
-13595.3212216822
-13595.0382389212
-13595.2978018588
-13595.9411668461
-13596.5298641858
-13596.8088565435
-13596.8973194351
-13596.9232012785
-13596.9304130367
-13596.9292624242
-13596.9185967951
-13596.8891277386
-13596.8203946026
-13596.677535667
-13596.4250061074
-13596.0802688245
-13595.7786053147
-13595.7183017128
-13595.9510272457
-13596.2839556294
-13596.498728779
-13596.5795947927
-13596.6121422306
-13596.6350238159
-13596.6950885952
-13596.8213877664
-13596.9736228548
-13597.101704361
-13597.1858047926
-13597.2279910467
-13597.236866554
-13597.2204151276
-13597.1834438496
-13597.1260424207
-13597.0430819212
-13596.9252537603
-13596.7636372229
-13596.5595265801
-13596.3360110008
-13596.1392174835
-13596.0145048083
-13595.9735600363
-13595.9886258886
-13596.0207700436
-13596.0467311149
-13596.0599383976
-13596.0598605875
-13596.0462822192
-13596.0182038892
-13595.9739365915
-13595.9114391075
-13595.8295050779
-13595.7302854024
-13595.6237681021
-13595.5345550483
-13595.5077432275
-13595.6018748528
-13595.8475008758
-13596.1892629218
-13596.5118950137
-13596.7452181388
-13596.8924795206
-13596.9825373438
-13597.0378978231
-13597.0698144566
-13597.0808125549
-13597.0652340928
-13597.005542659
-13596.8602494887
-13596.5415979875
-13595.9225798277
-13595.0543768816
-13594.5211319935
-13594.4683835614
-13594.4649840827
-13594.3553525595
-13594.2488395933
-13595.1639049995
-13596.3919513863
-13597.0263622149
-13597.2488298287
-13597.3221768201
-13597.3445473364
-13597.3469364214
-13597.3401338918
-13597.3282432737
-13597.312502117
-13597.2922926239
-13597.2658070011
-13597.2311777582
-13597.1880602641
-13597.1355606771
-13597.0684871745
-13596.9761388411
-13596.8434143302
-13596.6546763495
-13596.404907214
-13596.120751146
-13595.8826643013
-13595.8138552319
-13596.0037717599
-13596.4114963004
-13596.8678170286
-13597.2060461131
-13597.3816508996
-13597.4546092388
-13597.4909819197
-13597.513898043
-13597.5177247939
-13597.4901786958
-13597.4094148774
-13597.2017082483
-13596.6054112872
-13595.1181257214
-13593.3259342037
-13593.2098831365
-13594.5311777604
-13595.6824495186
-13596.2638005634
-13596.5225033119
-13596.6405270158
-13596.6929264838
-13596.7078205189
-13596.6943762234
-13596.6512835328
-13596.5673565596
-13596.4182636916
-13596.16441928
-13595.7679470622
-13595.2629679097
-13594.861568228
-13594.9058559193
-13595.5333561137
-13596.4031843177
-13597.0005953449
-13597.2399520433
-13597.3107760115
-13597.3291179248
-13597.328624489
-13597.3091992328
-13597.2586157566
-13597.1628081246
-13597.0128227186
-13596.8122567073
-13596.5860328089
-13596.3767443768
-13596.2134665181
-13596.1173932316
-13595.9658110429
-13595.6777808939
-13595.2994296074
-13594.9562005062
-13594.9603727034
-13595.4217532658
-13596.0092599541
-13596.3954955789
-13596.5758635303
-13596.6510846035
-13596.6819840644
-13596.6929592801
-13596.6912766731
-13596.6745220711
-13596.6288120483
-13596.5183252595
-13596.2714604937
-13595.8147624157
-13595.2400580585
-13594.8949350707
-13595.0004699831
-13595.3718020985
-13595.6312224472
-13595.7893317861
-13595.8940432602
-13596.0652226719
-13596.2787005684
-13596.4964822128
-13596.6803633273
-13596.815684196
-13596.9030773641
-13596.9478235383
-13596.9571661088
-13596.9407089218
-13596.9054639347
-13596.8416216173
-13596.6980563441
-13596.3479541164
-13595.6174642581
-13594.6516997161
-13594.1604287818
-13594.3988608088
-13594.8544103461
-13595.1945323793
-13595.4135454891
-13595.5582235767
-13595.6538752196
-13595.7128006505
-13595.7416466171
-13595.7433045276
-13595.7167340004
-13595.6553318791
-13595.5444417013
-13595.3571447987
-13595.0554257695
-13594.6148510865
-13594.0976924099
-13593.7239250734
-13593.7707272221
-13594.2851708824
-13594.9683027798
-13595.4707050719
-13595.7210634406
-13595.8242609255
-13595.8631992343
-13595.873407261
-13595.8672206546
-13595.847536408
-13595.8125846269
-13595.757555521
-13595.6756345732
-13595.5610270394
-13595.4140601982
-13595.2456988645
-13595.0763921958
-13594.9294115266
-13594.8237554412
-13594.7699314582
-13594.7687580725
-13594.8124109363
-13594.8871616539
-13594.9783510177
-13595.07405772
-13595.1672224766
-13595.256470244
-13595.3463784039
-13595.4459793082
-13595.5588347827
-13595.6685984338
-13595.7533146693
-13595.8079311988
-13595.8395067598
-13595.8557825054
-13595.8612345966
-13595.8567649215
-13595.8390579558
-13595.79749459
-13595.7076072806
-13595.5288858328
-13595.2368487902
-13594.8785149103
-13594.5557791323
-13594.3562680615
-13594.3201291081
-13594.4328462497
-13594.6384220789
-13594.8711581605
-13595.0837218397
-13595.2552942546
-13595.3843059854
-13595.4777565098
-13595.544359261
-13595.59162865
-13595.6244183795
-13595.6430587248
-13595.6416968425
-13595.6072224589
-13595.5165075446
-13595.3281882865
-13594.9863434104
-13594.4721052116
-13593.9055517369
-13593.5639246203
-13593.6716233139
-13594.1493538753
-13594.7035424832
-13595.1241610114
-13595.3800107334
-13595.520457733
-13595.5929692166
-13595.6249782183
-13595.6288463144
-13595.6072102393
-13595.5545331077
-13595.453552334
-13595.2646126197
-13594.9030393229
-13594.2265742469
-13593.1829471348
-13592.2716770364
-13592.4934890474
-13594.0086079751
-13595.2822403391
-13595.6522648891
-13595.7364986792
-13595.7599359068
-13595.761011048
-13595.7443750656
-13595.7045875586
-13595.6276947343
-13595.4883081588
-13595.2518300376
-13594.8955420297
-13594.4549675393
-13594.0608346376
-13593.8946484816
-13594.0485450813
-13594.4341942573
-13594.8667758695
-13595.2136827647
-13595.4436614353
-13595.5812478383
-13595.658625141
-13595.6979613677
-13595.7107855216
-13595.6994912897
-13595.6541112186
-13595.5284231674
-13595.1307022192
-13593.9174292948
-13592.0579080112
-13591.655590391
-13592.8647548672
-13594.0946584867
-13594.8106222834
-13595.1865109347
-13595.3947500834
-13595.5173606863
-13595.5899836641
-13595.6283001389
-13595.638380014
-13595.6200123737
-13595.5666738646
-13595.4636008331
-13595.2845946545
-13594.9937752626
-13594.5719931391
-13594.0959024533
-13593.8195903891
-13594.050998384
-13594.7711009225
-13595.5298850113
-13595.992190576
-13596.2064176635
-13596.3012348943
-13596.3421840477
-13596.3526635287
-13596.3378981146
-13596.2937887588
-13596.2097061284
-13596.0708171945
-13595.866189873
-13595.6098721696
-13595.3730997613
-13595.2987374674
-13595.5570798981
-13596.2179476979
-13597.0205149392
-13597.5382985605
-13597.7692639461
-13597.8741722255
-13597.9265978824
-13597.9481720657
-13597.944051388
-13597.9198006497
-13597.8952719344
-13597.91371513
-13598.028719487
-13598.2602288217
-13598.5705094964
-13598.9025853943
-13599.2238117444
-13599.5252213025
-13599.8020471516
-13600.0415643134
-13600.2281074417
-13600.3562381996
-13600.4326135103
-13600.4689254968
-13600.4744549467
-13600.4547309306
-13600.4182220941
-13600.3847950776
-13600.3817581867
-13600.4260640428
-13600.5169893362
-13600.6453815951
-13600.8014285031
-13600.9754991195
-13601.1571464484
-13601.334510576
-13601.4956187577
-13601.6306781587
-13601.7339056182
-13601.804916503
-13601.8473297728
-13601.8650714567
-13601.8554163014
-13601.7955106992
-13601.6165390709
-13601.1843221972
-13600.4012290096
-13599.5441046958
-13599.2638985187
-13599.7465455943
-13600.4572595556
-13600.952500748
-13601.2058752329
-13601.3264526401
-13601.3870231747
-13601.4164873921
-13601.4203683088
-13601.3937236232
-13601.3295392722
-13601.224800047
-13601.0804812062
-13600.8857637046
-13600.591878621
-13600.078350971
-13599.310940788
-13598.1561395138
-13597.2268387558
-13597.304683804
-13598.5770069208
-13599.8193793912
-13600.4647666293
-13600.7523014766
-13600.8846673258
-13600.9434057744
-13600.9598446772
-13600.9481432865
-13600.9140459803
-13600.8533205959
-13600.7443903724
-13600.537841482
-13600.1676299527
-13599.6489408903
-13599.2263857064
-13599.2429265267
-13599.7104423178
-13600.3044549861
-13600.7716014482
-13601.0654180327
-13601.2303506636
-13601.3153968768
-13601.3545636798
-13601.3678403533
-13601.3645619129
-13601.3480489465
-13601.3187376855
-13601.2758321428
-13601.2178681878
-13601.1428398127
-13601.0475937848
-13600.926019686
-13600.7671661616
-13600.5552665347
-13600.2797979651
-13599.9677107157
-13599.721816809
-13599.6880967806
-13599.9183999897
-13600.2936083488
-13600.6435259626
-13600.8888108197
-13601.0388278778
-13601.1271183943
-13601.178473345
-13601.2054396688
-13601.2113445117
-13601.1911299183
-13601.1261088295
-13600.9653201279
-13600.5839682134
-13599.7892003493
-13598.7052273599
-13598.2823957091
-13599.1550321384
-13600.427404809
-13601.2093334838
-13601.5372058257
-13601.660059754
-13601.7032521003
-13601.7087160593
-13601.6876145393
-13601.6409966704
-13601.5662902405
-13601.4590172263
-13601.3116569191
-13601.1079520024
-13600.8150320922
-13600.4043152094
-13599.9487658114
-13599.7210599717
-13599.9928902532
-13600.6578088781
-13601.3261574882
-13601.7556503487
-13601.9704969132
-13602.0704339855
-13602.1134325429
-13602.1213861022
-13602.102716359
-13602.0641703936
-13602.0175112784
-13601.9793361604
-13601.9587616922
-13601.9466747383
-13601.9257470187
-13601.8838398006
-13601.8063884464
-13601.6542045406
-13601.3413972093
-13600.7511241327
-13599.8992014808
-13599.198021096
-13599.2351991995
-13599.9534563453
-13600.6679483661
-13601.0189268595
-13601.1278617532
-13601.1549494471
-13601.1621049175
-13601.1593821602
-13601.1374120652
-13601.0801133137
-13600.9774950505
-13600.8454394937
-13600.7346779152
-13600.7019863214
-13600.7650652353
-13600.8840625062
-13601.0470744423
-13601.1009435491
-13601.1150034772
-13601.0994121903
-13600.948800051
-13600.6623575975
-13600.1973982859
-13600.0001973915
-13600.394011889
-13600.9679047269
-13601.3326069954
-13601.4916083178
-13601.5537089086
-13601.5822252613
-13601.5969402453
-13601.5923854886
-13601.5465737946
-13601.4333035106
-13601.2613618321
-13601.1288465364
-13601.1631090291
-13601.3483673437
-13601.4650884098
-13601.5320851012
-13601.6067347723
-13601.7030959834
-13601.9025073833
-13602.1396957798
-13602.337839208
-13602.4561336404
-13602.5085405859
-13602.5257780721
-13602.5296172717
-13602.5256785814
-13602.4974809339
-13602.3837845437
-13602.0408174575
-13601.336448773
-13600.5327887968
-13600.1262522838
-13600.0747453588
-13600.0648476266
-13599.992313564
-13600.1231417509
-13600.6801057116
-13601.3494450989
-13601.7765124501
-13601.9494560214
-13601.994280451
-13601.9968047067
-13601.9918400634
-13601.9869808276
-13601.97424779
-13601.9297679424
-13601.8129867719
-13601.5875957592
-13601.2819624733
-13601.0292317565
-13600.9657793674
-13601.068418704
-13601.1881585162
-13601.2440863523
-13601.2625629246
-13601.2600137171
-13601.2486758236
-13601.3332594504
-13601.6060452629
-13601.9316076171
-13602.1338512906
-13602.2096796211
-13602.2275665961
-13602.2315187426
-13602.2340111114
-13602.2250403045
-13602.1711459752
-13602.0098549947
-13601.672257959
-13601.1851401957
-13600.7403623625
-13600.49487688
-13600.3036301299
-13600.0894192362
-13599.5143005301
-13598.8229639532
-13598.9246952691
-13600.1532078398
-13601.1437208436
-13601.5367110056
-13601.655346009
-13601.6955380173
-13601.7070112278
-13601.6964394272
-13601.6584587756
-13601.5837185829
-13601.4583145201
-13601.2592309586
-13600.9613834687
-13600.5807226906
-13600.2369735813
-13600.0798412404
-13600.1776843105
-13600.36169252
-13600.5951943908
-13600.9247797963
-13601.365401295
-13601.6986209786
-13601.9346072552
-13602.0788129328
-13602.1704085361
-13602.2248717315
-13602.2491854239
-13602.2479163592
-13602.2241614878
-13602.1797634118
-13602.1163387859
-13602.0342170574
-13601.9252764826
-13601.7566131488
-13601.4412177414
-13600.8900129914
-13600.3101633269
-13600.1391501064
-13600.3496822058
-13600.6064398418
-13600.7600890881
-13600.8230479381
-13600.8360722515
-13600.8231819434
-13600.7888357994
-13600.7214423521
-13600.5952950846
-13600.3720978692
-13600.0168555454
-13599.5577054033
-13599.1612932
-13599.0555673378
-13599.2811768553
-13599.6411375952
-13599.9467305838
-13600.1500107604
-13600.2772892756
-13600.362994958
-13600.4342509153
-13600.5151848174
-13600.6303812583
-13600.8019713003
-13601.0397482876
-13601.3282650026
-13601.6209402829
-13601.8573904533
-13602.0057534694
-13602.0806805878
-13602.1122441816
-13602.1189587123
-13602.1426414006
-13602.0813014231
-13601.8665532923
-13601.1786046275
-13599.9537467825
-13599.1174415321
-13598.9401654512
-13599.1694509277
-13599.6300926016
-13600.3034218576
-13600.8893095697
-13601.2903830548
-13601.5311493928
-13601.6637443648
-13601.7279540681
-13601.7495065377
-13601.7447376183
-13601.7210641055
-13601.6737319215
-13601.5748944832
-13601.3531641038
-13600.9086023568
-13600.2973090609
-13599.874345022
-13599.8435099034
-13600.1169576017
-13600.4047930412
-13600.5869182543
-13600.6834788813
-13600.7572273297
-13600.7316900447
-13600.7430165099
-13600.750796461
-13600.8001360036
-13600.9349023614
-13601.1357022086
-13601.3403987101
-13601.5023698564
-13601.6102287051
-13601.676352985
-13601.7205713051
-13601.7592399693
-13601.8008002396
-13601.8468620888
-13601.8953288039
-13601.9427075828
-13601.9848615786
-13602.0169268103
-13602.033171969
-13602.028059273
-13601.9988710499
-13601.9452279502
-13601.8616875061
-13601.7192983598
-13601.4600701314
-13601.058684416
-13600.616349198
-13600.3558357273
-13600.435574462
-13600.7692904455
-13601.1382949851
-13601.4091713659
-13601.5710881578
-13601.6602206077
-13601.7086035916
-13601.7320967399
-13601.7319397919
-13601.6950745454
-13601.5864233593
-13601.3290028007
-13600.7982308915
-13599.9402754747
-13599.0573360083
-13598.5633315257
-13598.4649450844
-13598.4813014587
-13599.0268868347
-13600.2932391643
-13601.2320284393
-13601.5985295548
-13601.706013347
-13601.7327909103
-13601.7342062397
-13601.7212643171
-13601.6833606569
-13601.5888399923
-13601.3888928271
-13601.0616851317
-13600.7178275035
-13600.6222761002
-13600.9101316789
-13601.3598123407
-13601.7099524384
-13601.9126302882
-13602.0247142957
-13602.1001075138
-13602.1670194439
-13602.2389841632
-13602.3281507297
-13602.4491795237
-13602.5882154111
-13602.6855609905
-13602.7246444482
-13602.7356034574
-13602.7386365084
-13602.7399121609
-13602.738854188
-13602.7300943357
-13602.7015252149
-13602.6301482151
-13602.4820865872
-13602.2386880661
-13601.9449449964
-13601.6935397279
-13601.5325646103
-13601.4393810543
-13601.3723306658
-13601.3068693195
-13601.2467508954
-13601.2213642348
-13601.247021722
-13601.2991506322
-13601.3411864748
-13601.3554980053
-13601.3424912897
-13601.3060715199
-13601.236947092
-13601.0789562199
-13600.7036811722
-13600.0966841961
-13599.5415087406
-13599.36240426
-13599.6490455648
-13600.2096068303
-13600.7867506355
-13601.2491467559
-13601.5855344172
-13601.8279749765
-13602.0082886194
-13602.1474642296
-13602.2561311673
-13602.3363339361
-13602.3844241861
-13602.3989480834
-13602.3866485739
-13602.3496036952
-13602.2525009303
-13601.9469917986
-13601.0958461434
-13599.8244991057
-13599.3118242213
-13599.8078459069
-13600.5059450409
-13600.982151814
-13601.242719118
-13601.3748049126
-13601.4361671196
-13601.4559529277
-13601.4472900412
-13601.4133579268
-13601.3470909171
-13601.2240463863
-13600.9889990699
-13600.5569434057
-13599.91708649
-13599.3598193793
-13599.3797914514
-13600.0525435593
-13600.8999437973
-13601.5093646838
-13601.8333489265
-13601.9900233104
-13602.0751470412
-13602.127385251
-13602.1568943779
-13602.1651773164
-13602.1513393897
-13602.1120253895
-13602.0405148492
-13601.9301525765
-13601.7835620552
-13601.6207703607
-13601.4762210124
-13601.3814562745
-13601.3483544167
-13601.3671648418
-13601.4162717289
-13601.4740308603
-13601.5253207522
-13601.5617413251
-13601.5785383255
-13601.5706751104
-13601.5303924593
-13601.4468119749
-13601.3089513912
-13601.1145067291
-13600.8832082677
-13600.6639994008
-13600.5158396366
-13600.4690975911
-13600.5021273248
-13600.5635753306
-13600.618529954
-13600.6600849022
-13600.6914052582
-13600.7168523272
-13600.7417414749
-13600.7678368238
-13600.7883921502
-13600.7926464673
-13600.7721389138
-13600.7199918922
-13600.6246555722
-13600.4612948969
-13600.1852476509
-13599.7494887915
-13599.1837288842
-13598.6893032799
-13598.5537301509
-13598.872215074
-13599.4431511248
-13599.9869995816
-13600.3661403723
-13600.5870535577
-13600.701721565
-13600.7518708522
-13600.7627304838
-13600.7496215414
-13600.7214141548
-13600.6789886157
-13600.6130566794
-13600.5106790108
-13600.3783294
-13600.2584083285
-13600.1917549745
-13600.1628223736
-13600.1619547397
-13600.0720016771
-13599.956436679
-13599.8082850147
-13599.7011435557
-13599.6972520286
-13599.8102649785
-13599.9899666508
-13600.1533611806
-13600.2581829014
-13600.3118921668
-13600.3354400562
-13600.3430028447
-13600.3383137294
-13600.3128006077
-13600.2368598642
-13600.0424403527
-13599.6298704818
-13599.0066283363
-13598.5284505703
-13598.6849343119
-13599.352113261
-13599.9217662159
-13600.1816961379
-13600.2883892875
-13600.3614108182
-13600.4311209609
-13600.5218550153
-13600.650113564
-13600.7824537335
-13600.8758620595
-13600.9201629228
-13600.9270201721
-13600.908451812
-13600.8689117438
-13600.8074139729
-13600.7218344275
-13600.6125874457
-13600.4846812508
-13600.347692106
-13600.2137528808
-13600.0948563053
-13600.0004759771
-13599.9366094994
-13599.9061525846
-13599.9098323672
-13599.9469095885
-13600.0155271056
-13600.112172396
-13600.2296088671
-13600.3563373477
-13600.4790234188
-13600.5877204902
-13600.6776426853
-13600.74835392
-13600.8025776068
-13600.8458899757
-13600.888198733
-13600.9496965863
-13601.0712505524
-13601.3105348844
-13601.6657956441
-13602.0116365326
-13602.2462067467
-13602.3802439174
-13602.4551211292
-13602.4958167821
-13602.5129975903
-13602.510550831
-13602.4896283797
-13602.4480976976
-13602.3762280582
-13602.2479616998
-13602.0246341715
-13601.7116176001
-13601.4043846636
-13601.1917146155
-13601.0864863465
-13601.0903334461
-13601.0920120091
-13601.1454342551
-13601.1973639486
-13601.2333402593
-13601.2485998013
-13601.2406253632
-13601.2032952427
-13601.1243340243
-13600.9796245023
-13600.720170078
-13600.2593557626
-13599.5269933463
-13598.6827795257
-13598.1985306782
-13598.4043129914
-13599.0788790856
-13599.7576781754
-13600.2101603539
-13600.4565303389
-13600.5784146398
-13600.6321707226
-13600.6464714089
-13600.6339602737
-13600.600322865
-13600.5515265231
-13600.5025789652
-13600.4871799021
-13600.5573834954
-13600.7566091155
-13601.0740187137
-13601.4249820688
-13601.7084659229
-13601.8904443023
-13601.9979872061
-13602.0660353656
-13602.1164334523
-13602.1605919166
-13602.2046166927
-13602.2530499118
-13602.3127885062
-13602.3947968242
-13602.4914881008
-13602.5654293588
-13602.6046381812
-13602.6239663849
-13602.6347310713
-13602.6404983239
-13602.639665296
-13602.625461943
-13602.5822570356
-13602.4772945281
-13602.25289328
-13601.8554867197
-13601.3469516799
-13600.9591899095
-13600.8724003122
-13601.0081608944
-13601.1812712612
-13601.3079113202
-13601.3881630444
-13601.4330344505
-13601.447989738
-13601.4375170422
-13601.4063894901
-13601.3575745766
-13601.289981833
-13601.1972721223
-13601.0698655462
-13600.9048286915
-13600.7240496151
-13600.5784971323
-13600.5137726338
-13600.5376167894
-13600.6373842034
-13600.804238213
-13601.0328740984
-13601.3123093552
-13601.6190338408
-13601.9159883023
-13602.1612430965
-13602.3263121966
-13602.4135788552
-13602.4493778228
-13602.4568995488
-13602.4405543368
-13602.3794140921
-13602.1974910414
-13601.6860419934
-13600.5484494097
-13599.1614472349
-13598.7158300312
-13599.3344379763
-13600.1127846791
-13600.5814701115
-13600.7921556197
-13600.8748176631
-13600.8999040462
-13600.8932455339
-13600.8590367474
-13600.7937171666
-13600.7020223585
-13600.6245463564
-13600.6608414215
-13600.9244098035
-13601.389482085
-13601.8278685567
-13602.061676275
-13602.1331615136
-13602.147965369
-13602.1600138109
-13602.1764182643
-13602.1815469537
-13602.1561633432
-13602.0853097939
-13601.9349791676
-13601.5576766616
-13600.5037428106
-13598.5329264912
-13597.2210306201
-13597.685718335
-13598.7708261169
-13599.4834257745
-13599.8100129803
-13599.9490957379
-13600.0102680105
-13600.0347588848
-13600.0321935567
-13599.9962455039
-13599.9128702313
-13599.7746283227
-13599.610288748
-13599.5156979046
-13599.6317655561
-13600.0473779973
-13600.6907635684
-13601.3377479113
-13601.8163471963
-13602.1157949605
-13602.2897751792
-13602.3830799073
-13602.4238402034
-13602.4297917151
-13602.4102460004
-13602.3606141251
-13602.257678748
-13602.0648947833
-13601.7504243453
-13601.3238598871
-13600.8732451553
-13600.5467776233
-13600.4593519784
-13600.6257288473
-13600.9751930321
-13601.3444343113
-13601.5679562428
-13601.6579746004
-13601.6928016994
-13601.7102611722
-13601.7192798367
-13601.7162940947
-13601.6881875712
-13601.609975261
-13601.4455946381
-13601.1690508459
-13600.8046819132
-13600.4465994528
-13600.0660790401
-13599.8660146992
-13599.1134233952
-13598.8994695924
-13599.794945771
-13601.0190658688
-13601.5380672355
-13601.6509815784
-13601.6742683356
-13601.6788214235
-13601.6745571769
-13601.6548112151
-13601.5984645135
-13601.4631436855
-13601.18998794
-13600.7655568535
-13600.3512725139
-13600.2719403014
-13600.6287120553
-13601.1324998517
-13601.5738372546
-13601.8057444108
-13601.9086405967
-13601.956737191
-13601.9809264002
-13601.9492118267
-13601.9177141658
-13601.8330740162
-13601.6771679747
-13601.3956989227
-13600.7675498663
-13599.3609082744
-13597.5017325305
-13597.14622895
-13598.528458867
-13599.740469638
-13600.2537650946
-13600.4343778919
-13600.5038762617
-13600.5327180577
-13600.5355773674
-13600.5064683916
-13600.438486504
-13600.3596061403
-13600.3852867984
-13600.6963238756
-13601.3124379531
-13601.9262848371
-13602.2657100643
-13602.3843776816
-13602.4249030511
-13602.4471915266
-13602.4510075456
-13602.4268943553
-13602.3772333938
-13602.3115109891
-13602.2373470612
-13602.1581761171
-13602.0744560415
-13601.9849792561
-13601.8871998733
-13601.7788631365
-13601.6623850538
-13601.549254857
-13601.4577720693
-13601.4042775071
-13601.3949179671
-13601.4192937681
-13601.4544456373
-13601.4802803351
-13601.487734499
-13601.4734631226
-13601.4329162507
-13601.3546747821
-13601.2173287916
-13600.9887759899
-13600.6341001547
-13600.1581222518
-13599.6971262951
-13599.5264073312
-13599.7912101719
-13600.2872739339
-13600.7159166858
-13600.9795347764
-13601.1267166868
-13601.2156591129
-13601.2762800806
-13601.3182733723
-13601.3417395684
-13601.3446272219
-13601.3282278597
-13601.2993016985
-13601.2651205991
-13601.2233001979
-13601.1596226852
-13601.0532226994
-13600.9276565706
-13600.6223012267
-13600.223665476
-13600.0023632486
-13600.2123692218
-13600.7425046961
-13601.2775783536
-13601.6820769671
-13601.951342629
-13602.1262984808
-13602.2335365255
-13602.2914484109
-13602.3134958293
-13602.3078784293
-13602.275811469
-13602.208948686
-13602.0838637163
-13601.8508246957
-13601.4300331038
-13600.813791366
-13600.2806291952
-13599.9800295351
-13599.8522644294
-13599.7941457943
-13599.9294707539
-13600.2604141183
-13600.6898456351
-13601.0614180942
-13601.3138258511
-13601.4705205983
-13601.5691671058
-13601.6337141959
-13601.6746436136
-13601.6943181901
-13601.6909485374
-13601.6585591383
-13601.5818857636
-13601.4595633205
-13601.1929788641
-13600.7384622395
-13599.9510610465
-13598.9549385096
-13598.7153646697
-13599.6929676008
-13600.6665803394
-13601.1375455874
-13601.3388501836
-13601.4463875526
-13601.4823043412
-13601.5121533666
-13601.5150196821
-13601.4939288287
-13601.4501620963
-13601.3826411348
-13601.2827808023
-13601.1221904781
-13600.8279317347
-13600.278189897
-13599.4796712829
-13598.8837933683
-13598.9581904377
-13599.5312052069
-13600.0928476473
-13600.5074280173
-13600.7526456752
-13600.9537424926
-13601.1509949634
-13601.366476564
-13601.5711032665
-13601.7214690951
-13601.801846958
-13601.8563052286
-13601.8561880538
-13601.8406024454
-13601.7866900572
-13601.5982243628
-13601.2306687294
-13600.6321449516
-13600.0559179689
-13599.8644332536
-13600.1056372714
-13600.5403053896
-13600.9436918334
-13601.2305463018
-13601.4082838825
-13601.5090478659
-13601.5587953318
-13601.5727780437
-13601.5598567546
-13601.527696701
-13601.4849786631
-13601.4366869994
-13601.4131942575
-13601.3431786718
-13601.2282581506
-13601.1483392491
-13601.1287250386
-13601.2440207625
-13601.5011880848
-13601.7807874362
-13601.9567892954
-13602.0286777291
-13602.0592505051
-13602.0851545187
-13602.1069155614
-13602.1126591258
-13602.0915124331
-13602.0314234804
-13601.9159230978
-13601.7257580319
-13601.4477390401
-13601.0979534814
-13600.7440317572
-13600.4818625088
-13600.3795845577
-13600.4643484262
-13600.7335927327
-13601.1390053278
-13601.5750477223
-13601.929021948
-13602.1572230796
-13602.2814939439
-13602.3398418797
-13602.3608541562
-13602.3623619105
-13602.3530082785
-13602.3309620744
-13602.2731034775
-13602.1051796444
-13601.6930309535
-13601.0878318586
-13600.7015130305
-13600.6570527141
-13600.8228204399
-13600.9880169291
-13601.1366650941
-13601.2727687994
-13601.3620509828
-13601.4914476127
-13601.6219572782
-13601.7565456407
-13601.8843962392
-13601.9880041865
-13602.0603364
-13602.1051907995
-13602.1277785542
-13602.1275021516
-13602.0918666983
-13601.9855368558
-13601.7328097001
-13601.2287299585
-13600.5005103826
-13599.9701979931
-13600.1331290817
-13600.7506200739
-13601.2523673538
-13601.5311615478
-13601.7103103216
-13601.8567289674
-13601.9778619277
-13602.0659221933
-13602.1172845242
-13602.134786563
-13602.1238745034
-13602.0883224447
-13602.0255044275
-13601.9193011397
-13601.7216381117
-13601.2952528905
-13600.282114959
-13598.3221172555
-13596.9705672019
-13598.7585215504
-13601.1932836042
-13601.9344079171
-13602.0810846529
-13602.1236796112
-13602.1325307721
-13602.1126579706
-13602.0582600553
-13601.962610932
-13601.8204519931
-13601.6286027688
-13601.3905226729
-13601.1248813051
-13600.8745282913
-13600.7051271788
-13600.6815739893
-13600.8291033556
-13601.1109390534
-13601.4477769076
-13601.7633756946
-13602.0170877871
-13602.2024387074
-13602.329915485
-13602.4131030469
-13602.4628885253
-13602.4868792948
-13602.4887607042
-13602.4641572961
-13602.3836008386
-13602.1343653532
-13601.4428990468
-13600.2746996407
-13599.4455145828
-13599.550749953
-13600.2663073615
-13601.0232432487
-13601.5569798792
-13601.8744553238
-13602.0526571391
-13602.1491575675
-13602.1957373539
-13602.2080799896
-13602.192240452
-13602.1468076028
-13602.0609917342
-13601.9065366036
-13601.6210232605
-13601.0973478374
-13600.2891564603
-13599.5617634678
-13599.6617778854
-13600.6390374664
-13601.6292700014
-13602.0908917555
-13602.2338263128
-13602.2781569648
-13602.2890640516
-13602.2759718233
-13602.2320541869
-13602.1482102078
-13602.0201054065
-13601.8478791079
-13601.633369521
-13601.3823542299
-13601.1139528797
-13600.869575758
-13600.7095013043
-13600.6929463186
-13600.8575457257
-13601.1959369585
-13601.6202803775
-13601.9907387344
-13602.2350507906
-13602.3756144077
-13602.4538275615
-13602.4945034554
-13602.5088442181
-13602.5018253614
-13602.4763725544
-13602.4344467115
-13602.374185783
-13602.2801265665
-13602.1149741774
-13601.8612481306
-13601.6041794467
-13601.453674322
-13601.4173659337
-13601.4555405175
-13601.5344869961
-13601.630506995
-13601.7268910775
-13601.8131916314
-13601.8844227438
-13601.9392503871
-13601.9776641176
-13601.9991114864
-13602.0007644536
-13601.9760116405
-13601.9122571741
-13601.7884293441
-13601.5760091393
-13601.2593206037
-13600.8955749907
-13600.6582622841
-13600.7144288102
-13601.0371264008
-13601.4498912869
-13601.7985350868
-13602.0338673796
-13602.1797449282
-13602.2724601717
-13602.3343209624
-13602.3730098076
-13602.3882503202
-13602.3767682983
-13602.3308024427
-13602.2258365073
-13601.9849723995
-13601.43149087
-13600.4963363176
-13599.6678969852
-13599.4673410286
-13599.8401505649
-13600.4071617625
-13600.8897603295
-13601.223196064
-13601.4433717226
-13601.5947113503
-13601.7057551096
-13601.791367534
-13601.8579363391
-13601.9061169558
-13601.9316534728
-13601.9304094168
-13601.8998468785
-13601.8178680516
-13601.5594591399
-13600.7649676032
-13599.3382520437
-13598.5279304113
-13599.177908783
-13600.312879055
-13601.0681278005
-13601.432580891
-13601.5957864219
-13601.6674879666
-13601.6927418502
-13601.687448491
-13601.6536166819
-13601.5845273201
-13601.4682084481
-13601.2962831749
-13601.07955456
-13600.8543911165
-13600.6570989722
-13600.5090806875
-13600.4774331656
-13600.6199719151
-13600.824586443
-13600.9751119662
-13601.1263270876
-13601.2321342247
-13601.3646102955
-13601.4967662147
-13601.6190300068
-13601.7199768785
-13601.7916343756
-13601.8314822475
-13601.8427393759
-13601.832101579
-13601.8069186112
-13601.7717380275
-13601.7225906537
-13601.6367349038
-13601.4828534274
-13601.2628290881
-13601.0077619211
-13600.7688010231
-13600.6274092444
-13600.6472542978
-13600.8109079529
-13601.0695249418
-13601.3149229679
-13601.5279803771
-13601.7489650717
-13601.9456829525
-13602.1098587336
-13602.2380827393
-13602.3326680203
-13602.3990463955
-13602.4433153549
-13602.4701204886
-13602.4812485301
-13602.4738567189
-13602.4370743687
-13602.3427898124
-13602.132025107
-13601.7344337269
-13601.1745722666
-13600.6399157639
-13600.3233998399
-13600.2413652072
-13600.2930538808
-13600.3941675397
-13600.5070677384
-13600.6205787072
-13600.7270304474
-13600.8169787197
-13600.8854935779
-13600.9329982395
-13600.9608276355
-13600.9681679105
-13600.9504784295
-13600.8947788064
-13600.7660399156
-13600.4891046961
-13599.9760440419
-13599.2939595286
-13598.8344657414
-13599.030267469
-13599.7883383841
-13600.5976964542
-13601.1502802328
-13601.4592441297
-13601.622322032
-13601.7070323564
-13601.7468544728
-13601.7567494846
-13601.7432261921
-13601.711556966
-13601.6705379039
-13601.629343013
-13601.5863645302
-13601.5538498639
-13601.4863273509
-13601.2985048035
-13600.9877556806
-13600.1628189088
-13598.6952850887
-13597.994189886
-13598.6798398689
-13599.6559858391
-13600.1976286837
-13600.4166964271
-13600.4985259095
-13600.5262398763
-13600.5247213315
-13600.4928114658
-13600.418408981
-13600.2940461578
-13600.1360727129
-13599.9830232953
-13599.8672362524
-13599.8670041317
-13599.9490819885
-13600.1200626624
-13600.4712257465
-13600.8913443006
-13601.274931945
-13601.5718316659
-13601.7625866721
-13601.8732503051
-13601.9299694384
-13601.9524029856
-13601.9516554323
-13601.9298636398
-13601.8786542143
-13601.775696301
-13601.5797002267
-13601.2473655211
-13600.8036800086
-13600.3909658261
-13600.1384312141
-13600.0522746825
-13600.0766345861
-13600.1624576597
-13600.2810817383
-13600.4177580061
-13600.5651567563
-13600.7187265317
-13600.8744581396
-13601.0284734785
-13601.17831013
-13601.3244632027
-13601.4711280792
-13601.6236332203
-13601.7814377183
-13601.931552004
-13602.0580897598
-13602.1558959227
-13602.2285268326
-13602.2801368619
-13602.3122185696
-13602.3235516768
-13602.310318441
-13602.2649106558
-13602.1692976737
-13601.9707253558
-13601.5139823134
-13600.5371148053
-13599.3426775302
-13598.9554011073
-13599.4760228971
-13600.2070794103
-13600.7374784076
-13601.0736587452
-13601.2855850038
-13601.4189379187
-13601.4994141229
-13601.542318097
-13601.5560999194
-13601.5419954499
-13601.4932042681
-13601.3952545477
-13601.2348907462
-13601.0279624093
-13600.8533661746
-13600.8151247961
-13600.9494871479
-13601.2690251144
-13601.5852302085
-13601.8388326531
-13602.0175745933
-13602.1306363531
-13602.1942858992
-13602.1863658814
-13602.203749137
-13602.2008669986
-13602.1587576924
-13602.0404291645
-13601.8007776657
-13601.4002619257
-13600.8260606113
-13600.1507086986
-13599.5889402308
-13599.3982079795
-13599.643393365
-13600.1218745187
-13600.5633337046
-13600.8491653102
-13601.0103930309
-13601.1068006482
-13601.1716094657
-13601.2151643752
-13601.2369812216
-13601.234151174
-13601.2068048205
-13601.1581948553
-13601.0870498455
-13600.9726892979
-13600.7524715382
-13600.3496551615
-13599.9324968141
-13599.7450239429
-13599.8094156516
-13600.175637869
-13600.8540986561
-13601.5372035547
-13601.9531233194
-13602.1538683611
-13602.2429558553
-13602.2815333395
-13602.2947567943
-13602.2859775442
-13602.2427282511
-13602.1394981249
-13601.9464317967
-13601.6543181946
-13601.2908974759
-13600.9665033441
-13600.5208419173
-13600.1137123403
-13599.6266726011
-13599.4362786112
-13599.8394438565
-13600.4508877681
-13600.9171122819
-13601.1608964378
-13601.264369384
-13601.2970068087
-13601.2939504948
-13601.2715902698
-13601.2357115587
-13601.1828879607
-13601.097478061
-13600.9498159495
-13600.7107033469
-13600.3933066197
-13600.0789142861
-13599.8698047878
-13599.826816556
