# Fix print output for fix totenergy
-13597.0163044514
-13597.0142448306
-13597.0030134813
-13596.9615229253
-13596.8460973642
-13596.6236580895
-13596.3533937026
-13596.13872078
-13596.0159720097
-13595.9546121918
-13595.9447065102
-13595.8321413457
-13595.7472745812
-13595.851244381
-13596.22742467
-13596.6624038281
-13596.9494392718
-13597.0801418289
-13597.136095754
-13597.1690513386
-13597.1895623993
-13597.1921135449
-13597.1652351919
-13597.0802778515
-13596.8464868575
-13596.2380824704
-13595.1357994726
-13594.1643946034
-13594.0230608668
-13594.5674172841
-13595.2418186649
-13595.7331690838
-13596.0231477576
-13596.1819806158
-13596.265227804
-13596.3034161215
-13596.3102584533
-13596.2888817543
-13596.2335520844
-13596.1259496681
-13595.9245206451
-13595.5442230852
-13594.863230597
-13593.9047910348
-13593.2496354779
-13593.7968486036
-13595.3167025477
-13596.4091259153
-13596.8070280218
-13596.9417437787
-13596.9959841119
-13597.0142828985
-13597.004245408
-13596.9639267241
-13596.8925265777
-13596.8013782746
-13596.7258305233
-13596.7225748998
-13596.8303915942
-13597.0152725453
-13597.187628926
-13597.3040804548
-13597.3973066707
-13597.5115533981
-13597.6670847172
-13597.8591504478
-13598.059028451
-13598.2336507477
-13598.367319377
-13598.4630570309
-13598.5313910057
-13598.5822026792
-13598.6219688414
-13598.6531446605
-13598.6737246254
-13598.6749873337
-13598.6373853752
-13598.5313657893
-13598.3434916204
-13598.151352238
-13598.1835956824
-13598.6451644241
-13599.374318483
-13599.9841123346
-13600.3298065991
-13600.4976056377
-13600.5842484358
-13600.6365145312
-13600.6679070852
-13600.6806043044
-13600.6828628446
-13600.6955853346
-13600.7382909976
-13600.8102204876
-13600.8951735519
-13600.9803146103
-13601.0624741813
-13601.143423564
-13601.2238717719
-13601.3008102697
-13601.3680256316
-13601.4191367072
-13601.449334023
-13601.4550188439
-13601.431105916
-13601.3672304617
-13601.2436910456
-13601.0310807702
-13600.7079300367
-13600.3116111738
-13599.9854648009
-13599.9008320788
-13600.0728486826
-13600.3725224666
-13600.601747858
-13600.7704548597
-13600.8758814146
-13600.9990112561
-13601.1197171222
-13601.2347298682
-13601.335240611
-13601.4149467731
-13601.4737144475
-13601.5152710777
-13601.543586216
-13601.5597987668
-13601.5604421914
-13601.5351149526
-13601.4619279484
-13601.3002046549
-13600.9905018594
-13600.4983320496
-13599.9090007857
-13599.4680187914
-13599.4409522261
-13599.8656075674
-13600.4867575318
-13601.0090490379
-13601.335962694
-13601.5156244678
-13601.6101727763
-13601.6552596628
-13601.6665254869
-13601.6505229467
-13601.6107410934
-13601.5487629517
-13601.4638237662
-13601.3526651196
-13601.2122572055
-13601.0488682628
-13600.8889700163
-13600.7664365245
-13600.6864212992
-13600.628318998
-13600.5738875496
-13600.5126491935
-13600.4342744371
-13600.3215378947
-13600.146970493
-13599.8834029598
-13599.5410910454
-13599.2033332908
-13598.9837415939
-13598.935547886
-13599.0373719798
-13599.2477355041
-13599.5372811012
-13599.8749007351
-13600.2047787139
-13600.4625950544
-13600.6258057723
-13600.7177683855
-13600.7670868502
-13600.7897726935
-13600.7912332751
-13600.7713910926
-13600.7291053446
-13600.6654522624
-13600.5845114803
-13600.4915711814
-13600.3911557275
-13600.2902475311
-13600.2078321013
-13600.1866692146
-13600.2861602593
-13600.5302299881
-13600.8617432874
-13601.1803161106
-13601.4173976243
-13601.5618634296
-13601.636156244
-13601.6659949509
-13601.6664828281
-13601.6398684891
-13601.5736762567
-13601.4268595458
-13601.0583272321
-13599.9581204817
-13597.4196661886
-13595.8410781533
-13597.3504226269
-13598.8899766144
-13599.4623245585
-13599.6575023488
-13599.7521483267
-13599.8103559206
-13599.8447563461
-13599.8564823575
-13599.8441773287
-13599.8054727549
-13599.7346535084
-13599.61824223
-13599.4282890245
-13599.1212015123
-13598.6724355162
-13598.1887898073
-13597.9921606383
-13598.3415402526
-13598.9971688067
-13599.5181289915
-13599.7915563673
-13599.9152560551
-13599.9742445036
-13600.0033492946
-13600.0082846456
-13599.9855007675
-13599.9409200859
-13599.8933871879
-13599.8580292764
-13599.8373508162
-13599.8267903692
-13599.8214825912
-13599.8191334617
-13599.8205456885
-13599.8292532444
-13599.8510551015
-13599.8935111156
-13599.9665331351
-13600.0862342869
-13600.2804621
-13600.5651767896
-13600.8680456021
-13601.0839127062
-13601.2065713466
-13601.2753849334
-13601.315044581
-13601.3344430435
-13601.3340378126
-13601.3090217173
-13601.2493499232
-13601.1373466186
-13600.976479946
-13600.6969139723
-13600.3118877182
-13599.8209809578
-13599.4020952396
-13599.3451814191
-13599.6831215192
-13600.0812992967
-13600.3749634976
-13600.5544281257
-13600.6549113465
-13600.7063803208
-13600.7255702414
-13600.7191602841
-13600.6880132748
-13600.6331847396
-13600.5652760997
-13600.5162366994
-13600.5456609555
-13600.7202924959
-13601.0409225594
-13601.3845196499
-13601.6258061071
-13601.7586681173
-13601.8305402032
-13601.8732211764
-13601.8980630153
-13601.9056352297
-13601.8917004876
-13601.8473703308
-13601.7540035014
-13601.5707707021
-13601.2235732201
-13600.6646324846
-13600.0489174466
-13599.6724581341
-13599.6199516614
-13599.7612787252
-13599.9614469054
-13600.154859197
-13600.3241727255
-13600.4725440857
-13600.6091582783
-13600.7440984665
-13600.8864160951
-13601.0426168488
-13601.2144324162
-13601.4007798666
-13601.6027193941
-13601.8250130633
-13602.0648681432
-13602.2940995728
-13602.4757322915
-13602.5990183819
-13602.6745929749
-13602.714700073
-13602.7270811631
-13602.7168488207
-13602.6872265016
-13602.639176966
-13602.5702711694
-13602.4746607232
-13602.3479179541
-13602.1962374583
-13602.044295742
-13601.9278573261
-13601.8722132707
-13601.8773480485
-13601.9224888495
-13601.9822428138
-13602.0387581746
-13602.0842275518
-13602.117474297
-13602.1401590272
-13602.1550380745
-13602.1656264632
-13602.1766689917
-13602.1963229942
-13602.2402649489
-13602.3248010272
-13602.4463170376
-13602.5826302243
-13602.7123577137
-13602.823399883
-13602.9111166427
-13602.9743948588
-13603.0131284459
-13603.026601583
-13603.0121714503
-13602.9637000404
-13602.8691128613
-13602.7088632465
-13602.4599207885
-13602.1140845367
-13601.7123931952
-13601.3636367436
-13601.1935878004
-13601.2488668855
-13601.4650761472
-13601.7270922747
-13601.9438089486
-13602.0827171064
-13602.1580819459
-13602.197648717
-13602.2214399986
-13602.2383679525
-13602.2493841777
-13602.2486993747
-13602.2199177602
-13602.1215032339
-13601.8609141897
-13601.3154302361
-13600.5375960934
-13599.9031699583
-13599.5609722483
-13599.5692023858
-13599.8528688413
-13600.3930188154
-13601.1026004453
-13601.7424588528
-13602.1569472932
-13602.3661659196
-13602.4537005158
-13602.4798865149
-13602.4749141334
-13602.4489737104
-13602.397628084
-13602.3029101988
-13602.1375560374
-13601.8874670311
-13601.5994710893
-13601.4030770182
-13601.4207982792
-13601.6462216707
-13601.9747263147
-13602.3155870968
-13602.6244407514
-13602.8646989989
-13603.0086481322
-13603.0775975122
-13603.1064772542
-13603.1144252299
-13603.109886512
-13603.0956000931
-13603.0700755476
-13603.0263584532
-13602.9483188444
-13602.8075712187
-13602.5726817026
-13602.2470560156
-13601.9186993354
-13601.7392012506
-13601.7852445381
-13601.9705615607
-13602.1672676804
-13602.317273848
-13602.4191095434
-13602.4926079504
-13602.5573903134
-13602.6280560888
-13602.7138471645
-13602.8057475764
-13602.8773204284
-13602.9162160265
-13602.9310290568
-13602.9343323499
-13602.9318685613
-13602.917600156
-13602.8658309877
-13602.720071709
-13602.4089897433
-13601.9424554536
-13601.4845199962
-13601.225414696
-13601.1013759799
-13601.1153981683
-13601.2205194409
-13601.4222557031
-13601.6028339562
-13601.8591504699
-13602.2188315894
-13602.5644905874
-13602.7990828979
-13602.9145925502
-13602.9607327574
-13602.9801475032
-13602.9911446206
-13602.9944604442
-13602.97876028
-13602.916877475
-13602.7332127264
-13602.1537122387
-13600.6521805955
-13599.0798038714
-13598.5115665156
-13598.5294878397
-13599.3435438746
-13600.8238984824
-13602.0060415185
-13602.5948121726
-13602.8385357286
-13602.9295657335
-13602.9574558186
-13602.9604934397
-13602.9515918737
-13602.9246122666
-13602.8495191544
-13602.6674668413
-13602.3252584967
-13601.8754643657
-13601.4867067608
-13601.254843407
-13601.1849092741
-13601.1015750229
-13601.0337069009
-13600.8969571325
-13600.915978366
-13601.1058569912
-13601.5052410113
-13601.9528466049
-13602.3158424635
-13602.5136334907
-13602.5896329696
-13602.6172149304
-13602.6286078112
-13602.6273853873
-13602.6061359585
-13602.5548631781
-13602.468436272
-13602.3563681107
-13602.2425453738
-13602.1433470019
-13602.0793169032
-13602.0007393709
-13601.9089414272
-13601.6858206678
-13601.1173620256
-13600.4349216343
-13600.2811199321
-13600.7691560712
-13601.3667981075
-13601.7361132199
-13601.8887671075
-13601.9391583514
-13601.9604977529
-13601.9749261357
-13601.9777274803
-13601.9585301612
-13601.9188147679
-13601.8708685827
-13601.8325809549
-13601.8276400955
-13601.8774606324
-13601.9891182459
-13602.1422517093
-13602.2932758509
-13602.4163095665
-13602.5223923331
-13602.6325347142
-13602.7557209562
-13602.8825203087
-13602.9927349656
-13603.0722882722
-13603.1206973818
-13603.1457376459
-13603.1551618609
-13603.1500960402
-13603.1189913705
-13603.0281080961
-13602.8122714047
-13602.4044695935
-13601.8495620329
-13601.3719928993
-13601.0549183947
-13600.8952326796
-13600.9597480069
-13601.1934861494
-13601.4991301862
-13601.8032754208
-13602.0729004167
-13602.2837238906
-13602.4226851464
-13602.4983950546
-13602.5328294814
-13602.5462117112
-13602.5498279013
-13602.5408907038
-13602.4822990732
-13602.2560801065
-13601.6773979294
-13600.8172179875
-13600.2275384584
-13600.0888269059
-13600.067304456
-13600.0503460989
-13600.1416710541
-13600.854776258
-13601.7660504058
-13602.3090349659
-13602.5174764825
-13602.5804301628
-13602.5954487794
-13602.5947967683
-13602.5802787679
-13602.5330462486
-13602.4147062064
-13602.1837044387
-13601.8571688869
-13601.5786302988
-13601.5259502208
-13601.7222194707
-13601.9460694105
-13602.1583263674
-13602.410326015
-13602.8155498067
-13603.210380199
-13603.411671961
-13603.4750353418
-13603.4908159546
-13603.4927592944
-13603.4909862453
-13603.4885761754
-13603.4846833897
-13603.4729947229
-13603.4388868859
-13603.3614507755
-13603.2280988375
-13603.0514452797
-13602.8645027891
-13602.6971343375
-13602.5581023526
-13602.4294562371
-13602.2673363821
-13602.0334659501
-13601.7666219736
-13601.5750856274
-13601.5130628392
-13601.5335218066
-13601.5672562725
-13601.5795313063
-13601.5644889316
-13601.5211182651
-13601.4275209161
-13601.18992737
-13600.625460358
-13599.7943670219
-13599.2236445118
-13599.2999702738
-13599.8031202001
-13600.2017336698
-13600.4221048025
-13600.5621251274
-13600.6899925447
-13600.7861545871
-13600.9134455976
-13601.0216162579
-13601.1008757699
-13601.1513187386
-13601.1780818677
-13601.1830340783
-13601.1539887553
-13601.0463274515
-13600.7610000818
-13600.1967788517
-13599.5586445882
-13599.5654151096
-13600.3946343319
-13601.1206495428
-13601.4093298201
-13601.6355918449
-13601.847916157
-13602.0568645982
-13602.2117470423
-13602.3119649276
-13602.3666852625
-13602.3859353631
-13602.3764246078
-13602.3380431755
-13602.2551838577
-13602.0688337375
-13601.5965298184
-13600.5103424801
-13599.1180554677
-13598.8829354942
-13599.9589247642
-13601.058603626
-13601.6845281207
-13602.0078676362
-13602.196383957
-13602.3178913433
-13602.3925362416
-13602.427354833
-13602.4298012977
-13602.4054605259
-13602.3490568545
-13602.234823681
-13602.0052699875
-13601.5858765985
-13601.0126464048
-13600.5804003685
-13600.6030475744
-13601.0250937788
-13601.5367159377
-13601.9109886638
-13602.1098353894
-13602.1939727862
-13602.2242493846
-13602.2333510872
-13602.2344829155
-13602.2313820822
-13602.2229284897
-13602.2054352083
-13602.1754754589
-13602.1291873141
-13602.0575734082
-13601.9494136829
-13601.8080768124
-13601.6721819182
-13601.5944603772
-13601.5741473763
-13601.6486279706
-13601.6394178043
-13601.599311353
-13601.4389093957
-13601.1725417209
-13600.9922795145
-13601.1288225126
-13601.5765398167
-13602.0087522995
-13602.251823314
-13602.3537708461
-13602.3941372872
-13602.4127865925
-13602.4212633063
-13602.4162979935
-13602.3812696148
-13602.2746585334
-13602.0018347435
-13601.3974150163
-13600.4192102897
-13599.5796531789
-13599.2588805617
-13599.287327467
-13599.4603436877
-13600.0599580436
-13601.1054870343
-13601.856255711
-13602.154427397
-13602.2587071906
-13602.2944436117
-13602.3026126673
-13602.293604582
-13602.2594485695
-13602.1694167862
-13601.9642053368
-13601.5895663238
-13601.1383317986
-13600.9527474152
-13601.1948267836
-13601.5212555974
-13601.8403278177
-13601.7357685105
-13601.9677746522
-13602.3957805945
-13602.9140890219
-13603.242112901
-13603.3759584212
-13603.4176637877
-13603.427291685
-13603.4265120112
-13603.419913353
-13603.4034609586
-13603.366548453
-13603.2944953713
-13603.1776523121
-13603.0260541192
-13602.8735191569
-13602.7512215189
-13602.6626287173
-13602.6325729981
-13602.5610644875
-13602.4683947538
-13602.3333672252
-13602.1078160569
-13601.907074494
-13601.7451147676
-13601.7043225026
-13601.7789921131
-13601.8910590846
-13601.9835077758
-13602.0395925117
-13602.0622173977
-13602.0559587271
-13602.0151863139
-13601.9009610693
-13601.5659484223
-13600.6481652571
-13599.144672891
-13598.4838869366
-13599.5894020215
-13601.1001876001
-13601.9199427167
-13602.1559913942
-13602.21599799
-13602.2468441265
-13602.2292622663
-13602.2436924907
-13602.2626861735
-13602.2783291229
-13602.2788235286
-13602.2558437186
-13602.1988001945
-13602.0835576742
-13601.857641621
-13601.4335718049
-13600.7642063947
-13600.0790582688
-13599.9414038318
-13600.552139192
-13601.593462662
-13602.4458459005
-13602.8582865849
-13603.0112308014
-13603.0567070394
-13603.0628040519
-13603.0572620352
-13603.0465897019
-13603.0200267222
-13602.9550612891
-13602.83124639
-13602.6476913905
-13602.4298014507
-13602.2142200935
-13602.0260678287
-13601.8728699208
-13601.7497412158
-13601.6452583977
-13601.548525952
-13601.4579068674
-13601.3948491382
-13601.4086765963
-13601.5438026009
-13601.7999836204
-13602.1406012214
-13602.5156629243
-13602.8595532431
-13603.1067600811
-13603.2448871333
-13603.3074766086
-13603.3290055995
-13603.3316583234
-13603.3286261334
-13603.324821243
-13603.3157147021
-13603.288619038
-13603.2291389639
-13603.1289384054
-13602.9887335566
-13602.81583692
-13602.6207555459
-13602.4185584951
-13602.2292084115
-13602.0721205287
-13601.9579532275
-13601.8870240443
-13601.8563062465
-13601.8677220715
-13601.9320228596
-13602.0659319194
-13602.2807403759
-13602.549751303
-13602.7794125742
-13602.9040394602
-13602.9590996949
-13602.991548673
-13603.0160083347
-13603.030400139
-13603.0285638641
-13603.0026622888
-13602.9396820454
-13602.8134131233
-13602.5713605762
-13602.1319266329
-13601.4669367324
-13600.8164421356
-13600.6578792926
-13601.1010936877
-13601.714177536
-13602.1474359901
-13602.3738983881
-13602.4822391164
-13602.5334075548
-13602.5506052435
-13602.5414275213
-13602.5072536558
-13602.4427736155
-13602.3359468256
-13602.171411999
-13601.9359997332
-13601.6257779487
-13601.258046427
-13600.8841390638
-13600.5922661106
-13600.4808205517
-13600.6172447336
-13601.007759822
-13601.548354257
-13602.0263158165
-13602.3206245474
-13602.4744103825
-13602.554469327
-13602.5941194534
-13602.6048469394
-13602.5892775668
-13602.548235574
-13602.4827479288
-13602.3911324456
-13602.2607126291
-13602.0641481845
-13601.7744063757
-13601.4163529165
-13601.1371589729
-13601.1401042618
-13601.4196028843
-13601.7511495853
-13601.9833604251
-13602.1116586202
-13602.1747301226
-13602.1991642419
-13602.1968118695
-13602.1708506822
-13602.1192814442
-13602.0373357856
-13601.9211978156
-13601.771308799
-13601.5918570164
-13601.3803753231
-13601.1344913532
-13600.6521732198
-13599.8901524889
-13599.0081899366
-13598.6536314539
-13599.0394851498
-13599.6662415522
-13600.1146361091
-13600.3314590944
-13600.411617847
-13600.4342475052
-13600.4375595515
-13600.4351838375
-13600.4288572642
-13600.4146690598
-13600.3842399451
-13600.3218129659
-13600.2046760617
-13600.0165507847
-13599.7874347082
-13599.6423164667
-13599.7511832522
-13600.1225700586
-13600.5663070934
-13600.9406218841
-13601.2269793275
-13601.4560260348
-13601.6606767086
-13601.8608863336
-13602.0582308694
-13602.2401886285
-13602.3926233334
-13602.5096685275
-13602.5933604982
-13602.6485558873
-13602.6799777454
-13602.69137636
-13602.6862063472
-13602.6682498215
-13602.6410826158
-13602.6064364135
-13602.5590730127
-13602.4656483926
-13602.1846327198
-13601.4431194405
-13600.1737646114
-13599.0783087287
-13598.9152654014
-13599.5822857276
-13600.296714934
-13600.7363830976
-13600.8925383244
-13601.0055582961
-13601.0663486342
-13601.0982097671
-13601.1068876957
-13601.0892092366
-13601.035985366
-13600.9290576317
-13600.7323892732
-13600.3891801453
-13599.8765151491
-13599.356372668
-13599.1608500568
-13599.4160343565
-13599.7709298582
-13599.9823645037
-13600.1968699845
-13600.5117687497
-13600.727331477
-13600.9274189053
-13601.0608011318
-13601.1446030028
-13601.1917218608
-13601.209291746
-13601.2007194048
-13601.1678535836
-13601.1137242253
-13601.0469659449
-13600.9887920597
-13600.9768062192
-13601.0443735645
-13601.1718277384
-13601.2936888682
-13601.4122657273
-13601.4473973177
-13601.4513281716
-13601.4212499633
-13601.3407769763
-13601.413923965
-13601.7159726323
-13602.1394808728
-13602.4657638927
-13602.6367957362
-13602.7189719781
-13602.7645970585
-13602.792650551
-13602.8050920939
-13602.7950263454
-13602.7477585496
-13602.6391082541
-13602.4353138132
-13602.1058769857
-13601.6829155931
-13601.1231985338
-13600.3598338846
-13599.4473936804
-13599.4100148152
-13600.7208814412
-13602.0002752934
-13602.4886263498
-13602.6097462968
-13602.6377029026
-13602.639834739
-13602.6253148108
-13602.5842885673
-13602.4935588189
-13602.3216854502
-13602.0520108076
-13601.7228051753
-13601.4215447711
-13601.2289737051
-13601.0609121526
-13600.968082959
-13601.2066469077
-13601.8016643247
-13602.4685376876
-13602.8978470802
-13603.0880113733
-13603.1623182319
-13603.1908980743
-13603.1957546092
-13603.1794740203
-13603.1387793584
-13603.0714995017
-13602.9800791985
-13602.8700963216
-13602.7482998592
-13602.6216197505
-13602.5233467343
-13602.378766664
-13602.1636927082
-13601.8769727244
-13601.7464516577
-13601.7833380358
-13601.8770281355
-13601.9414648269
-13601.9619787009
-13601.9525016723
-13601.9247731938
-13601.8785282372
-13601.7997193056
-13601.6667669017
-13601.4774115853
-13601.2999154324
-13601.2839478005
-13601.5291366082
-13601.9215882174
-13602.2336360247
-13602.403545073
-13602.4426165184
-13602.4448559083
-13602.4016620487
-13602.3995463474
-13602.430649134
-13602.4818079417
-13602.5264478797
-13602.5479076755
-13602.5425226367
-13602.5103468921
-13602.4425167819
-13602.2994583893
-13601.9582979331
-13601.1597679017
-13599.8889118203
-13599.2701338121
-13600.2152399918
-13601.5403023307
-13602.237822611
-13602.4905080728
-13602.5776769146
-13602.605225182
-13602.6023503292
-13602.5756960075
-13602.5295274451
-13602.4707356035
-13602.4042583115
-13602.3288799918
-13602.2377927931
-13602.119695561
-13601.9561894337
-13601.7137277836
-13601.3360795872
-13600.7689287971
-13600.081844634
-13599.6222615018
-13599.8362046578
-13600.7182395757
-13601.698278637
-13602.3149926454
-13602.5934175537
-13602.7003388017
-13602.7336631977
-13602.732035375
-13602.7037550399
-13602.644038532
-13602.5509497329
-13602.4339736882
-13602.3002019792
-13602.1318836566
-13601.8801316737
-13601.5125210072
-13601.0994691924
-13600.8077032949
-13600.7426207177
-13600.8560342892
-13601.0375070533
-13601.2077507819
-13601.3261777832
-13601.3901962673
-13601.4278047412
-13601.4636679089
-13601.5053917257
-13601.5502112408
-13601.5912312443
-13601.6215253659
-13601.6380773938
-13601.6448553629
-13601.6517612465
-13601.6715460399
-13601.7208063523
-13601.8649010058
-13601.9981391265
-13602.1382698412
-13602.1712127908
-13602.1285591189
-13602.0784807708
-13601.9971608025
-13601.8694039162
-13601.772867552
-13601.7680549419
-13601.8305427399
-13601.8967995683
-13601.9323335409
-13601.9366801944
-13601.9183103839
-13601.8711089872
-13601.7453196566
-13601.4083824023
-13600.7196057198
-13599.9691312344
-13600.0212826247
-13600.9947360636
-13601.8811521756
-13602.1944576331
-13602.3133284041
-13602.3025354369
-13602.3336443371
-13602.3586241151
-13602.3883762256
-13602.4128898283
-13602.4171333061
-13602.3982128034
-13602.3624694274
-13602.3151642569
-13602.2473288913
-13602.1066724573
-13601.7654040281
-13601.2143075262
-13600.8087071337
-13600.8141245703
-13601.1911792889
-13601.7229864324
-13602.1807946977
-13602.4795324003
-13602.6535210873
-13602.7587778207
-13602.8291518605
-13602.8772128861
-13602.904998749
-13602.9112381052
-13602.8924201455
-13602.8409493751
-13602.7402811545
-13602.5542696154
-13602.2110100527
-13601.6114601304
-13600.7724416778
-13600.0669695481
-13600.0251716327
-13600.683310351
-13601.5358318747
-13602.1671895383
-13602.5306005928
-13602.7257217263
-13602.8293291136
-13602.8804928447
-13602.8976029601
-13602.8893740536
-13602.8631458881
-13602.8289383212
-13602.7829789188
-13602.6852355525
-13602.4773216257
-13602.1533901098
-13601.803324374
-13601.5508821519
-13601.4414878753
-13601.4238974431
-13601.4286910051
-13601.4212328072
-13601.3971129783
-13601.3621188767
-13601.3204038581
-13601.271200204
-13601.2103382946
-13601.132781526
-13601.0377397288
-13600.9378797609
-13600.8669200796
-13600.8690314728
-13600.9697887781
-13601.1576281544
-13601.3973883743
-13601.6585246934
-13601.9329020599
-13602.223265231
-13602.5157043171
-13602.7723771807
-13602.9596963969
-13603.0716516916
-13603.1262473119
-13603.1481351919
-13603.1556368904
-13603.1556379761
-13603.1352765234
-13603.0137761095
-13602.5251794308
-13601.4487929933
-13600.3827100154
-13600.1483647489
-13600.7068775741
-13601.4283072088
-13601.9385096587
-13602.2322083298
-13602.3959307679
-13602.4887142832
-13602.5395309921
-13602.5607736289
-13602.5549894855
-13602.5161100955
-13602.4273550929
-13602.2591392172
-13601.9737154373
-13601.5717980667
-13601.0103217044
-13600.2876577104
-13599.5321492638
-13599.641521363
-13600.7025001495
-13601.5773758769
-13601.9963046921
-13602.1743867848
-13602.2565657999
-13602.2968748934
-13602.3135176675
-13602.312444138
-13602.2953706732
-13602.2620872975
-13602.2116314463
-13602.1422208277
-13602.0496074872
-13601.9237787525
-13601.7441753566
-13601.4793011211
-13601.1105684673
-13600.6962835776
-13600.4055858618
-13600.3910259765
-13600.6993613199
-13601.0877374288
-13601.437270794
-13601.6589162706
-13601.7742963605
-13601.8307046263
-13601.8574239645
-13601.8674397882
-13601.86418039
-13601.8425976641
-13601.7818810299
-13601.6176069111
-13601.1945547517
-13600.4107006203
-13599.6789085799
-13599.5607835951
-13600.0101404421
-13600.5884739067
-13601.2088805664
-13601.7370551812
-13602.1600979881
-13602.4715529095
-13602.6805640295
-13602.810129645
-13602.8839938003
-13602.9193948617
-13602.9251821951
-13602.9013824765
-13602.8376879971
-13602.7084839438
-13602.4636010697
-13602.0244330757
-13601.3245838704
-13600.4303791201
-13599.6289385388
-13599.2831970159
-13599.5393419706
-13600.2529538039
-13601.0454128866
-13601.5810250006
-13601.8319504255
-13601.9198538809
-13601.9380772958
-13601.9267275689
-13601.8964415911
-13601.8440822489
-13601.7555711692
-13601.605689496
-13601.367390741
-13601.0480760344
-13600.7471309034
-13600.6505928986
-13600.8780581954
-13601.3357677266
-13601.8068006278
-13602.1501718434
-13602.3567326048
-13602.4739430515
-13602.5409749253
-13602.5762935119
-13602.586013724
-13602.5712010896
-13602.5320308803
-13602.4715473033
-13602.3988553001
-13602.3264933689
-13602.2622172078
-13602.2078164201
-13602.164189509
-13602.1324750677
-13602.1130622393
-13602.1064671317
-13602.1155890694
-13602.145880419
-13602.2002668552
-13602.2704236508
-13602.3380473571
-13602.3887491876
-13602.4178645364
-13602.4235838141
-13602.3972232521
-13602.314731815
-13602.1356791654
-13601.8226499144
-13601.3877492567
-13600.9415060725
-13600.678629939
-13600.7413195562
-13601.0754692943
-13601.4825591694
-13601.8035971351
-13602.0003694449
-13602.104579438
-13602.1552574473
-13602.1775726878
-13602.1841313729
-13602.1792014748
-13602.15866891
-13602.0971624502
-13601.8987038286
-13601.3983321315
-13600.7537471614
-13600.3428197151
-13600.2642394263
-13600.4393484578
-13600.7445675544
-13601.0831346785
-13601.4016027792
-13601.6714162989
-13601.8727880997
-13601.997270078
-13602.0573398609
-13602.0787156751
-13602.0786372478
-13602.0425732432
-13601.9084927847
-13601.5959311452
-13601.1414383497
-13600.8362640816
-13600.9621676111
-13601.3358615811
-13601.6480730991
-13601.8346888652
-13601.9497472908
-13602.0357813456
-13602.1096570889
-13602.1746716894
-13602.2269617894
-13602.2610088712
-13602.2724169429
-13602.2556078086
-13602.1957254268
-13602.0548365887
-13601.7624200069
-13601.2449695966
-13600.5689913589
-13599.8592541291
-13599.4726118239
-13599.2338417394
-13599.4475070047
-13600.3285208575
-13601.2260961127
-13601.7449066256
-13601.9579551136
-13602.030842324
-13602.0485099841
-13602.0385557274
-13602.0014994609
-13601.9254112985
-13601.8015419104
-13601.655742206
-13601.5802184056
-13601.6900960786
-13601.9687021
-13602.2248678406
-13602.3679724595
-13602.415662887
-13602.4989317451
-13602.7236782571
-13602.9978275223
-13603.2073717448
-13603.3165973269
-13603.360659711
-13603.3758352783
-13603.3797003693
-13603.3761266327
-13603.3594115458
-13603.3154600476
-13603.2250846721
-13603.0800424337
-13602.909157739
-13602.7678272095
-13602.6759149278
-13602.6110964386
-13602.5481738397
-13602.4697315842
-13602.3641664239
-13602.2318330686
-13602.0928716625
-13601.9759091456
-13601.8918168407
-13601.8277184449
-13601.7620621836
-13601.674041128
-13601.5377875454
-13601.3026960192
-13600.8688754267
-13600.1315559619
-13599.2684362564
-13598.9716601421
-13599.6819112202
-13600.7849308456
-13601.5309820105
-13601.8698128347
-13602.0055907472
-13602.0575828659
-13602.069158274
-13602.052643496
-13602.0097413249
-13601.938635606
-13601.8357128579
-13601.6971627993
-13601.5270122484
-13601.3536930208
-13601.2503925532
-13601.3224063658
-13601.6276531444
-13602.0839651424
-13602.4936411263
-13602.7427421991
-13602.8698781819
-13602.9377659704
-13602.9764117639
-13602.9934624431
-13602.986667756
-13602.9494993936
-13602.8740553324
-13602.7517810383
-13602.5706941919
-13602.3113920558
-13601.9409562302
-13601.4070448677
-13600.6778727419
-13599.9196159022
-13599.7685224168
-13600.8465542116
-13602.1425275156
-13602.6877198901
-13602.8499652076
-13602.9048142611
-13602.9255042018
-13602.9279458093
-13602.9085576085
-13602.8492033515
-13602.7161330161
-13602.4704543563
-13602.1130772659
-13601.7414435942
-13601.519913697
-13601.4147677854
-13601.4450838843
-13601.6565490237
-13602.1052072813
-13602.6033417243
-13602.969107301
-13603.1602728538
-13603.2392882494
-13603.2664549204
-13603.2726451196
-13603.2703049223
-13603.2626051285
-13603.2472300686
-13603.2189931176
-13603.174373348
-13603.1173173602
-13603.0584636162
-13603.0071833915
-13602.9666680743
-13602.9343162907
-13602.8987287181
-13602.8325797735
-13602.6990214599
-13602.4844533066
-13602.2237047948
-13601.9740497844
-13601.7684300807
-13601.6060225694
-13601.4693775578
-13601.3393021814
-13601.1979436528
-13601.0250608263
-13600.7927319588
-13600.4664210745
-13600.0237679705
-13599.5014068485
-13599.0473131407
-13598.9360701312
-13599.4695013329
-13600.4388423619
-13601.123381868
-13601.4335389594
-13601.5832592869
-13601.6721268977
-13601.7291840493
-13601.7606385714
-13601.7660859312
-13601.7444191091
-13601.6957558561
-13601.6113658585
-13601.4398491644
-13601.0806702942
-13600.5344242436
-13600.1066061981
-13600.1978084362
-13600.8160515173
-13601.5644724827
-13602.0870773896
-13602.3490731626
-13602.4647667348
-13602.5136485851
-13602.5272810565
-13602.5140853519
-13602.4735992604
-13602.4049560947
-13602.3133611043
-13602.2112818847
-13602.1132084575
-13602.0299913517
-13601.9709125518
-13601.950002977
-13601.993768741
-13602.1473721226
-13602.4430354037
-13602.8000176106
-13603.0583454837
-13603.1809445209
-13603.2266599895
-13603.2421642534
-13603.2471206133
-13603.2468345366
-13603.2387029479
-13603.2118026195
-13603.1410102955
-13602.9812548835
-13602.6942082108
-13602.329738802
-13602.0204956832
-13601.8450804682
-13601.8064825226
-13601.881919491
-13602.024240044
-13602.1757994532
-13602.3001454618
-13602.3871165631
-13602.4401466357
-13602.4645643404
-13602.461638743
-13602.4264828826
-13602.3411559726
-13602.1512065033
-13601.7171864505
-13600.8646193433
-13599.8358483164
-13599.3439505031
-13599.5773553135
-13600.1370181231
-13600.6767873859
-13601.0849556689
-13601.3674345589
-13601.5562039252
-13601.6802198916
-13601.7587502043
-13601.801252098
-13601.8130517918
-13601.7990981003
-13601.7610754896
-13601.6941861576
-13601.5904750246
-13601.4450025255
-13601.2605139067
-13601.0669945364
-13601.0023770557
-13601.297097806
-13601.9943578568
-13602.6361677188
-13602.9156428491
-13603.0160612064
-13603.0613241482
-13603.0830609933
-13603.0846970261
-13603.0593880777
-13602.9936499267
-13602.8697503399
-13602.6731076054
-13602.4055983672
-13602.1196617528
-13601.7680556315
-13601.3727848893
-13601.0518198762
-13601.0822018777
-13601.4122715215
-13601.8471123996
-13602.2254215111
-13602.4763797387
-13602.6154948539
-13602.6897600885
-13602.7293276613
-13602.745537474
-13602.7394845408
-13602.7084245363
-13602.6515022385
-13602.5736931443
-13602.4840738681
-13602.3867436972
-13602.2705068894
-13602.1202599581
-13601.9661907296
-13601.8990388895
-13601.9783873737
-13602.1618142893
-13602.3601976965
-13602.5139526385
-13602.6075706675
-13602.6498723935
-13602.656015845
-13602.6373074911
-13602.5991062601
-13602.544235074
-13602.4783815386
-13602.4116214969
-13602.3521255116
-13602.2984321787
-13602.2427482092
-13602.1757329861
-13602.0803834596
-13601.9325460296
-13601.7282223772
-13601.5090599788
-13601.3312271749
-13601.2188336961
-13601.1668508384
-13601.1737717881
-13601.2710787989
-13601.4846403483
-13601.7541078645
-13601.9992973667
-13602.1917212388
-13602.3374140129
-13602.4491875872
-13602.5363539362
-13602.6039830964
-13602.6540882147
-13602.6866466442
-13602.6999682838
-13602.6907664246
-13602.6555212577
-13602.5907665735
-13602.4864096763
-13602.3088782338
-13601.9740826525
-13601.3785606086
-13600.6706464691
-13600.396278996
-13600.7645374148
-13601.3355970161
-13601.7400985765
-13601.9447395303
-13602.0319788679
-13602.0625280446
-13602.0621508342
-13602.0369331909
-13601.98752588
-13601.9190654584
-13601.8438663605
-13601.7745717092
-13601.717941373
-13601.681646697
-13601.6689362743
-13601.6401980898
-13601.5079581948
-13601.2530244414
-13601.0181896017
-13600.9335188309
-13600.971841904
-13601.0444029047
-13601.0981710189
-13601.1207888328
-13601.1150927877
-13601.0813055224
-13601.0070348765
-13600.8550667106
-13600.5346713724
-13599.8628642456
-13598.8199867454
-13598.6421505689
-13600.4721307285
-13602.0968674828
-13602.6438405853
-13602.7924060687
-13602.8397158431
-13602.8564828927
-13602.8540169266
-13602.8214293993
-13602.7397006899
-13602.5944745909
-13602.3802551371
-13602.0984337304
-13601.7614614383
-13601.4016154022
-13601.0724801696
-13600.8347146852
-13600.731759569
-13600.7746267228
-13600.9484473905
-13601.2269900112
-13601.5692416193
-13601.9082178012
-13602.1849252829
-13602.388854704
-13602.5372132751
-13602.6450343346
-13602.7194831789
-13602.7636623514
-13602.7799558033
-13602.8002523337
-13602.765997963
-13602.6710137938
-13602.5674563951
-13602.4210415096
-13602.1982767763
-13601.7482577053
-13600.6462639107
-13598.772337043
-13598.0473516771
-13599.4740236957
-13600.8587008708
-13601.377687915
-13601.5222982615
-13601.5659059438
-13601.5762949753
-13601.5593516781
-13601.5031245211
-13601.4047254846
-13601.3159168726
-13601.3743469151
-13601.6992813889
-13602.188449788
-13602.5899482547
-13602.7976727679
-13602.8830585714
-13602.9340450754
-13602.9806857359
-13603.0172547965
-13603.0339764682
-13603.0250895299
-13602.981090098
-13602.8718753214
-13602.6160019613
-13602.071561161
-13601.2467615533
-13600.4867618098
-13600.04920349
-13599.936580111
-13600.033677597
-13600.2163127412
-13600.4059625765
-13600.5733795547
-13600.7184519612
-13600.8523599455
-13600.9902338346
-13601.151243415
-13601.3603610523
-13601.6436262991
-13602.0077905241
-13602.4135906006
-13602.7846820429
-13603.0617087818
-13603.2337882856
-13603.32089756
-13603.3514741034
-13603.352838148
-13603.3461562488
-13603.3375217261
-13603.3127407745
-13603.2516325627
-13603.1542837299
-13603.0420043114
-13602.9343540224
-13602.8379742336
-13602.7521217892
-13602.6756038181
-13602.6080092753
-13602.5463063896
-13602.479109869
-13602.3828784643
-13602.2303036154
-13602.018152226
-13601.7979472624
-13601.6665841963
-13601.680129904
-13601.8056274883
-13601.8888962048
-13601.9484315392
-13601.9750036999
-13602.0625833472
-13602.0977718212
-13602.1708080088
-13602.255414524
-13602.3425666662
-13602.413187369
-13602.454833494
-13602.4721612945
-13602.4754653941
-13602.4651224634
-13602.4188700457
-13602.2758601543
-13601.9393909863
-13601.3915730636
-13600.8993196309
-13600.8092105876
-13600.8672428903
-13600.8985187959
-13600.9543356218
-13601.178186088
-13601.6821649367
-13602.1887556449
-13602.4977288853
-13602.6289719084
-13602.6739739915
-13602.687734398
-13602.6904825497
-13602.6828786046
-13602.6521955272
-13602.575979374
-13602.437590816
-13602.2576083274
-13602.0972058922
-13602.0276493019
-13601.9636759481
-13601.9022971549
-13601.7925783975
-13601.7739246782
-13601.9080004673
-13602.1521114059
-13602.3944419519
-13602.5729376706
-13602.6821019713
-13602.7382053482
-13602.757778744
-13602.7499234902
-13602.7112271077
-13602.6101743317
-13602.3296347758
-13601.5475530591
-13600.0703173116
-13599.1079465751
-13599.5434444279
-13600.0696228568
-13600.3407807021
-13600.6141829387
-13600.9625598404
-13601.3581714176
-13601.6307983483
-13601.7709934173
-13601.8284104065
-13601.8414466964
-13601.8257925018
-13601.7804231245
-13601.6945570636
-13601.5588963367
-13601.3813752182
-13601.1990366429
-13601.0767950355
-13601.0937283162
-13601.3361915349
-13601.8344730333
-13602.3994898052
-13602.789089897
-13602.9922255702
-13603.0912323235
-13603.1372656985
-13603.1534657655
-13603.1491269431
-13603.1261957041
-13603.0816832402
-13603.0086519413
-13602.8968631331
-13602.7372928422
-13602.5368811598
-13602.3275278003
-13602.1423482823
-13601.9914800775
-13601.8775606362
-13601.8186024233
-13601.8461657427
-13601.9700313091
-13602.1432636704
-13602.3292127784
-13602.4366581643
-13602.4910154062
-13602.5773758738
-13602.6648149019
-13602.7453898481
-13602.8105827104
-13602.8563099609
-13602.8823291025
-13602.889709079
-13602.8775237564
-13602.837515505
-13602.7456248899
-13602.5495876461
-13602.178074098
-13601.6306543425
-13601.1010604452
-13600.8837310863
-13601.03726518
-13601.351118892
-13601.5892534963
-13601.7593577672
-13601.9425351142
-13602.1075481432
-13602.2397718404
-13602.3346168298
-13602.3997065048
-13602.4463621491
-13602.4836596098
-13602.5168672556
-13602.5478843742
-13602.5765177165
-13602.599856179
-13602.6107209902
-13602.5959567321
-13602.5362414399
-13602.4107723486
-13602.2099596043
-13601.9462769458
-13601.6712475015
-13601.2901927576
-13600.9778135727
-13600.9456417408
-13601.3996445107
-13602.1363160761
-13602.7245820174
-13603.0261614253
-13603.1481911267
-13603.1920004708
-13603.2035338604
-13603.19819249
-13603.1770829055
-13603.1327245667
-13603.0526639102
-13602.9283396001
-13602.7697588525
