# Fix print output for fix totenergy
-13596.2194065029
-13596.1763371902
-13595.9965788378
-13595.6303969318
-13595.24864012
-13595.2077482234
-13595.7062833579
-13596.4855082186
-13597.0590098024
-13597.3175603202
-13597.4195241719
-13597.4634248355
-13597.4794959663
-13597.4713939132
-13597.4315823221
-13597.3480378433
-13597.2157336878
-13597.0602753061
-13596.967221908
-13597.0759120515
-13597.4913364203
-13598.1475937598
-13598.7880195343
-13599.2119711914
-13599.4396250535
-13599.5578532205
-13599.6179460975
-13599.6425464244
-13599.643773044
-13599.6350103021
-13599.637654912
-13599.6807827914
-13599.7914802984
-13599.9808333131
-13600.2359054915
-13600.5239267685
-13600.8057369466
-13601.0504125295
-13601.2424227286
-13601.3810193405
-13601.4755604968
-13601.5382421471
-13601.579259162
-13601.6055125636
-13601.6209879017
-13601.6259886033
-13601.6118146976
-13601.5469008321
-13601.354774689
-13600.9163294723
-13600.2114861649
-13599.4939461723
-13599.1696760971
-13599.4084229047
-13599.9487709999
-13600.4359365035
-13600.742887775
-13600.9075053587
-13600.9912589637
-13601.0323093132
-13601.047244826
-13601.0379468394
-13600.9925504677
-13600.8784140274
-13600.6260055955
-13600.1256133214
-13599.3466045533
-13598.6286969928
-13598.579849059
-13599.1147195888
-13599.6076570899
-13600.194666344
-13600.6612922239
-13600.8080826599
-13600.9234676994
-13600.9849410182
-13601.0104034474
-13601.0068199162
-13600.9776534406
-13600.9230375535
-13600.8405784275
-13600.7280602444
-13600.5821651711
-13600.3890992949
-13600.1900581098
-13599.7603743067
-13599.2170975514
-13598.5307027945
-13597.8262563847
-13597.8047581125
-13598.647851565
-13599.5688278449
-13600.0946367645
-13600.2877198928
-13600.3347155304
-13600.3341531945
-13600.3107327007
-13600.2616339303
-13600.1713867022
-13600.016188378
-13599.7814684581
-13599.5118125558
-13599.3697730835
-13599.5767379462
-13600.1662718223
-13600.8714013399
-13601.411508169
-13601.730005973
-13601.898197118
-13601.98554303
-13602.0295911781
-13602.0440601407
-13602.0310920049
-13601.9909102197
-13601.9244039189
-13601.8289474269
-13601.6901138001
-13601.4661623598
-13601.0486057874
-13600.2303867539
-13599.0045374196
-13598.2187576215
-13598.5714515978
-13599.3365269415
-13599.8282177385
-13600.0479950724
-13600.1401772293
-13600.1786313798
-13600.1894443441
-13600.1833430788
-13600.1783512422
-13600.2187875911
-13600.3617518081
-13600.6048771118
-13600.8836810519
-13601.0340045796
-13601.1283852792
-13601.2459100965
-13601.3870015225
-13601.6108422798
-13601.8523998833
-13602.0677959278
-13602.2342409316
-13602.3553331755
-13602.4438556097
-13602.5095704138
-13602.5566528813
-13602.5857785376
-13602.5958562827
-13602.5807108077
-13602.513115355
-13602.2915520602
-13601.6689101107
-13600.5637278012
-13599.6296963466
-13599.4951346128
-13600.0068237771
-13600.6553750988
-13601.1332823811
-13601.4120435548
-13601.5620550545
-13601.6429143423
-13601.6861364425
-13601.7027923458
-13601.6925744965
-13601.65202319
-13601.5745401412
-13601.4414704713
-13601.2028521548
-13600.7415276506
-13599.8644269419
-13598.5990306153
-13597.8016084824
-13598.4398668748
-13599.9251823832
-13601.0161888367
-13601.5078252085
-13601.6996038094
-13601.7735866529
-13601.7955053961
-13601.7867395103
-13601.7499637643
-13601.6735840609
-13601.5340108709
-13601.311733079
-13601.0420030256
-13600.855369563
-13600.876079029
-13601.0904382323
-13601.394456478
-13601.6844689661
-13601.9052993582
-13602.0553463634
-13602.1572876279
-13602.2320023638
-13602.2897254573
-13602.331819493
-13602.3553551961
-13602.3571652676
-13602.3322425064
-13602.2639561506
-13602.0967700984
-13601.7011020402
-13601.0320212961
-13600.3698793023
-13600.0271159885
-13600.1063884034
-13600.484052976
-13600.9421992371
-13601.3312875597
-13601.6117014991
-13601.8022461433
-13601.929920666
-13602.0125840637
-13602.0598214109
-13602.0772932912
-13602.0672406252
-13602.020336723
-13601.8906737601
-13601.5443928926
-13600.7502429805
-13599.5552908856
-13598.8736735847
-13599.4556506187
-13600.6001942411
-13601.3797451726
-13601.7238568823
-13601.8654333454
-13601.9276651193
-13601.9495897955
-13601.9429237355
-13601.9128047116
-13601.8615167081
-13601.7880688192
-13601.6869086923
-13601.5435492178
-13601.3280941677
-13600.9968544696
-13600.5389241061
-13600.1053537513
-13600.0588724608
-13600.6290834407
-13601.4966511422
-13602.0845956546
-13602.3046380727
-13602.371069718
-13602.3921988749
-13602.3938489997
-13602.3760481606
-13602.3306505488
-13602.2493968364
-13602.1301676674
-13601.9814241042
-13601.8151268211
-13601.6694480154
-13601.4056058142
-13601.1277198961
-13600.850194971
-13600.6449962571
-13600.5321262235
-13600.479986118
-13600.4494070919
-13600.417332854
-13600.3743675796
-13600.3157276349
-13600.23507785
-13600.1238310892
-13599.9786344576
-13599.8215820249
-13599.7270340169
-13599.8182983443
-13600.1869282898
-13600.7720526339
-13601.3504924752
-13601.7142479148
-13601.8806248794
-13601.9001442767
-13601.8897306546
-13601.8141395076
-13601.7353519637
-13601.6332055399
-13601.530751905
-13601.4435239191
-13601.3761495494
-13601.3249829296
-13601.282149156
-13601.2388201216
-13601.1874677773
-13601.1229334417
-13601.0447914255
-13600.9644863217
-13600.9168814493
-13600.961572646
-13601.1448707155
-13601.4331226714
-13601.7182046407
-13601.9187605634
-13602.0311486623
-13602.0887322459
-13602.1205947458
-13602.1397241227
-13602.1451986788
-13602.1248171073
-13602.0522904994
-13601.8723789856
-13601.477000042
-13600.748770007
-13599.8264413644
-13599.2129717964
-13599.2106163832
-13599.6023980558
-13600.0389890903
-13600.3608949108
-13600.5661456672
-13600.6944767073
-13600.7770512795
-13600.8326620243
-13600.877489929
-13600.9337977263
-13601.0273809498
-13601.1669508412
-13601.3238549406
-13601.4468450992
-13601.507270602
-13601.5186699415
-13601.5007106254
-13601.4468202753
-13601.3686106629
-13601.3497323348
-13601.4593072184
-13601.6606307077
-13601.8690876136
-13602.0343343844
-13602.1501346962
-13602.2304102779
-13602.2926094827
-13602.3523279299
-13602.4175492675
-13602.4800725197
-13602.5266127606
-13602.5545825413
-13602.5687802659
-13602.5743094373
-13602.5742645769
-13602.5688836152
-13602.55327576
-13602.5127923376
-13602.4184438885
-13602.2389472901
-13601.9828537204
-13601.7045420325
-13601.455714571
-13601.2602127839
-13601.1203503133
-13601.0272182664
-13600.9675965865
-13600.9283473132
-13600.8984343503
-13600.8692767336
-13600.833861769
-13600.7854561996
-13600.7170175081
-13600.6247961134
-13600.5206684295
-13600.4477169623
-13600.4687772923
-13600.6063488272
-13600.805317213
-13600.9913327863
-13601.1318663782
-13601.2282919815
-13601.2913606537
-13601.329948624
-13601.3472986213
-13601.3386834081
-13601.2897258912
-13601.1783675899
-13600.9779631893
-13600.6607933239
-13600.2111167639
-13599.6729199259
-13599.2059975238
-13599.038678853
-13599.2740897865
-13599.7610596249
-13600.2306143703
-13600.5342311804
-13600.69079849
-13600.7679661907
-13600.8084173376
-13600.8277951798
-13600.8263877301
-13600.7955422475
-13600.7218928846
-13600.5951365583
-13600.4239609381
-13600.2566942272
-13600.2153429795
-13600.3403498733
-13600.7103416783
-13601.0942168558
-13601.2975019451
-13601.3687500793
-13601.447578492
-13601.4966651708
-13601.5525713896
-13601.5818521847
-13601.5834153921
-13601.5575655637
-13601.5040531574
-13601.4194092084
-13601.2925086139
-13601.1024474378
-13600.8289390163
-13600.4882526991
-13600.1512398407
-13599.8947940217
-13599.7544545305
-13599.7264231386
-13599.7852473274
-13599.8995763436
-13600.0431488121
-13600.1991816815
-13600.3595637788
-13600.5225927013
-13600.6916148484
-13600.8745482012
-13601.080822152
-13601.3087015239
-13601.5253434151
-13601.6833457394
-13601.7697222748
-13601.8071179123
-13601.8204684552
-13601.8235375731
-13601.8219033454
-13601.8156802931
-13601.8011884752
-13601.772757675
-13601.7276992212
-13601.6721905026
-13601.6171955513
-13601.565552753
-13601.5117835777
-13601.4474722497
-13601.3629304679
-13601.2472113062
-13601.0900179391
-13600.8853317376
-13600.6346315797
-13600.3514466378
-13600.0658538272
-13599.8253535881
-13599.684376641
-13599.6831793975
-13599.8269427205
-13600.0827629729
-13600.3960582058
-13600.711115377
-13600.9829833172
-13601.1850988722
-13601.3156307168
-13601.3918835485
-13601.4345265978
-13601.4572757305
-13601.4662510068
-13601.4622575863
-13601.44254503
-13601.4032773258
-13601.3453358899
-13601.3101124652
-13601.2547003019
-13601.2016463185
-13601.1323731933
-13601.0056137466
-13600.8811842234
-13600.7402630791
-13600.604630336
-13600.4994504708
-13600.4403602825
-13600.4276220181
-13600.451075309
-13600.4987031283
-13600.561956912
-13600.6372449634
-13600.7250339001
-13600.8274251531
-13600.9453455188
-13601.0752347979
-13601.2070595647
-13601.3270528148
-13601.4237623371
-13601.4914093475
-13601.5304992854
-13601.5459496154
-13601.5425310975
-13601.5192203407
-13601.4604273683
-13601.3194099612
-13601.0113808916
-13600.4994423285
-13599.9454605916
-13599.5984557185
-13599.528808913
-13599.6286949976
-13599.770941174
-13599.8903295586
-13599.9728352537
-13600.0244652684
-13600.0527247541
-13600.060166251
-13600.0431490463
-13599.9932225267
-13599.9102580164
-13599.8347408165
-13599.8456409326
-13599.9809907836
-13600.2066952785
-13600.5503889013
-13600.8109146656
-13601.0223609415
-13601.17580786
-13601.2754738845
-13601.329553318
-13601.3537405036
-13601.3561848514
-13601.3295484268
-13601.2472562947
-13601.0553698029
-13600.5939785616
-13599.9366170795
-13599.1597351251
-13598.7895282785
-13599.2459795395
-13600.1370992619
-13600.7997843816
-13601.1032213642
-13601.2176749159
-13601.2606783676
-13601.2714164078
-13601.2555212615
-13601.2099407139
-13601.1407555902
-13601.0818113637
-13601.0927461198
-13601.2058589841
-13601.364256106
-13601.4727541693
-13601.5122106528
-13601.5210693348
-13601.5033340019
-13601.3936230657
-13601.1143712462
-13600.7292043139
-13600.4712196165
-13600.5024463534
-13600.7460472978
-13601.02264035
-13601.2313068458
-13601.3659148452
-13601.4529768062
-13601.5142522503
-13601.559633887
-13601.5904662329
-13601.6046632856
-13601.6017357493
-13601.5863891724
-13601.5657160927
-13601.5386731961
-13601.4931713117
-13601.4095109808
-13601.2976888625
-13601.0868046567
-13600.7946784966
-13600.4221131139
-13600.1483271465
-13600.2989226919
-13600.7953744715
-13601.3816952923
-13601.7926012962
-13601.998268745
-13602.0838168207
-13602.1152442082
-13602.1233461103
-13602.1183182667
-13602.0978791173
-13602.0467569047
-13601.9307861527
-13601.6976136863
-13601.3275581927
-13600.9296626881
-13600.6803074062
-13600.6172499649
-13600.7231655968
-13600.8158329259
-13600.931276822
-13601.0663767881
-13601.1957693708
-13601.3525829566
-13601.498945851
-13601.5808724864
-13601.6883288733
-13601.7811410562
-13601.8677205851
-13601.9567204389
-13602.0514125641
-13602.1456189245
-13602.22659729
-13602.2839390218
-13602.316077789
-13602.3284864917
-13602.3277031729
-13602.3162160948
-13602.2877699778
-13602.2178754334
-13602.0526749629
-13601.7344105799
-13601.2934601932
-13600.8866552979
-13600.6709852255
-13600.7115245978
-13600.8791570912
-13601.0911924894
-13601.3297876233
-13601.5865482474
-13601.8727657665
-13602.1166899582
-13602.2888093061
-13602.3899680232
-13602.4404809473
-13602.4619169207
-13602.4688304923
-13602.4687331027
-13602.4632799859
-13602.4447381892
-13602.3816677232
-13602.220025351
-13601.9421869493
-13601.5894314511
-13601.2265743022
-13600.9238156873
-13600.7190448129
-13600.6302000642
-13600.5574569604
-13600.4953974997
-13600.4452236664
-13600.432815316
-13600.4410292851
-13600.5329277299
-13600.6595960805
-13600.8026805044
-13600.9357811462
-13601.0384204757
-13601.1078654243
-13601.1530565447
-13601.1827034992
-13601.1973832309
-13601.1864306684
-13601.1304585865
-13601.0212015157
-13600.9024192006
-13600.8669969713
-13600.9681915084
-13601.1023541069
-13601.1463392121
-13601.1469645511
-13601.1074537059
-13600.9261143446
-13600.7722708006
-13600.7445892628
-13600.9073980935
-13601.1433823822
-13601.3284209531
-13601.4321298081
-13601.4788263165
-13601.4971768937
-13601.5029911874
-13601.4980326137
-13601.467891788
-13601.3687815938
-13601.1028382451
-13600.5477500026
-13599.7789839435
-13599.2848915513
-13599.3948318312
-13599.8751806218
-13600.5174451893
-13601.0369589731
-13601.3852935722
-13601.5975249154
-13601.7220608036
-13601.7938930698
-13601.8340938019
-13601.8520925145
-13601.8508827031
-13601.8303722191
-13601.7894064624
-13601.7245304654
-13601.6232922153
-13601.448495795
-13601.1037103553
-13600.4035317793
-13599.2861331687
-13598.4540220986
-13598.9552803311
-13600.4456811401
-13601.5846990262
-13602.0258453162
-13602.1628420739
-13602.2071337332
-13602.213904003
-13602.1933304737
-13602.146325005
-13602.071579869
-13601.9634437637
-13601.8075076676
-13601.5792846811
-13601.2570307273
-13600.8681239761
-13600.5358699384
-13600.4214176712
-13600.5841355133
-13600.9363112448
-13601.3318348931
-13601.6671635265
-13601.910649752
-13602.0766398637
-13602.1902627503
-13602.2696354306
-13602.3241583267
-13602.3568271719
-13602.3662460822
-13602.3456572806
-13602.2730185613
-13602.0739216067
-13601.5740059572
-13600.6242994575
-13599.4500274877
-13598.7356313068
-13598.4821762381
-13599.232690633
-13600.4782965136
-13601.3188939441
-13601.6865808002
-13601.8262240511
-13601.8770533853
-13601.8911720574
-13601.8828364433
-13601.8455233037
-13601.7534745656
-13601.5613499867
-13601.2293313949
-13600.8131900534
-13600.5526605345
-13600.6994369282
-13601.1488514796
-13601.5280094885
-13601.6970849208
-13601.7853079922
-13601.8912642865
-13602.0150957239
-13602.1261110469
-13602.2019542707
-13602.2369478586
-13602.237970878
-13602.2181329823
-13602.1909485821
-13602.1665327273
-13602.1486864488
-13602.1334272716
-13602.1102205632
-13602.0639768926
-13601.9764960644
-13601.8341294894
-13601.6453562342
-13601.4557450158
-13601.3321383708
-13601.306285843
-13601.3346573948
-13601.3548044519
-13601.3789618713
-13601.2978853385
-13601.1782432178
-13601.0194960292
-13600.9573664548
-13601.0840158163
-13601.2991549541
-13601.4612455542
-13601.5362129192
-13601.5582416409
-13601.5620387316
-13601.5606010889
-13601.5396640727
-13601.4415954127
-13601.1437923637
-13600.5475600051
-13599.9122029545
-13599.7586125781
-13600.0856989928
-13600.3844062175
-13600.5050829264
-13600.7885533533
-13601.1445616874
-13601.6722649603
-13602.1187780374
-13602.3753264725
-13602.4841202469
-13602.5180262449
-13602.5213687178
-13602.5132483658
-13602.4978494116
-13602.4695999712
-13602.4147849746
-13602.3145144971
-13602.1554834546
-13601.9466056171
-13601.7203567306
-13601.5122535189
-13601.3440502591
-13601.2208143511
-13601.1694543452
-13601.0822453189
-13600.9664273143
-13600.7894468375
-13600.5558513414
-13600.5038822326
-13600.7346894809
-13601.2710196037
-13601.8020815204
-13602.0754279939
-13602.1782648796
-13602.2186398115
-13602.2381831038
-13602.2451126903
-13602.2310394006
-13602.1740573782
-13602.0433538652
-13601.8195141159
-13601.5305880886
-13601.2470674541
-13601.0282428935
-13600.7806776528
-13600.3798803614
-13599.9560391542
-13599.5981789646
-13599.4628491065
-13599.9188407696
-13600.8728034163
-13601.7170530504
-13602.1477759477
-13602.3206575372
-13602.385723149
-13602.4072441533
-13602.4072001123
-13602.3880876212
-13602.3378587683
-13602.2280665369
-13602.0155180678
-13601.6704005076
-13601.2365746016
-13600.8540031794
-13600.660908034
-13600.6675906902
-13600.7641858473
-13600.8546147983
-13600.9336697476
-13601.0580745634
-13601.3425034962
-13601.809665037
-13602.1999423009
-13602.3895770058
-13602.4617059114
-13602.4859518557
-13602.4920796243
-13602.4913586676
-13602.4854349424
-13602.4664699314
-13602.4110630481
-13602.2757735063
-13602.0233356975
-13601.6935136407
-13601.3960368051
-13601.1911225757
-13601.0662706372
-13601.0082361006
-13601.0265890845
-13601.125391346
-13601.2884283319
-13601.4929499244
-13601.7182915176
-13601.9401470306
-13602.1338572251
-13602.2855740895
-13602.3950194752
-13602.4689927969
-13602.5152533567
-13602.5416274988
-13602.5573367263
-13602.5702906059
-13602.5837786171
-13602.5972072118
-13602.6080302714
-13602.6126328846
-13602.6055179278
-13602.5758488696
-13602.4957975528
-13602.2994209371
-13601.9453784901
-13601.5703156762
-13601.3412763469
-13601.1538015893
-13601.025899806
-13600.8050902173
-13600.6832823044
-13600.8197986791
-13601.1733442257
-13601.5566328636
-13601.8205299491
-13601.9576106266
-13602.0156882952
-13602.0350005268
-13602.0378500666
-13602.0335575334
-13602.0206626004
-13601.9772239557
-13601.8263991578
-13601.4335306736
-13600.8598472367
-13600.4713065872
-13600.4520272773
-13600.6634612835
-13600.8519949578
-13600.900116882
-13600.8893625803
-13600.9103369942
-13601.0222094161
-13601.3168536104
-13601.6526966014
-13601.9068087808
-13602.0529690425
-13602.1241349391
-13602.1574267875
-13602.1751112317
-13602.1865244564
-13602.1919455763
-13602.1806025893
-13602.1150063246
-13601.8951464415
-13601.3473833412
-13600.4555446556
-13599.7184051686
-13599.6094633349
-13599.761866098
-13599.8569749986
-13600.0765835698
-13600.6826313933
-13601.4632813894
-13601.9896543255
-13602.2236637827
-13602.3031884309
-13602.3231093834
-13602.3224292929
-13602.3114394022
-13602.2849621568
-13602.2269968948
-13602.1176956546
-13601.9502019287
-13601.7505151324
-13601.5721687764
-13601.461619083
-13601.4264192639
-13601.4342304456
-13601.470482854
-13601.4718670618
-13601.4929362458
-13601.4797901012
-13601.4743547034
-13601.4165814149
-13601.4235003664
-13601.4325853464
-13601.4513392152
-13601.4977300982
-13601.5797285418
-13601.6635101188
-13601.7162173083
-13601.7367734631
-13601.7329807697
-13601.7020373893
-13601.6224014466
-13601.4538435353
-13601.1607278487
-13600.7710957396
-13600.4147340772
-13600.2475567036
-13600.35996567
-13600.7558059789
-13601.2682304126
-13601.6639754258
-13601.8867506353
-13602.0112794596
-13602.0994168001
-13602.1695454923
-13602.220036307
-13602.246732373
-13602.2469305241
-13602.2190878495
-13602.1586061059
-13602.0463295846
-13601.8333286302
-13601.4950937807
-13601.1598121624
-13600.9096625791
-13600.7069569927
-13600.5108632771
-13600.2999694572
-13600.07624952
-13599.8816333722
-13599.8076449243
-13599.9532110103
-13600.3245738866
-13600.7923834441
-13601.1963604103
-13601.4673394119
-13601.6230304371
-13601.7062754913
-13601.7497611347
-13601.7684517259
-13601.7617697592
-13601.7167004051
-13601.6085199039
-13601.3924803451
-13600.9836356425
-13600.2659931006
-13599.2582212411
-13598.1778717201
-13597.8388300737
-13598.9888850436
-13600.4300974879
-13601.167904617
-13601.4332049491
-13601.5251921182
-13601.555103601
-13601.5537692164
-13601.5235940317
-13601.4527980538
-13601.3258962482
-13601.149027618
-13600.9885212266
-13600.9462533509
-13601.0246731833
-13601.1518281996
-13601.2380409547
-13601.2483946659
-13601.2992151658
-13601.3458288473
-13601.4614591276
-13601.6207382935
-13601.7894549822
-13601.9223494295
-13602.0027496322
-13602.0411249007
-13602.0536223294
-13602.0500068499
-13602.0297537486
-13601.9776072722
-13601.8532515321
-13601.5895820054
-13601.1550100729
-13600.6581607096
-13600.3042528722
-13600.2654839439
-13600.3667458685
-13600.5198904676
-13600.6313964008
-13600.6924616336
-13600.778182959
-13600.8812648735
-13601.079472313
-13601.3232794058
-13601.5810485805
-13601.797649894
-13601.9311863077
-13601.9889052469
-13602.0079694511
-13602.0159010511
-13602.0222509285
-13602.0255605043
-13602.0167755888
-13601.9778296693
-13601.8729400908
-13601.6251001005
-13601.0675405177
-13599.971894656
-13598.6158223445
-13598.067703674
-13598.1753434303
-13598.4755000549
-13599.1883799945
-13600.0053250243
-13600.7192065158
-13601.2234931316
-13601.518958457
-13601.6617640921
-13601.7168829453
-13601.7309167774
-13601.7282509889
-13601.7127784792
-13601.6623026311
-13601.5117664377
-13601.1558785125
-13600.583068657
-13600.1236477567
-13600.232768874
-13600.7820853805
-13601.3107363242
-13601.6291510814
-13601.7784046031
-13601.8659341928
-13601.9201052021
-13601.889897009
-13601.8895333812
-13601.8677044151
-13601.8333190373
-13601.8018651223
-13601.7814452438
-13601.7647497787
-13601.743111606
-13601.7138819257
-13601.6759325219
-13601.625581533
-13601.556752762
-13601.4630990642
-13601.3407674316
-13601.1890807853
-13601.008153325
-13600.7987827543
-13600.6080246483
-13600.3883950415
-13600.2289023516
-13600.1941663069
-13600.3808737324
-13600.8307571928
-13601.4712767711
-13601.968998532
-13602.2476750851
-13602.3921709459
-13602.4668846109
-13602.5007761994
-13602.5057997747
-13602.4865226978
-13602.4439978544
-13602.3760616631
-13602.2712154179
-13602.0918309359
-13601.7726918229
-13601.3183092538
-13600.9298313061
-13600.8354501651
-13601.0129236042
-13601.2685886169
-13601.4693315171
-13601.5932201171
-13601.6613130853
-13601.6929196001
-13601.6978748865
-13601.6803759629
-13601.6416857952
-13601.5807795337
-13601.4932027947
-13601.3678015872
-13601.178720779
-13600.8665227702
-13600.3159539504
-13599.47456145
-13598.8607318211
-13599.4095053078
-13600.7026071809
-13601.5838204577
-13601.9578873243
-13602.1078798176
-13602.1733867023
-13602.2006675049
-13602.2029597239
-13602.180991882
-13602.1278943465
-13602.0277252821
-13601.8517436104
-13601.5613883326
-13601.1405606891
-13600.6628265805
-13600.3049446389
-13600.2162815554
-13600.3800031788
-13600.6551770917
-13600.9142335278
-13601.1046734097
-13601.2265691437
-13601.2959120705
-13601.3266536052
-13601.326970993
-13601.3023272129
-13601.2609885273
-13601.2159600455
-13601.1758882286
-13601.1377066779
-13601.0946078578
-13601.0376446306
-13600.9479329146
-13600.7915491161
-13600.5367964456
-13600.2147112192
-13599.9695298743
-13599.9712368318
-13600.2410453227
-13600.6339934523
-13600.990760127
-13601.2452532945
-13601.4092909553
-13601.5164501136
-13601.5920227261
-13601.6490539901
-13601.692651397
-13601.7243486973
-13601.7444376146
-13601.7511865537
-13601.7382072148
-13601.6980729369
-13601.6288990547
-13601.5587470774
-13601.4436743283
-13601.2909736068
-13601.0067439589
-13600.5903869524
-13600.1720119583
-13600.1401049533
-13600.5918639681
-13601.1501364283
-13601.5202704936
-13601.6997188553
-13601.7773132978
-13601.8120947371
-13601.8262721849
-13601.8183927348
-13601.769385856
-13601.6429055093
-13601.3890313742
-13600.9724415603
-13600.4574440074
-13600.0849283139
-13600.1294058594
-13600.4191477836
-13600.671703052
-13600.8478352509
-13601.0702691323
-13601.4001842477
-13601.7444674862
-13602.0526034722
-13602.2750822776
-13602.4023083562
-13602.4589515604
-13602.4755932322
-13602.4744863686
-13602.4663308425
-13602.4461049864
-13602.3724152073
-13602.1185308557
-13601.5542759338
-13600.9563015154
-13600.7421851077
-13600.8392838628
-13600.9179720619
-13600.9542509164
-13600.9519822392
-13601.0122093938
-13601.148429379
-13601.3647356671
-13601.6016614729
-13601.7865453376
-13601.8959419318
-13601.9483352092
-13601.9714660233
-13601.9834873342
-13601.9876680641
-13601.9656417852
-13601.8578531234
-13601.5487320092
-13600.9676384332
-13600.3728823335
-13600.1770043653
-13600.4290603057
-13600.6109783008
-13600.693205857
-13600.9733353959
-13601.3234910891
-13601.7647481214
-13602.1378851414
-13602.3636485037
-13602.4650443536
-13602.4985322723
-13602.5045582285
-13602.5031930199
-13602.4992360149
-13602.4826422081
-13602.4210942431
-13602.2615557828
-13601.9960888652
-13601.7489976268
-13601.6282578554
-13601.5945946723
-13601.5808825831
-13601.5569614043
-13601.5092761151
-13601.4107359797
-13601.271994715
-13601.207197264
-13601.2886080005
-13601.4397179707
-13601.5604017552
-13601.6211092712
-13601.639938015
-13601.6412386179
-13601.6348192
-13601.5959219818
-13601.4125866671
-13600.8474656007
-13599.912487753
-13599.391835817
-13599.6623487965
-13600.0185063877
-13600.3382637172
-13600.6763655831
-13601.0695686296
-13601.4458197143
-13601.768442931
-13602.00107662
-13602.1370281781
-13602.1967998032
-13602.208416579
-13602.19481163
-13602.1706162331
-13602.1429959094
-13602.1116665301
-13602.067595199
-13601.9923230901
-13601.8647610166
-13601.6816308259
-13601.4805254851
-13601.3271565959
-13601.2510857553
-13601.2215956948
-13601.2479370313
-13601.2215352967
-13601.1825521906
-13601.0921467243
-13600.9526420225
-13600.7771610823
-13600.7006562501
-13600.7960666984
-13601.1224533283
-13601.4863749793
-13601.7055530683
-13601.801198717
-13601.8444759789
-13601.8714476497
-13601.8900329701
-13601.8929077476
-13601.8633474775
-13601.7792906482
-13601.622827859
-13601.3936072477
-13601.1183426915
-13600.8420284464
-13600.6220719213
-13600.3951237742
-13600.0640682932
-13599.3191719753
-13598.6585080012
-13599.2864973536
-13600.6464999346
-13601.4200185671
-13601.6545810761
-13601.7075403224
-13601.7167829653
-13601.7139359355
-13601.694772346
-13601.6341806976
-13601.4927197269
-13601.24693232
-13600.954712883
-13600.7628286267
-13600.7421311967
-13600.8085227799
-13600.8168223802
-13600.795888733
-13600.6125267196
-13599.9626536572
-13599.1137650313
-13599.054718392
-13599.8899881623
-13600.6167017304
-13600.9115564462
-13600.9904030591
-13601.0071580672
-13601.0115817315
-13601.0082527989
-13600.9765061073
-13600.8699609122
-13600.6286751052
-13600.2634982004
-13600.0065819752
-13600.1850616489
-13600.7679685089
-13601.3229491356
-13601.548536161
-13601.6366264169
-13601.7112231605
-13601.6994594146
-13601.7336371407
-13601.7414786577
-13601.7274027092
-13601.7044000492
-13601.6820998889
-13601.6567187731
-13601.6205775638
-13601.5709517906
-13601.507634489
-13601.4250396312
-13601.2992552761
-13601.0667768751
-13600.6351042222
-13600.0797661926
-13599.7543815157
-13599.760501485
-13599.9195951384
-13600.1216985605
-13600.3294147921
-13600.5324436759
-13600.7325410293
-13600.9357312079
-13601.1461448986
-13601.360281169
-13601.5660159114
-13601.7463286982
-13601.8862380303
-13601.9782716405
-13602.0279311964
-13602.0485503418
-13602.0499204956
-13602.0277108358
-13601.9424079929
-13601.6575745604
-13600.9128455654
-13599.8022560187
-13599.2204974322
-13599.6275599113
-13600.4275275703
-13601.0380539165
-13601.3687384358
-13601.5232376012
-13601.5875827643
-13601.6053444082
-13601.5953621706
-13601.5643891476
-13601.5122470305
-13601.4336003855
-13601.3187812726
-13601.1575188834
-13600.9510837445
-13600.7292893429
-13600.5492015421
-13600.4539377612
-13600.427838847
-13600.4203315904
-13600.4027883391
-13600.3665570183
-13600.3044193095
-13600.2604577435
-13600.3405337931
-13600.5705519054
-13600.8617841571
-13601.1232404769
-13601.3211097524
-13601.4611401788
-13601.5601581334
-13601.6334485316
-13601.6937140838
-13601.7543918344
-13601.8310148002
-13601.9282443708
-13602.0315784385
-13602.1260988516
-13602.2071162868
-13602.274671701
-13602.3284483573
-13602.3661405029
-13602.3837877768
-13602.3771876186
-13602.3437013222
-13602.2860375924
-13602.2096863888
-13602.0972472293
-13601.8819709637
-13601.4829700549
-13600.9402148539
-13600.4784803295
-13600.327637635
-13600.546581582
-13600.9788802709
-13601.3789377432
-13601.6357540296
-13601.7696348337
-13601.828566593
-13601.8450316672
-13601.8341935913
-13601.7998950908
-13601.7386894259
-13601.6433259856
-13601.5091027614
-13601.348206461
-13601.2036453525
-13601.1332660851
-13601.1638451885
-13601.2754964497
-13601.4278960836
-13601.585221675
-13601.7264093105
-13601.8426629382
-13601.9325568825
-13601.9991336349
-13602.0464256375
-13602.0772946671
-13602.0925872499
-13602.0907313468
-13602.0658978143
-13602.0054301221
-13601.8887035305
-13601.6880491818
-13601.3745738604
-13600.9378035944
-13600.4300442336
-13599.9974063218
-13599.8146564352
-13599.9416245699
-13600.2692041545
-13600.626405483
-13600.9066159217
-13601.0912882069
-13601.2048296535
-13601.2746426927
-13601.3181922934
-13601.3435325407
-13601.3516398597
-13601.3344946332
-13601.2617506687
-13601.0407323344
-13600.4690084975
-13599.461990863
-13598.5492623049
-13598.2045934224
-13598.2509040565
-13598.4370223417
-13598.9643274175
-13599.7653729383
-13600.4826751488
-13600.9219308936
-13601.1418951569
-13601.2411938576
-13601.2782278037
-13601.279902698
-13601.2573215558
-13601.2136498918
-13601.1471521061
-13601.0518617891
-13600.9180385166
-13600.7357722772
-13600.5057604457
-13600.2547245513
-13600.035582786
-13599.8963785936
-13599.8466898306
-13599.8599830812
-13599.8997573934
-13599.9387441661
-13599.9645647272
-13599.976272249
-13599.97978345
-13599.9911301952
-13600.0393610373
-13600.1492078042
-13600.3185249448
-13600.5225135544
-13600.7305258221
-13600.9087856203
-13601.0299870073
-13601.0959138366
-13601.1283857869
-13601.1452250649
-13601.1545299002
-13601.1577013356
-13601.1509459458
-13601.1216929277
-13601.0350561697
-13600.7967347169
-13600.2201003675
-13599.290861792
-13598.6576139565
-13598.5423649589
-13598.5390570367
-13598.5488386448
-13598.7482391971
-13599.3114110316
-13599.9151654591
-13600.3405278702
-13600.5858075775
-13600.7147463777
-13600.7768405119
-13600.7992398348
-13600.7937565041
-13600.7611910464
-13600.6897747393
-13600.5452720464
-13600.2509079545
-13599.6914456298
-13598.889569379
-13598.3464473483
-13598.7058414934
-13599.7258364607
-13600.5921409713
-13601.0290790488
-13601.2030633322
-13601.2658044036
-13601.2832541856
-13601.2800122255
-13601.2726399442
-13601.2813413814
-13601.3241588845
-13601.4065701873
-13601.5190237346
-13601.6439411565
-13601.7657712861
-13601.8755844027
-13601.9704886879
-13602.0508743088
-13602.1181403596
-13602.1731168625
-13602.215035751
-13602.2408073986
-13602.2444745851
-13602.216828211
-13602.1447937146
-13602.009094097
-13601.7816108863
-13601.4303900642
-13600.9534485322
-13600.4503087542
-13600.1484938073
-13600.2484523547
-13600.6934978349
-13601.2108925535
-13601.5916586395
-13601.8104662556
-13601.9262055929
-13601.9889601453
-13602.0219700234
-13602.0309775769
-13602.0133218547
-13601.9636749705
-13601.8767575514
-13601.7466390563
-13601.5604126039
-13601.2823192919
-13600.8079700306
-13599.8144547793
-13597.6293975319
-13595.5748768573
-13598.3419863788
-13601.3563600011
-13602.1079917044
-13602.2896088711
-13602.3516450003
-13602.3733595859
-13602.3726534968
-13602.3487678294
-13602.2884003739
-13602.1677271885
-13601.9639288082
-13601.681249567
-13601.3954195314
-13601.0743442411
-13600.6919643158
-13600.2843550975
-13600.2403599644
-13600.687315093
-13601.3272678647
-13601.8099772355
-13602.0701980995
-13602.191034542
-13602.2442864153
-13602.2634266377
-13602.2578949849
-13602.2253473719
-13602.1586342647
-13602.0514662273
-13601.9036768133
-13601.7269525699
-13601.5466101399
-13601.391404151
-13601.2776093858
-13601.2085639669
-13601.1823817891
-13601.189991692
-13601.21813544
-13601.2563582714
-13601.2971365292
-13601.3367131091
-13601.3755873476
-13601.4164059503
-13601.4595695747
-13601.5001848926
-13601.5299554184
-13601.5415489065
-13601.5284169869
-13601.4800572949
-13601.3737184044
-13601.1664032081
-13600.8026590229
-13600.269133149
-13599.67104752
-13599.2517869977
-13599.2309523596
-13599.4282154371
-13599.8055562393
-13600.15555294
-13600.5667424595
-13600.8720523601
-13601.092791127
-13601.2276895141
-13601.3017994193
-13601.3336026422
-13601.3352628585
-13601.3146180166
-13601.2768333552
-13601.2247286875
-13601.1588609555
-13601.0786629896
-13600.9842569873
-13600.878963242
-13600.7729645902
-13600.687046874
-13600.6481054457
-13600.6710799905
-13600.743853783
-13600.8411948015
-13600.9521107936
-13601.0891037885
-13601.2799444181
-13601.5436568839
-13601.8527450441
-13602.1287430926
-13602.3094826602
-13602.4038598696
-13602.4517851988
-13602.4782797332
-13602.4910213886
-13602.4886755564
-13602.4656696127
-13602.4148538097
-13602.3313609917
-13602.2188533845
-13602.0939045429
-13601.9789917239
-13601.8879051833
-13601.8201478954
-13601.7696694877
-13601.7328889378
-13601.7096048947
-13601.6995471768
-13601.6987325512
-13601.6997449353
-13601.6943589904
-13601.674995338
-13601.6327079038
-13601.5512822054
-13601.3981265238
-13601.1142898813
-13600.6288765498
-13599.9634404633
-13599.3975942806
-13599.3334905961
-13599.8089235288
-13600.4492587733
-13600.9371646384
-13601.2257764121
-13601.3863172844
-13601.4781555492
-13601.5301642123
-13601.5529781261
-13601.5484695648
-13601.5155129761
-13601.4541560016
-13601.3649967829
-13601.2391084901
-13601.0316104642
-13600.641949321
-13599.7088639649
-13598.2433209683
-13596.9977149927
-13597.8918625004
-13600.0846986397
-13601.4849183903
-13602.0160799872
-13602.2201034843
-13602.3102411202
-13602.3483424757
-13602.3539289965
-13602.3311847898
-13602.2745309623
-13602.1702212308
-13602.0004987011
-13601.7536785405
-13601.4354080304
-13601.0679288623
-13600.693285753
-13600.3752965845
-13600.1642376027
-13600.0899553402
-13600.193679386
-13600.5302379957
-13601.0668138753
-13601.5747951575
-13601.859250263
-13601.9713761361
-13602.0140524944
-13602.0318693725
-13602.0327636942
-13602.0087793966
-13601.9463397575
-13601.8398493173
-13601.7107641072
-13601.6089567112
-13601.5673295682
-13601.563147899
-13601.558914635
-13601.5365214538
-13601.4790539354
-13601.3487655623
-13601.078775328
-13600.630436421
-13600.164928155
-13600.0902991103
-13600.5103905824
-13601.030957834
-13601.3679308242
-13601.5282512649
-13601.59620297
-13601.6254410831
-13601.636495326
-13601.6294627961
-13601.588643876
-13601.47860929
-13601.2357266496
-13600.7775480478
-13600.1018727317
-13599.4867020874
-13599.369761269
-13599.6588377704
-13599.9587301779
-13600.335050303
-13601.0463686066
-13601.5649055625
-13601.876826864
-13602.0273162888
-13602.101802732
-13602.1336774638
-13602.134531096
-13602.1092696708
-13602.0594929419
-13601.9817592593
-13601.8632997485
-13601.6766327054
-13601.381198393
-13600.958302446
-13600.4914049921
-13600.1924837578
-13600.2367038533
-13600.5815205085
-13601.0256927136
-13601.3918579509
-13601.6225863175
-13601.7605610328
-13601.8480586371
-13601.8978538047
-13601.9151098984
-13601.9056689624
-13601.873342887
-13601.818583611
-13601.7375347894
-13601.6206272416
-13601.4526270874
-13601.2183378863
-13600.9260913867
-13600.6486559537
-13600.5277905784
-13600.6772128772
-13601.0666990586
-13601.5463415066
-13601.9604135411
-13602.2277343604
-13602.3649761313
-13602.4281343793
-13602.4542466686
-13602.4589968022
-13602.4489636691
-13602.4275904253
-13602.3970814057
-13602.359509329
-13602.3172499825
-13602.2711936899
-13602.218365498
-13602.1496330732
-13602.049856854
-13601.9042512332
-13601.7106153847
-13601.4897727836
-13601.2817402685
-13601.1272962995
-13601.0538611537
-13601.0703905614
-13601.1658975019
-13601.3130717224
-13601.4812846496
-13601.6525959371
-13601.8248946429
-13602.0041167324
-13602.1914374825
-13602.3729001881
-13602.5246027359
-13602.6328928596
-13602.7013287878
-13602.740350918
-13602.7593689671
-13602.7641703224
-13602.7560707562
-13602.7283517134
-13602.64979532
-13602.4021066894
-13601.7176905192
-13600.748790264
-13600.301743921
-13600.4203337225
-13600.6822587631
-13600.9064457697
-13601.0960854872
-13601.2821638833
-13601.4758182083
-13601.6617878256
-13601.8157245254
-13601.9273549436
-13602.001552773
-13602.0475351946
-13602.0711751418
-13602.0707833048
-13602.0321215898
-13601.9180943937
-13601.6560939199
-13601.1623893627
-13600.4974067844
-13600.0415809877
-13600.1142634516
-13600.6153484665
-13601.031051758
-13601.3290840716
-13601.6558646507
-13601.8420129584
-13601.9989206017
-13602.1143003849
-13602.1926078639
-13602.2336488627
-13602.2421461796
-13602.2250013715
-13602.1852584922
-13602.1126773494
-13601.9561511038
-13601.5529338508
-13600.790690593
-13600.1549959499
-13599.9507375406
-13600.0560621051
-13600.3549579118
-13600.7540964014
-13601.1611340587
-13601.5094219462
-13601.7763167646
-13601.9666524159
-13602.0923852833
-13602.1659398464
-13602.2007721471
-13602.2078989272
-13602.1903444778
-13602.1354199917
